0
0
0
0
0
0
0
0
0
0
0
0
0
0
0
0
0
0
0
0
0
0
0
0
0
0
0
0
0
0
0
0
0
0
0
0
0.0179195
0.0410266
0.222801
0.397824
0.629488
0.872129
0.984668
1.0051
1.0619
1.04553
1.03601
1.08895
1.00645
1.0409
1.01802
1.03963
0.997515
0.988376
1.00133
1.06116
0.97906
1.03797
0.99639
0.997458
0.978345
1.05304
0.982432
0.984789
1.00422
1.01785
1.04055
1.01737
1.01459
1.00126
1.01468
0.997783
0.994671
0.976628
1.01116
1.00061
0.985497
1.00759
1.00243
0.964461
0.997136
0.978208
0.970129
1.00296
0.976016
0.994412
0.99176
1.02561
0.979446
0.974818
1.00659
0.972352
0.994457
0.994007
0.975977
1.00756
1.01712
0.961627
1.0033
1.0168
0.987603
1.01767
1.00019
1.01847
1.00763
1.00488
0.984874
0.991082
0.994866
0.97794
1.00187
1.00462
0.996271
0.982499
0.968144
1.01155
0.982974
0.980435
0.995551
0.993308
0.989084
0.992815
1.01207
0.975658
0.989953
0.998239
0.985627
0.988951
0.992535
1.00277
1.00767
0.987916
0.989265
0.994481
0.992945
0.997739
0.986483
0.988918
0.996676
0.971601
0.983922
0.993315
0.984321
0.977896
1.00347
0.973939
0.990443
0.997907
0.991008
0.995152
0.998045
0.981619
0.99582
0.985336
0.999959
0.983107
0.993165
0.985726
0.985285
0.99463
0.989225
1.00615
0.994257
0.976327
0.994856
0.996089
0.991337
1.00953
0.996391
0.993671
0.985539
0.994101
0.987891
0.980501
0.99471
0.997682
0.986536
0.971537
1.00202
0.99681
0.997214
0.988007
0.998593
0.992879
0.992256
0.99182
0.981956
0.976603
0.998799
0.982191
0.98446
0.980281
0.992188
1.0038
0.999234
0.991276
0.980801
0.986501
0.998751
0.982916
0.981994
0.990988
0.991947
0.989236
0.982962
0.994194
0.999751
0.973966
0.999197
0.989727
0.983219
0.982794
0.989734
0.980266
0.985676
0.990343
1.00214
1.00174
0.983504
0.986909
1.00462
0.985671
0.996562
0.98165
0.990411
0.991153
0.99673
0.996405
0.982559
0.982967
0.994152
0.987549
0.988457
0.994385
0.994967
0.994499
0.995176
0.979195
1.00311
0.998911
0.98498
0.996931
0.991872
0.987198
0.994049
0.983755
0.986987
0.987472
0.98579
0.986853
0.989959
0.979523
0.960609
0.95029
0.941454
0.93608
0.919603
0.906084
0.88825
0.881476
0.877771
0.871128
0.848682
0.831393
0.828247
0.820918
0.797318
0.799153
0.786312
0.777392
0.76619
0.757615
0.752922
0.730351
0.722452
0.719838
0.705611
0.700457
0.684535
0.677303
0.673822
0.65752
0.649932
0.636815
0.631412
0.622872
0.62333
0.607497
0.596552
0.586124
0.578489
0.564412
0.560792
0.54961
0.538291
0.527819
0.532366
0.514767
0.503799
0.500441
0.489537
0.486382
0.473432
0.466797
0.449317
0.448619
0.447178
0.438152
0.434355
0.416578
0.414456
0.409708
0.398432
0.388061
0.382158
0.371345
0.368366
0.359734
0.347712
0.34053
0.341856
0.331976
0.325655
0.318322
0.309788
0.301785
0.293464
0.287631
0.282674
0.276747
0.265913
0.262048
0.251801
0.245983
0.242896
0.235635
0.227736
0.220992
0.214635
0.208868
0.201654
0.196159
0.189453
0.182838
0.171787
0.169961
0.165899
0.155654
0.152502
0.145067
0.137843
0.132584
0.125909
0.122968
0.11512
0.111404
0.106491
0.099934
0.0978448
0.0924677
0.0874242
0.0849926
0.0821777
0.0820122
0.0748695
0.0744753
0.0688412
0.0667583
0.0645212
0.0627299
0.058696
0.0552668
0.0546121
0.0525089
0.0499451
0.0476617
0.0454581
0.0445335
0.0403269
0.0385537
0.0381178
0.0340498
0.0334233
0.0319236
0.0311791
0.0289693
0.0269551
0.0264585
0.0256238
0.0236435
0.0234181
0.0212219
0.0193835
0.0182829
0.0176151
0.0167122
0.0160206
0.0138751
0.0127533
0.0124277
0.0119316
0.0116872
0.010831
0.00917663
0.00887597
0.00832409
0.00757286
0.00691275
0.00629477
0.00542174
0.0050884
0.00495796
0.0042909
0.00389784
0.00341588
0.00324965
0.00252303
0.00213432
0.0020219
0.00177487
0.00157517
0.00124296
0.000913883
0.000843018
0.000540967
0.000604357
0.000349979
0.000217715
0.000119185
8.62768e-05
4.29382e-05
1.06849e-05
0
0
0
0
0
0
0
0
0
0
0
0
0
0
0
0
0
0
0
0
0
0
0
0
0
0
0
0
0
0
0
0
0
0
0
0
0
0
0
0
0
0
0
0
0
0
0
0
0
0
0
0
0
0
0
0
0
0
0
0
0
0
0
0
0
0
0
0
