0
0
0
0
0
0
0
0
0
0
0
0
0
0
0
0
0
0
0
0
0
0
0
0
0
0
0
0
0
0
0
0
0
0
0
0
0
0
0
0
0
0.00115514
0.013217
0.0998792
0.368703
0.818742
1.44912
2.01655
2.46623
2.71185
2.67338
2.51356
2.26354
2.13523
1.92296
1.70509
1.5306
1.42788
1.31437
1.17503
1.09846
1.01201
0.945253
0.881179
0.848807
0.846737
0.770177
0.719145
0.73222
0.695237
0.673653
0.667783
0.696043
0.666552
0.684264
0.704998
0.709803
0.737313
0.727364
0.763322
0.778859
0.812278
0.849119
0.878551
0.904688
0.923927
0.958524
1.02535
1.05108
1.04535
1.08019
1.15865
1.16628
1.18289
1.20299
1.18905
1.20427
1.21611
1.23214
1.20649
1.18122
1.15381
1.14164
1.10575
1.07813
1.06405
1.05328
1.04221
1.01954
0.946912
0.947937
0.93725
0.926007
0.921344
0.893636
0.899107
0.88579
0.861123
0.890286
0.900943
0.893998
0.913842
0.926029
0.936267
0.9467
0.937231
0.955293
0.937674
0.967715
0.983078
0.983489
1.00471
1.02099
1.03969
1.02363
1.04726
1.04766
1.05279
1.05206
1.07516
1.05306
1.07459
1.04869
1.04465
1.07369
1.04959
1.05774
1.03055
1.02673
1.02186
1.02106
1.01499
0.999327
0.993104
0.986207
0.981709
0.977894
0.982197
0.97697
0.966713
0.960419
0.97953
0.959902
0.952512
0.966699
0.965583
0.971028
0.972302
0.96507
0.968327
0.986634
0.987811
0.992637
0.979113
0.989614
1.00098
1.02447
0.998752
1.02093
1.0154
1.01425
1.01633
1.01663
1.02744
1.02522
1.0235
1.02285
1.02957
1.02517
1.01864
1.02108
1.00035
1.02005
1.01007
0.998551
1.00445
0.994351
1.00032
0.995116
0.986964
0.99491
0.979082
0.996168
0.98251
0.992191
0.999423
0.988181
0.992772
0.982448
0.989727
0.998574
0.988442
0.989382
0.990829
0.994497
0.996127
0.989917
0.997783
0.981712
1.00157
0.991072
0.993375
0.997486
1.00618
1.00399
1.01647
1.01092
1.02835
1.00919
1.01092
1.01493
1.00184
1.00811
1.00438
1.00282
1.00361
0.999622
1.00974
0.987509
1.0021
1.00225
1.00362
1.00175
0.997298
0.998242
1.00419
0.996417
1.00085
1.00042
0.994682
0.986566
0.981567
0.962855
0.944562
0.948273
0.925322
0.916761
0.913344
0.894978
0.886114
0.875924
0.869819
0.859307
0.850333
0.832029
0.825914
0.819083
0.80944
0.797875
0.775448
0.779758
0.762689
0.751153
0.745644
0.73098
0.726417
0.717477
0.698804
0.693641
0.686776
0.672356
0.665478
0.651377
0.642607
0.637803
0.629291
0.613538
0.612647
0.595763
0.592651
0.578347
0.574503
0.562187
0.552935
0.551159
0.534745
0.528315
0.524343
0.516414
0.512306
0.494604
0.48903
0.476584
0.473147
0.46262
0.459639
0.444489
0.433229
0.430697
0.421957
0.413053
0.404275
0.403383
0.388486
0.383525
0.375182
0.369637
0.364747
0.353576
0.348911
0.338138
0.331495
0.326325
0.317581
0.309694
0.302086
0.295964
0.291044
0.284684
0.276454
0.272853
0.262954
0.257649
0.251903
0.24519
0.236077
0.229634
0.222197
0.21823
0.208091
0.20253
0.195699
0.190403
0.18186
0.173145
0.170078
0.165336
0.161486
0.150962
0.145181
0.139527
0.13458
0.128935
0.121313
0.11827
0.109405
0.106318
0.10174
0.0967612
0.0949306
0.0892459
0.087063
0.081996
0.0796333
0.0766215
0.0711246
0.0697743
0.0671708
0.063774
0.0620742
0.0597105
0.0574291
0.0529346
0.0508689
0.0478882
0.046928
0.045037
0.0422859
0.0414795
0.038388
0.0372795
0.0371527
0.0325938
0.0335062
0.0318654
0.0292505
0.028753
0.0261272
0.0253207
0.0239057
0.0229485
0.0208195
0.020649
0.0190795
0.0170399
0.0159745
0.0155144
0.0143536
0.0136928
0.0124402
0.0118448
0.0111441
0.0101064
0.00943323
0.00893677
0.00832409
0.00705516
0.00678096
0.0056033
0.00574206
0.00507659
0.00492271
0.00434936
0.00392111
0.00370537
0.00299614
0.00263772
0.00233976
0.00211277
0.00187661
0.00180019
0.00111979
0.00104762
0.000931757
0.000684489
0.000615346
0.000459348
0.000370115
0.000184195
8.62768e-05
3.22036e-05
3.20546e-05
0
0
0
0
0
0
0
0
0
0
0
0
0
0
0
0
0
0
0
0
0
0
0
0
0
0
0
0
0
0
0
0
0
0
0
0
0
0
0
0
0
0
0
0
0
0
0
0
0
0
0
0
0
0
0
0
0
0
0
0
0
0
0
0
0
0
0
0
