0
0
0
0
0
0
0
0
0
0
0
0
0
0
0
0
0
0
0
0
0
0
0
0
0
0
0
0
0
0
0
0
0
0
0
0.00315721
0.0398211
0.124495
0.381177
0.826249
1.27838
1.63337
1.82835
2.00109
2.01196
1.91104
1.88432
1.88047
1.76876
1.68936
1.54667
1.47318
1.3945
1.33498
1.30475
1.28915
1.21941
1.16974
1.11537
1.05309
1.08379
1.03375
1.08174
1.00091
0.999122
1.0418
1.0212
1.00893
0.987034
0.977506
0.952907
0.990519
0.961364
0.979574
1.01439
1.00189
1.00329
1.01665
1.0656
1.01902
1.04707
1.03991
1.04018
1.0605
1.0675
1.08114
1.0717
1.06588
1.06818
1.08236
1.07023
1.06344
1.05127
1.08048
1.06858
1.07075
1.06291
1.06564
1.05573
1.05216
1.02831
1.04484
1.04487
1.03085
1.0485
1.01573
1.01346
1.0219
1.03537
1.0171
1.02745
1.01828
1.01052
1.02049
1.0168
1.0111
0.997534
1.01415
1.00363
1.02219
1.02548
1.02592
0.994834
1.01948
1.01421
1.02641
0.990932
1.02946
1.01567
1.02503
1.00962
1.02523
1.0179
1.01893
1.02077
1.00424
1.01691
1.01045
1.01085
1.01393
1.01056
1.00262
1.02459
1.01686
1.00335
1.01128
1.01334
1.01586
1.00854
1.01195
1.00094
1.00771
1.00874
1.0087
1.01963
1.02049
0.999853
1.00398
1.0101
1.00039
1.00356
1.0079
1.00287
1.00557
1.00833
1.00146
1.02152
1.00005
1.00186
1.00313
0.990763
0.993718
0.997518
1.00002
1.0081
1.00634
0.999266
1.00622
1.01584
0.997016
1.00603
0.994087
1.01404
1.0029
1.00309
0.992688
1.00087
1.00297
0.998108
1.00193
1.00325
0.998726
0.998828
1.00341
0.994449
0.997349
0.994265
1.00432
1.0018
1.00837
0.99689
0.999628
0.993855
1.00519
0.997281
1.00358
1.00988
1.00568
0.998709
0.991827
1.00371
0.99495
0.991511
0.998714
0.994641
0.991514
1.00238
0.990718
0.999422
1.00154
0.995423
0.995132
0.996682
0.996838
1.00224
0.991127
0.991495
0.994765
0.992275
0.995859
0.993977
0.996248
0.993315
0.987623
0.998537
0.993064
1.00491
0.99261
1.00102
1.00253
0.999552
0.989381
0.995447
0.999837
1.00161
0.999236
1.00012
0.994325
0.993598
0.994086
0.997029
0.982175
0.971145
0.957864
0.946031
0.928441
0.917769
0.911114
0.893797
0.888222
0.874399
0.860315
0.85283
0.833303
0.830901
0.81931
0.812538
0.793444
0.785723
0.779794
0.778607
0.75255
0.743768
0.730183
0.727196
0.719917
0.709046
0.692681
0.682671
0.684128
0.66997
0.664867
0.652989
0.644348
0.635566
0.623018
0.610517
0.601656
0.596122
0.582389
0.575856
0.568337
0.562784
0.554644
0.538115
0.536636
0.521104
0.512197
0.509471
0.497809
0.493473
0.483318
0.47649
0.468244
0.46124
0.449528
0.439879
0.438299
0.426363
0.412258
0.410653
0.399122
0.39262
0.387244
0.378939
0.37313
0.365467
0.356998
0.352772
0.342473
0.337163
0.328768
0.319706
0.31938
0.309518
0.298092
0.292039
0.287353
0.279706
0.271647
0.265525
0.260642
0.250955
0.247759
0.238386
0.232725
0.228088
0.217155
0.21276
0.207527
0.199538
0.192799
0.185547
0.181826
0.173911
0.167583
0.163226
0.153304
0.148297
0.145159
0.136807
0.128773
0.123304
0.119519
0.116197
0.109992
0.104659
0.100245
0.0944032
0.0918366
0.0891132
0.0830897
0.0809867
0.0784238
0.0737515
0.0714621
0.0675674
0.0655406
0.0629194
0.0609473
0.0563289
0.0554398
0.0545786
0.049362
0.0496093
0.04658
0.043133
0.0408759
0.040188
0.0390925
0.0362673
0.0342184
0.0335774
0.0306971
0.0297303
0.0288355
0.0270351
0.0256679
0.0246748
0.02266
0.0210742
0.0206119
0.0192759
0.0181159
0.0174958
0.01639
0.0149576
0.0142109
0.0130456
0.0123654
0.0110965
0.0110166
0.0102906
0.00937621
0.00869764
0.00761429
0.00774542
0.00664518
0.0061835
0.00582115
0.00500576
0.00476215
0.00420126
0.00366125
0.00315728
0.00291931
0.00280592
0.00235117
0.00198403
0.00178617
0.00136514
0.00127656
0.00103276
0.000746884
0.000647688
0.000417556
0.000422891
0.000261258
0.00013002
0.000107846
6.44073e-05
2.13697e-05
0
0
0
0
0
0
0
0
0
0
0
0
0
0
0
0
0
0
0
0
0
0
0
0
0
0
0
0
0
0
0
0
0
0
0
0
0
0
0
0
0
0
0
0
0
0
0
0
0
0
0
0
0
0
0
0
0
0
0
0
0
0
0
0
0
0
0
0
