0.0933969
0.145311
0.112265
0.138004
0.252096
0.102379
0.141483
0.150143
0.157405
0.159503
0.132794
0.134464
0.0974041
0.0504615
0.0943986
0.166819
0.206482
0.138593
0.112903
0.102601
0.101665
0.139103
0.130151
0.217497
0.22056
0.0935024
0.207549
0.175186
0.110856
0.172695
0.150012
0.133819
0.0578758
0.0862619
0.188803
0.0995803
0.166125
0.139874
0.146923
0.173161
0.0895278
0.159619
0.117922
0.127754
0.0907988
0.12158
0.109723
0.0815895
0.144247
0.0818746
0.141264
0.178212
0.120221
0.179929
0.0697832
0.120518
0.127285
0.1045
0.184305
0.15796
