0
0
0
0
0
0
0
0
0
0
0
0
0
0
0
0
0
0
0
0
0
0
0
0
0
0
0
0
0
0
0
0
0
0
0
0
0
0.0848826
0.322122
0.382523
0.606443
0.854802
0.81505
1.24061
1.08501
0.941745
0.754463
1.00519
1.01491
1.13671
0.998521
0.990124
1.15487
1.02869
0.937703
0.917133
0.972205
1.1553
0.883613
1.1239
1.07618
1.10459
0.99822
1.05584
0.965967
1.19637
1.07969
1.0654
0.958203
1.07086
1.1848
1.1441
1.11276
1.10478
0.974959
0.991185
0.897452
0.914189
0.987898
0.906543
0.92714
0.886557
0.923654
1.02721
1.04205
0.985159
0.999737
0.97182
1.08714
0.993446
1.0542
1.08831
1.02771
0.973981
1.07823
1.03832
1.01264
0.925003
0.766883
0.952494
1.09121
0.915327
1.01874
0.884008
1.11129
0.915156
1.01732
0.960611
0.986924
1.03203
0.964556
0.966534
1.03117
0.886442
0.931725
1.0111
0.894145
1.01156
1.01439
0.821952
0.953598
0.986481
0.938623
0.983485
1.04476
0.959967
1.01944
0.971696
1.01205
1.01784
1.01164
0.927286
1.05839
0.977849
0.998554
1.02721
1.02076
0.949142
0.898149
0.950746
0.907027
1.03336
1.02674
0.942923
1.00042
1.02619
1.02706
0.99489
0.990557
1.02898
0.973188
0.989854
0.975204
0.98618
0.988457
1.01857
1.01859
0.996072
0.978791
1.07917
1.02714
0.930561
1.02462
1.00766
0.943981
0.967472
0.935792
0.977124
0.999194
1.07192
0.999158
0.951015
1.0363
1.04025
0.99961
1.01021
0.969421
0.96358
1.00277
1.01138
1.02219
0.961435
1.00349
0.980768
0.991204
0.997891
0.987218
0.975584
1.02573
1.01382
0.922075
0.987334
1.01683
1.01697
1.02548
1.02959
0.948032
0.976198
1.00476
1.00871
1.00362
0.894707
1.01009
0.984816
1.01517
1.00814
0.960142
1.03408
1.01412
1.04435
0.964407
0.974877
0.978941
0.997724
1.03947
0.94502
0.993185
0.945383
1.01926
0.982739
0.95666
1.01941
0.969276
1.00204
0.99945
1.00547
0.995838
0.967883
0.927424
1.00472
1.00801
0.98818
1.02901
1.00781
0.967399
0.995073
1.00517
0.957222
0.959005
0.969048
0.98302
0.999456
0.989876
0.966328
0.963099
1.00808
0.956047
0.983412
0.976158
1.00798
0.977119
0.981945
0.949219
0.928743
0.963846
0.903898
0.975483
0.914515
0.875894
0.88511
0.896504
0.854749
0.901373
0.834946
0.825801
0.808867
0.813453
0.810719
0.74674
0.771887
0.743351
0.758937
0.731944
0.756921
0.722901
0.701412
0.723931
0.714589
0.699207
0.705418
0.663986
0.647729
0.645644
0.630701
0.634632
0.613597
0.610775
0.61231
0.619546
0.610051
0.572383
0.592812
0.58458
0.550118
0.518862
0.527659
0.523654
0.513845
0.492546
0.517208
0.521262
0.453904
0.479171
0.48509
0.480622
0.444654
0.437522
0.4452
0.412218
0.434065
0.408575
0.394475
0.396436
0.385004
0.374514
0.375342
0.372974
0.351287
0.375757
0.344565
0.315691
0.328358
0.319438
0.317086
0.298509
0.289543
0.31054
0.279711
0.283541
0.270828
0.265549
0.273001
0.253007
0.239329
0.239678
0.2128
0.247379
0.206094
0.216684
0.202637
0.209685
0.199588
0.184178
0.185468
0.18741
0.168661
0.160067
0.154204
0.149717
0.150164
0.135058
0.140409
0.129687
0.121631
0.111447
0.109877
0.0973647
0.099
0.095043
0.0979015
0.0900113
0.079162
0.082965
0.0659471
0.0703774
0.0807151
0.0699076
0.0712953
0.0591884
0.0629484
0.0605801
0.0611193
0.0547698
0.0470612
0.0550374
0.0448681
0.0435073
0.0457899
0.0397159
0.0372967
0.0412232
0.0418276
0.0356261
0.0289476
0.0285281
0.0283803
0.0245047
0.0251733
0.0239894
0.0243909
0.021396
0.0186909
0.0214367
0.0169596
0.0232652
0.0155166
0.0156915
0.0148572
0.0127783
0.013213
0.0116588
0.0123412
0.0105608
0.0114861
0.0111862
0.00846928
0.00770529
0.00599025
0.00667627
0.00593188
0.00472241
0.00493446
0.00467673
0.00232707
0.00370537
0.00322661
0.00160557
0.00251096
0.00340769
0.00158268
0.00157517
0.00134374
0.00200608
0.000887387
0.000883212
0.000659299
0.000218737
0.000653144
0
0
0
0
0
0
0
0
0
0
0
0
0
0
0
0
0
0
0
0
0
0
0
0
0
0
0
0
0
0
0
0
0
0
0
0
0
0
0
0
0
0
0
0
0
0
0
0
0
0
0
0
0
0
0
0
0
0
0
0
0
0
0
0
0
0
0
0
0
0
0
0
