0
0
0
0
0
0
0
0
0
0
0
0
0
0
0
0
0
0
0
0
0
0
0
0
0
0
0
0
0
0
0
0
0
0
0
0
0.0258837
0.0679061
0.252329
0.540632
0.868427
1.0427
1.13373
1.33873
1.2779
1.30691
1.27584
1.28264
1.22917
1.21573
1.22319
1.14614
1.19432
1.09634
1.10917
1.12037
1.08521
1.10957
1.06654
1.08568
1.05806
1.01832
1.01723
1.0236
1.0157
1.02635
0.990913
1.0328
1.00286
0.964875
0.977724
0.976509
0.984578
0.965825
0.941505
1.02376
0.962268
0.955261
1.00253
0.985865
0.961115
0.976011
0.954053
0.983459
0.973322
0.989514
1.00364
1.02067
1.00248
0.959668
1.02019
1.02368
1.00197
1.00038
1.00962
0.98044
0.994977
1.00843
0.992437
1.02966
0.981431
0.999779
0.996525
0.989495
1.0304
0.996662
1.0068
0.981499
0.980614
1.02097
1.02734
0.996619
0.997004
0.998663
1.02237
0.994004
0.994407
1.01752
1.01742
0.994329
0.980269
1.00086
0.999784
0.995659
0.99051
0.988429
0.989108
1.00547
0.993258
1.00091
1.00884
1.00905
0.9907
0.99809
0.99826
0.996005
1.00453
0.990391
0.98264
0.992048
1.00109
0.995733
1.0061
1.01287
1.0022
0.994237
0.984418
0.990013
1.00571
1.00061
0.98853
0.989969
0.993567
1.00082
1.0069
1.00486
1.00668
0.99682
0.979742
1.00482
1.00058
0.998701
0.99167
1.00161
1.00789
1.00282
1.00928
1.00558
1.00125
0.988178
1.00491
0.999264
0.988604
1.01134
1.00423
1.00591
0.999564
1.00517
0.992192
1.00397
1.01046
0.9868
1.01281
0.995578
0.981464
0.988332
1.00201
0.989996
1.0052
1.00622
1.00621
1.00672
1.0013
0.999972
1.00129
1.01314
1.00924
0.995035
0.999778
1.00024
0.999463
0.996885
1.01242
0.99609
0.99836
1.00123
1.00667
0.987751
1.00838
1.00639
0.993261
0.992193
0.995565
0.989519
1.00384
0.989401
1.00552
0.999605
1.01009
0.99397
0.997087
0.997133
1.00791
1.01022
0.984924
0.993944
1.00142
0.997097
0.997889
0.993895
0.999419
0.992635
1.00732
0.998229
1.00748
0.997895
1.00432
0.991598
1.00041
0.997674
1.01086
0.993225
1.01063
0.997421
0.981602
1.00747
0.997694
1.00567
1.00296
1.00691
0.987095
0.978841
0.960536
0.962425
0.940953
0.929741
0.914321
0.917755
0.902411
0.886764
0.890093
0.865028
0.853946
0.848547
0.831981
0.823167
0.812668
0.804861
0.798362
0.77353
0.766661
0.768509
0.744625
0.7438
0.731596
0.722031
0.711648
0.705013
0.695821
0.686369
0.67137
0.666642
0.660534
0.645784
0.641842
0.616233
0.616043
0.609775
0.593508
0.584573
0.579455
0.574768
0.559776
0.556461
0.541739
0.531487
0.532494
0.518401
0.508533
0.506237
0.493297
0.495136
0.484708
0.468791
0.466804
0.457813
0.441277
0.442423
0.428829
0.423238
0.421947
0.407706
0.402765
0.393371
0.378001
0.378993
0.375331
0.359155
0.353583
0.343551
0.339732
0.327203
0.326809
0.321167
0.313523
0.305916
0.296182
0.28943
0.282459
0.277645
0.270066
0.259146
0.258453
0.249202
0.242238
0.237096
0.226951
0.222139
0.213791
0.206158
0.207214
0.19538
0.18852
0.181174
0.17666
0.171239
0.164795
0.15673
0.153146
0.141587
0.138966
0.132938
0.125354
0.122926
0.116978
0.111472
0.107132
0.0994566
0.0986961
0.0941045
0.0896031
0.0851499
0.0843174
0.079799
0.0775049
0.07313
0.0691571
0.0679171
0.065244
0.0605393
0.0589762
0.0561029
0.0531448
0.0518909
0.0480017
0.0475959
0.044892
0.0424581
0.0407157
0.0405751
0.0385666
0.036451
0.0348103
0.0322121
0.0306274
0.0293977
0.0273103
0.0271342
0.023884
0.0237615
0.0221961
0.0207157
0.0188024
0.0182958
0.0180838
0.0170259
0.0154553
0.0150251
0.0135968
0.0121992
0.0117084
0.0103831
0.00980763
0.00980795
0.00812212
0.00824343
0.00799424
0.00723622
0.00607223
0.00528333
0.00544651
0.00509111
0.00470791
0.00352163
0.00339659
0.00319588
0.00301235
0.00229791
0.00231723
0.00156761
0.00162017
0.00119444
0.000891593
0.000857808
0.000485766
0.000454184
0.000349979
0.000304801
0.000274486
0.000129415
5.72509e-05
4.27394e-05
0
0
0
0
0
0
0
0
0
0
0
0
0
0
0
0
0
0
0
0
0
0
0
0
0
0
0
0
0
0
0
0
0
0
0
0
0
0
0
0
0
0
0
0
0
0
0
0
0
0
0
0
0
0
0
0
0
0
0
0
0
0
0
0
0
0
0
0
