0
0
0
0
0
0
0
0
0
0
0
0
0
0
0
0
0
0
0
0
0
0
0
0
0
0
0
0
0
0
0
0
0
0
0
0.00315721
0.0537585
0.215036
0.475129
0.933355
1.40937
1.6865
1.90105
2.01861
2.05147
1.87004
1.93768
1.9081
1.83699
1.72617
1.60544
1.49419
1.45513
1.39985
1.46416
1.32016
1.32619
1.27565
1.22078
1.20145
1.22402
1.17086
1.12045
1.16043
1.20889
1.15371
1.14987
1.13352
1.06759
1.10628
1.11355
1.08651
1.05523
1.06133
1.06242
1.07006
1.03139
1.03542
1.02858
1.02742
0.987926
1.05129
1.06746
1.02778
1.06322
1.0434
1.06142
1.01807
1.04498
1.05603
1.01339
1.04126
1.03515
1.0336
1.03189
1.06842
1.05665
1.02587
1.072
1.03609
1.02857
1.01497
1.00056
1.02255
1.01474
0.993445
1.02364
0.99814
1.01362
0.983913
0.990951
1.00718
0.972063
1.03192
1.03279
0.992612
0.97242
1.01214
1.02119
0.97046
1.01032
0.977586
1.02745
0.950354
1.01447
1.00519
1.03312
0.98736
1.00169
1.00431
1.01725
1.01357
0.994704
0.970928
1.00361
0.986903
1.00197
1.01228
1.00642
0.983256
0.999745
0.984472
1.01655
0.974418
0.98556
1.00175
1.00926
0.991781
0.980814
0.998357
0.984958
1.01412
0.992997
0.986687
0.983957
0.992404
0.985773
0.984683
1.0073
0.965305
0.987913
0.994022
1.0094
0.997537
0.988093
0.999285
0.993489
0.957695
1.00018
0.991732
1.01695
0.998362
0.990297
0.985392
1.00392
0.989931
0.988324
0.99149
0.991526
1.00731
0.980666
0.997066
0.993098
0.99412
1.01248
1.00124
0.986075
0.992335
0.976907
0.999088
0.998713
1.00252
0.98376
0.965967
0.991504
0.971913
0.991414
1.00394
0.988199
0.993113
1.00035
1.00231
0.985252
1.00201
0.999184
0.995419
0.992706
0.973828
0.989953
0.985149
0.985599
0.981904
0.985637
0.990479
0.97945
0.983661
0.986649
0.974401
0.996172
0.984886
0.983502
0.983238
0.984546
1.00706
0.987766
0.988336
0.985445
0.994944
0.981073
0.978887
0.992654
0.99167
0.985807
0.989423
1.00944
0.968241
0.974582
0.979089
0.987055
0.993882
0.98357
0.992497
0.987914
0.97881
0.9832
0.959164
0.980013
0.97893
0.984663
0.969627
0.988722
0.978296
0.955772
0.947875
0.93399
0.919014
0.917365
0.906774
0.895603
0.86768
0.862086
0.853178
0.838548
0.829674
0.823071
0.816713
0.799279
0.782416
0.791886
0.787664
0.766462
0.743337
0.753163
0.734155
0.717462
0.705501
0.696504
0.691648
0.678636
0.670529
0.663582
0.658675
0.644697
0.642929
0.619688
0.619211
0.610484
0.598013
0.586991
0.583465
0.57144
0.561392
0.551514
0.551781
0.546388
0.523467
0.51605
0.503416
0.509337
0.496493
0.481429
0.482574
0.456604
0.46617
0.449682
0.446658
0.44019
0.431777
0.42568
0.413172
0.413528
0.398616
0.390854
0.383709
0.381474
0.368946
0.363242
0.360563
0.349203
0.341018
0.335639
0.325625
0.31875
0.312448
0.302779
0.299157
0.292587
0.281973
0.276056
0.268593
0.265039
0.25993
0.253187
0.247628
0.237651
0.232772
0.220919
0.21549
0.212865
0.205916
0.19582
0.194709
0.184009
0.181253
0.174436
0.166761
0.158874
0.156082
0.147817
0.146386
0.140726
0.130136
0.127286
0.12109
0.112556
0.11079
0.10588
0.0987198
0.0959099
0.091775
0.0901031
0.0843989
0.0814813
0.0781729
0.0735518
0.0715713
0.0669454
0.066611
0.0634078
0.0604713
0.0589569
0.05642
0.0519596
0.0494
0.0477748
0.0487905
0.0435353
0.0443939
0.0405491
0.0385952
0.0370459
0.0338174
0.034076
0.0322212
0.0296585
0.0283268
0.0275678
0.0253323
0.0238576
0.0228173
0.0219178
0.0193139
0.0209977
0.0191694
0.0167714
0.0168902
0.0150082
0.0141773
0.0133045
0.0122408
0.0113611
0.0121932
0.00989768
0.00987312
0.00870575
0.00742877
0.00652542
0.0062059
0.00624708
0.00588442
0.00484047
0.00462899
0.00439613
0.00428181
0.00314956
0.00295004
0.00291296
0.00244248
0.00247626
0.00189922
0.00144015
0.00134374
0.00111449
0.000909572
0.000662409
0.000439533
0.000262484
0.000261258
8.66799e-05
6.47076e-05
8.58764e-05
4.27394e-05
0
0
0
0
0
0
0
0
0
0
0
0
0
0
0
0
0
0
0
0
0
0
0
0
0
0
0
0
0
0
0
0
0
0
0
0
0
0
0
0
0
0
0
0
0
0
0
0
0
0
0
0
0
0
0
0
0
0
0
0
0
0
0
0
0
0
0
0
