0.0747897
0.0594109
0.0525379
0.0708795
0.0619066
0.0588676
0.0591855
0.0529902
0.04944
0.0482171
0.0558418
0.0620449
0.0529294
0.054313
0.0548988
0.0568921
0.0623651
0.0783829
0.0897845
0.0525177
0.0603531
0.0641439
0.0613651
0.0570846
0.0678453
0.0486125
0.0674514
0.0617824
0.0630215
0.0640642
0.0587834
0.0574174
0.0561895
0.0642264
0.0700064
0.072113
0.055644
0.0747921
0.0664401
0.0513163
0.0618894
0.0593474
0.0570669
0.0667497
0.0652186
0.0612308
0.0729413
0.0682519
0.0680489
0.0533062
0.0620885
0.0600636
0.0552187
0.0505277
0.0612562
0.059695
0.0638769
0.082581
0.0542316
0.0661886
0.0501823
0.0505479
0.0515324
0.0530177
0.0661413
0.0522953
0.0645319
0.0529324
0.0688897
0.0551709
0.0509908
0.068219
0.0691392
0.0635123
0.0492223
0.0416245
0.0607608
0.0745073
0.0480972
0.0515927
0.0700473
0.0756445
0.0583136
0.042136
0.0595215
0.0432216
0.0653538
0.0572881
0.0585148
0.0680776
0.059418
0.0807583
0.0579984
0.0584216
0.0492203
0.0714672
0.0508849
0.0528253
0.0506824
0.0526503
0.0734988
0.0538657
0.0647553
0.0566083
0.0743766
0.0695524
0.0607257
0.0662734
0.0537758
0.0544863
0.0684461
0.0563374
0.0494494
0.057683
0.0510696
0.0416883
0.0578822
0.066493
0.063872
0.0587744
0.0605619
0.0565674
0.0641184
0.0528572
0.0668535
0.0594611
0.0560103
0.0589684
0.0663489
0.0645871
0.0584697
0.0682391
0.0636172
0.07006
0.0498533
0.0642831
0.084354
0.0668176
0.0508582
0.0547575
0.060542
0.0647855
0.0619632
0.0492935
0.0494924
0.0531478
0.0557194
0.0733611
0.0708342
0.0524634
0.0592942
0.0767193
0.053294
0.0647866
0.0583286
0.0574491
0.0461729
0.0548389
0.0619184
0.0585806
0.0527058
0.0829931
0.0547262
0.0513939
0.0556217
0.0599413
0.0590154
0.0672083
0.060683
0.0534198
0.0571885
0.0621913
0.0706894
0.0694226
0.0590825
0.0666555
0.0581536
0.0694227
0.0747425
0.0588763
0.0657996
0.0489262
0.057491
0.0588897
0.0622412
0.0782596
0.0543283
0.0515239
0.0545115
0.0593518
0.0608494
0.0589922
0.0524017
0.0545118
0.0673174
0.0686207
0.0654179
0.0556305
0.0703157
0.0710149
0.0595738
0.0560792
0.0548091
0.0672425
0.062812
0.0856299
0.0632521
0.0595532
0.0620341
0.0557094
0.0621723
0.0520174
0.0700447
0.0583082
0.0568845
0.0466675
0.052876
0.0629542
0.0606043
0.0593795
0.0620341
0.069833
0.055785
0.0641805
0.0719688
0.0629955
0.0606899
0.0727732
0.0872471
0.0635826
0.0639186
0.0496552
0.0555304
0.0507267
0.0658975
0.0584474
0.0541609
0.0555074
0.0713912
0.066512
0.0540975
0.0432085
0.0577879
0.0495045
0.0604179
0.0621709
0.0641572
0.0600609
0.0521653
0.0498211
0.0575524
0.0685175
0.0623321
0.0627972
0.0625409
0.0578776
0.0572178
0.0599971
0.0646741
0.0702006
0.0582775
0.0560848
0.059992
0.05072
0.0585404
0.0582194
0.0782518
0.0684969
0.0589974
0.0667407
0.0566001
0.0548134
0.0862108
0.0640938
0.0619449
0.0654619
0.0464305
0.0620605
0.0526506
0.0630597
0.0557311
0.0676181
0.0525627
0.0612478
0.051902
0.079695
0.058233
0.0658536
0.0630816
0.0487958
0.0623089
0.0549692
0.0619446
0.059942
0.0612126
0.0474306
0.068576
0.0614984
0.0607876
0.048444
0.0872969
0.0516345
0.0590839
0.0844574
0.0683104
0.0718651
0.0642123
0.0787516
0.056738
0.0759337
0.0646348
0.063568
0.0589257
0.0741085
0.0480404
0.0633651
0.0700837
0.0549675
0.0622147
0.0545668
0.0617436
0.0668197
0.052427
0.0558168
0.0519009
0.0612295
0.0717482
0.0529
0.0607523
0.0577472
0.0464375
0.0657939
0.0571633
0.0716944
0.0547835
0.0572632
0.0630853
0.0572219
0.0543936
0.0615905
0.0613684
0.0602789
0.0613005
0.0633433
0.0543476
0.0544058
0.057797
0.0671548
0.0608078
0.0505249
0.0579722
0.0726887
0.0530271
0.056358
0.0733134
0.0569113
0.06556
0.0644542
0.0713373
0.0533301
0.0556557
0.0671109
0.0546982
0.0653004
0.0635998
0.0538121
0.0680075
0.0583014
0.064029
0.0683366
0.0627905
0.0847536
0.0535719
0.060899
0.0694992
0.0825302
0.0641482
0.0531979
0.0733695
0.0579245
0.0740684
0.0520713
0.0601434
0.0683218
0.0490184
0.0607483
0.0638893
0.0512657
0.059781
0.0677313
0.0714486
0.0566616
0.06407
0.0694806
0.0551874
0.0519855
0.0678014
0.0604544
0.0644563
0.0548762
0.0552969
0.0624255
0.0573678
0.0533155
0.0495398
0.0547528
0.0549369
0.0753254
0.0611421
0.0469974
0.0613628
0.0563555
0.050323
0.0611417
0.0941318
0.0605462
0.0453408
0.078409
0.0453733
0.0538053
0.0575859
0.047209
0.0623984
0.0509619
0.0587099
0.0636428
0.0532433
0.0620468
0.0598314
0.0503191
0.0604828
0.058519
0.063453
0.0515056
0.0594657
0.0545647
0.0550883
0.0522229
0.0512788
0.0498528
0.0510608
0.0687566
0.0624052
0.0638869
0.0651288
0.0451611
0.0708112
0.0598524
0.0647806
0.055659
0.0521504
0.0614689
0.0579503
0.0672551
0.0745242
0.0547152
0.0540026
0.0574695
0.0609626
0.0549528
0.0491925
0.0615321
0.065102
0.0631054
0.0557592
0.0684596
0.0609923
0.0537847
0.0555478
0.0549966
0.0571125
0.0613777
0.0598435
0.0524032
0.0710695
0.063441
0.0782014
0.0539973
0.057273
0.0506248
0.0577397
0.0741607
0.0537931
0.052729
0.0579865
0.0719021
0.0507436
0.0669642
0.0575959
0.0598361
0.0580434
0.0707063
0.0549685
0.0654786
0.053123
0.0697776
0.0481815
0.0527563
0.0594417
0.07929
