0
0
0
0
0
0
0
0
0
0
0
0
0
0
0
0
0
0
0
0
0
0
0
0
0
0
0
0
0
0
0
0
0
0
0
0
0.00447987
0.0268795
0.128849
0.323869
0.562779
0.821303
0.925191
1.07239
1.03176
1.09262
1.00104
1.029
1.00814
1.07906
1.01256
1.04938
1.02567
1.05649
0.972532
1.03404
1.01521
1.06444
0.998134
1.04129
1.04737
1.00622
1.00077
1.02229
1.00805
0.99837
0.992863
1.00558
0.995513
0.99755
0.990265
1.03008
1.00565
1.02229
1.0169
0.999561
0.97258
1.00958
0.982087
0.981773
0.973497
0.986894
1.0017
1.00838
0.974065
0.988153
0.985379
0.988709
0.996973
0.984505
1.01023
0.990174
0.99841
1.00675
0.984443
1.00473
0.995546
0.974392
0.990797
1.00454
0.996466
0.990832
0.994505
0.973895
0.991599
0.984687
0.974525
0.985056
0.996218
0.973792
1.00122
0.981257
1.00334
0.975241
0.995458
1.00141
0.977403
0.986055
0.989884
0.980212
1.01402
0.993758
1.01048
1.00214
0.988542
1.00203
1.00515
0.990175
1.01037
0.981892
0.993419
0.995739
0.996064
0.991802
0.979968
0.983544
0.987551
1.00407
1.00954
0.998079
0.999745
0.977417
0.983831
0.985432
0.992039
0.987753
1.01139
0.982362
0.999308
1.00913
0.993829
1.01248
0.997188
0.993695
1.00496
0.987879
0.982118
0.997034
0.999064
0.997133
0.997103
0.980064
0.987175
0.98563
1.00272
0.997978
0.997795
0.989462
0.996812
0.990278
0.988961
1.00066
0.994576
0.992661
0.993208
0.991287
0.994391
0.997236
0.988092
0.996748
0.990864
0.991631
1.0026
0.999319
1.00745
0.989508
0.989449
0.988317
0.991744
1.00496
0.996521
0.999106
0.979626
0.994977
0.989137
0.975401
0.97637
0.983134
0.993854
0.980266
1.00367
0.984472
0.976276
0.985825
0.993713
0.9827
0.981649
1.00169
0.987848
0.994441
0.985105
0.995291
0.979293
0.992138
0.986368
0.994627
0.994076
0.991139
0.993838
0.999957
0.990785
0.998282
1.00002
0.986031
0.999687
0.988806
0.984709
0.992023
1.00153
0.987688
0.982694
0.989628
0.988862
0.989788
0.994605
0.986463
0.998555
1.00364
0.988978
0.985141
0.984739
0.988813
0.996947
0.991225
0.991486
0.994252
0.98332
0.994747
1.00022
0.994619
0.991005
0.980812
0.963105
0.93803
0.936724
0.930473
0.920208
0.909834
0.895038
0.881653
0.866806
0.860858
0.850328
0.848155
0.825431
0.809742
0.804097
0.801989
0.795502
0.772845
0.760236
0.759369
0.733016
0.733463
0.72166
0.711687
0.700823
0.701646
0.687357
0.680817
0.664618
0.659152
0.656787
0.642681
0.631191
0.624531
0.615598
0.599409
0.59421
0.586456
0.574599
0.569422
0.561164
0.549494
0.540447
0.540418
0.530533
0.517644
0.510274
0.494031
0.491542
0.482596
0.474802
0.469173
0.457084
0.450345
0.447517
0.431546
0.430216
0.420005
0.415158
0.397202
0.397414
0.387838
0.38087
0.374842
0.363302
0.356873
0.347379
0.349534
0.336007
0.329513
0.321466
0.316269
0.306123
0.303963
0.292456
0.289152
0.279245
0.272697
0.265585
0.259532
0.256228
0.245428
0.239927
0.232913
0.226225
0.222284
0.214965
0.206814
0.200556
0.19621
0.189911
0.184389
0.179129
0.166561
0.164358
0.158669
0.150176
0.146972
0.139835
0.134178
0.124003
0.121488
0.117843
0.110507
0.106506
0.0999651
0.096529
0.0943765
0.086965
0.0850078
0.0825259
0.0779621
0.0756332
0.0726734
0.0694336
0.0637238
0.063525
0.0601799
0.0582323
0.0567948
0.0520456
0.0503697
0.0504415
0.046928
0.0451914
0.0431933
0.0407296
0.0391892
0.0367986
0.0346513
0.0346199
0.0312066
0.0301698
0.0302545
0.0280472
0.0255708
0.0249648
0.0237746
0.0216699
0.0211959
0.0198096
0.0192465
0.0176407
0.0164705
0.015565
0.0149957
0.0132168
0.0120538
0.0121301
0.0111688
0.010745
0.00906665
0.00914347
0.00807001
0.00734411
0.00693671
0.00646168
0.00600306
0.00551342
0.00444102
0.00448966
0.0038513
0.00345062
0.00290395
0.00289002
0.00206584
0.00210141
0.00160529
0.00137264
0.00118697
0.00100304
0.00104268
0.00072865
0.000450521
0.000437474
0.000348344
0.000162525
3.23538e-05
7.51418e-05
3.20546e-05
0
0
0
0
0
0
0
0
0
0
0
0
0
0
0
0
0
0
0
0
0
0
0
0
0
0
0
0
0
0
0
0
0
0
0
0
0
0
0
0
0
0
0
0
0
0
0
0
0
0
0
0
0
0
0
0
0
0
0
0
0
0
0
0
0
0
0
0
