0.0537778
0.0492849
0.0481213
0.0459442
0.0464488
0.0467273
0.0474767
0.0504639
0.050685
0.0483405
0.050004
0.0464778
0.0482425
0.0511481
0.056761
0.0510652
0.0459984
0.0543757
0.0489383
0.0473296
0.0571797
0.0467892
0.0467968
0.0584051
0.045
0.050053
0.0478347
0.0506176
0.0500025
0.0802801
0.051359
0.0503134
0.047458
0.0538713
0.0564983
0.0527515
0.0455042
0.0477991
0.046224
0.0573682
0.0457104
0.0522224
0.0478545
0.0570107
0.0617104
0.0509831
0.0535375
0.0461148
0.0523958
0.0528798
0.0465382
0.0507495
0.0542983
0.0553246
0.0456386
0.0560887
0.0460583
0.0488356
0.0541707
0.0597616
0.0560262
0.0541118
0.0498977
0.0482874
0.0455488
0.0485598
0.051094
0.0498834
0.0467567
0.0516435
0.0503907
0.0491093
0.0517075
0.0505919
0.0522237
0.0502532
0.0594818
0.0510943
0.045
0.0503894
0.0551077
0.0459891
0.0519791
0.048422
0.0485754
0.0475347
0.0499564
0.0480355
0.0645001
0.0505892
0.056047
0.0536338
0.0515687
0.0491026
0.048118
0.0555375
0.0472516
0.047027
0.0482602
0.0464426
0.0525234
0.0488585
0.0527062
0.0509838
0.0599948
0.0574796
0.0495369
0.0472646
0.0526371
0.0509769
0.0531518
0.0487613
0.0502703
0.0479257
0.0526616
0.0541549
0.0469231
0.0539521
0.0478268
0.0546717
0.0476232
0.0541175
0.0463156
0.0468537
0.0476636
0.0501525
0.0503348
0.0652834
0.0548632
0.0472671
0.0542449
0.0457403
0.0472114
0.0581132
0.05907
0.047369
0.051558
0.0514323
0.0529682
0.04975
0.0512728
0.0491196
0.0480273
0.0497091
0.0523133
0.0525567
0.0513429
0.0467464
0.0492924
0.0465037
0.0489864
0.0590856
0.0477078
0.0457246
0.0472078
0.051799
0.0492742
0.0509653
0.0470725
0.0484007
0.0566935
0.0515986
0.0478723
0.0549705
0.0464015
0.0475868
0.0524084
0.0503471
0.045
0.0463829
0.0509554
0.0514927
0.0525388
0.0523012
0.0478347
0.0494462
0.0468876
0.0517573
0.0533196
0.0467765
0.0528887
0.0476891
0.0467817
0.0571994
0.0504754
0.0481055
0.0460368
0.046354
0.0476959
0.0480752
0.0458096
0.0461054
0.0463122
0.0463892
0.0518094
0.052415
0.0476542
0.0471525
0.0466677
0.0482738
0.0477086
0.0525514
0.0484248
0.0477294
0.0489445
0.0498263
0.0586739
0.0476887
0.0487381
0.0539921
0.0578375
0.052437
0.0578779
0.0460754
0.0460803
0.0516483
0.0532788
0.0584738
0.0475665
0.0563064
0.0533968
0.0468575
0.0471902
0.055612
0.0508078
0.0460005
0.0495433
0.0523472
0.0539205
0.047303
0.0467887
0.0479372
0.0492443
0.0488898
0.0474036
0.052682
0.0607268
0.046448
0.0473181
0.0459877
0.0499188
0.0565374
0.0472329
0.0461542
0.0496729
0.0474279
0.046772
0.0456765
0.0499618
0.0523125
0.0470263
0.0530638
0.0485337
0.047774
0.0627423
0.0496891
0.0517967
0.0491091
0.0494659
0.0462496
0.0566957
0.0455077
0.0485308
0.0473681
0.0577059
0.0508617
0.0467086
0.0458614
0.0474024
0.0455761
0.0483676
0.0468637
0.0476553
0.0462718
0.0580825
0.0500485
0.0502946
0.0501859
0.0470477
0.0488192
0.0490892
0.0484572
0.051074
0.0466838
0.0487454
0.0547997
0.0482288
0.0523547
0.0480208
0.0728834
0.0461699
0.0470457
0.0528191
0.0477826
0.0653764
0.0557014
0.048398
0.0553126
0.0507547
0.046919
0.0468121
0.0488947
0.0453589
0.0466582
0.0506494
0.0543586
0.0496087
0.0529581
0.06564
0.0484618
0.0587871
0.0468653
0.0542245
0.0532823
0.0497842
0.046727
0.0455537
0.0467839
0.0507078
0.0470422
0.0538307
0.0551164
0.0471397
0.0522034
0.045313
0.0583509
0.0452524
0.045
0.0484701
0.0518596
0.0589178
0.0480958
0.0722832
0.0509393
0.0472741
0.047953
0.0475676
0.045
0.0553047
0.0481541
0.0482839
0.0486568
0.0481547
0.0456478
0.0483409
0.0472334
0.0460431
0.0482172
0.0468436
0.0521946
0.0480175
0.046837
0.0459124
0.0465802
0.046382
0.0463617
0.0500298
0.0546918
0.0457125
0.0499222
0.045016
0.0467992
0.0452411
0.0490608
0.0591222
0.0461684
0.049803
0.0523865
0.0556866
0.0450534
0.047875
0.0518046
0.0454136
0.0462749
0.0554517
0.0482822
0.0525816
0.0535965
0.0493254
0.0474975
0.0510602
0.0528769
0.0533956
0.0512966
0.0495505
0.0492355
0.0647794
0.0542394
0.0483917
0.0509734
0.045
0.0495877
0.0454273
0.0521775
0.0499643
0.0486606
0.0486051
0.050069
0.0534581
0.0552192
0.046122
0.051492
0.0461604
0.0456522
0.0453943
0.0485703
0.0478215
0.0488377
0.0551808
0.0519963
0.0491669
0.0501157
0.049909
0.0509233
0.0489939
0.0460843
0.0604154
0.0484729
0.0454762
0.0484234
0.0530082
0.0514673
0.0514913
0.0508661
0.066159
0.0464422
0.0482391
0.050225
0.0549549
0.057567
0.0499302
0.0464187
0.0557411
0.045
0.0473493
0.0544067
0.0502862
0.051753
0.0516567
0.0503066
0.0474841
0.0481296
0.0532635
0.0491206
0.0485775
0.0573722
0.0467119
0.0494815
0.0483937
0.0579195
0.0494816
0.0489393
0.0549162
0.0532891
0.0470436
0.0456553
0.0568753
0.0501383
0.0493705
0.0543869
0.0505164
0.0533102
0.0518497
0.0466211
0.0505243
0.047751
0.045682
0.0513767
0.0662196
0.048819
0.0493687
0.0521293
0.0503225
0.0487856
0.0542981
0.045
0.0484961
0.0452028
0.0542103
0.0451778
0.0456353
0.0511839
0.0472674
0.0561418
0.0582996
0.0483575
0.0460632
0.0453504
0.0508371
0.0486888
0.0484334
0.051353
0.0541692
0.046649
0.0505796
0.0455786
0.0487989
0.048652
0.0490594
0.05678
0.0486076
0.046509
0.0477597
0.0525216
0.0452491
0.0547182
0.0500657
0.0513373
0.0493284
0.0501126
0.0519382
0.0480948
0.0495322
0.0472192
0.0522577
0.0467549
0.0517933
0.0540348
0.0458548
0.0563618
0.045951
0.0450494
0.0476446
0.0490448
0.0536603
0.0473503
0.051591
0.0473495
0.0471755
0.0495587
0.0605713
0.0466596
0.0455945
0.0488537
0.0519259
0.0501252
0.050435
0.053449
0.0453804
0.0473008
0.0494625
0.0469329
0.051146
0.0464399
0.0496012
0.0504437
0.0562528
0.0465763
0.0481363
0.053196
0.0636586
0.0603334
0.0475653
0.0521467
0.0578271
0.0493343
0.05321
0.045
0.0497589
0.0470642
0.0506392
0.0479325
0.0512764
0.0511471
0.0463777
0.049547
0.0471565
0.0507106
0.0552688
0.0507793
0.0456654
0.0501802
0.0566526
0.046358
0.0535977
0.0536012
0.0531903
0.0487635
0.0532272
0.0498625
0.0496207
0.0515266
0.050286
0.0468525
0.0535699
0.0485713
0.0544414
0.0541215
0.0556242
0.0590142
0.0535624
0.0502507
0.0486394
0.0598367
0.045
0.0463117
0.0463201
0.0583374
0.0458396
0.0454266
0.0473728
0.0460387
0.050784
0.0472685
0.0457459
0.0491811
0.0480019
0.0542014
0.0490306
0.0631348
0.0470292
0.0499114
0.05558
0.0540387
0.0554445
0.0490765
0.06227
0.0453671
0.0610093
0.0479201
0.0485153
0.0504321
0.0472628
0.0505446
0.0462315
0.0521953
0.0523745
0.0511172
0.0569571
0.0466183
0.0521034
0.0454612
0.0458371
0.0507111
0.0471647
0.0517063
0.0535043
0.0493541
0.0514788
0.0522969
0.045
0.0454569
0.04564
0.0523536
0.0489534
0.0590012
0.0467916
0.0500028
0.0547122
0.0463119
0.046956
0.0480619
0.0514364
0.0587141
0.049221
0.0547889
0.0497459
0.045
0.0468053
0.0476338
0.0559719
0.0535967
0.0636428
0.0514126
0.0476337
0.049858
0.0490245
0.0502136
0.045
0.0500229
0.0576638
0.065703
0.0450759
0.0540591
0.0481732
0.0496453
0.0481106
0.0464655
0.045
0.0460627
0.0467532
0.0506148
0.0528231
0.050213
0.0489532
0.051705
0.0477541
0.045683
0.0478859
0.0516203
0.0466989
0.0511503
0.0495398
0.0579716
0.0469605
0.0517414
0.0518664
0.04717
0.0512447
0.0462595
0.0511523
0.0458545
0.0490793
0.0501274
0.0565452
0.0513089
0.0485613
0.0474874
0.0509528
0.0483429
0.045
0.0558733
0.0476994
0.0507851
0.0473931
0.0476381
0.0516643
0.0498265
0.065867
0.0470037
0.047254
0.0549833
0.0471121
0.0466715
0.0464908
0.0454667
0.0476344
0.0521549
0.0537909
0.0508692
0.0510172
0.0481961
0.0484229
0.0465738
0.0515703
0.0502118
0.048454
0.0496053
0.0547352
0.0606908
0.0510725
0.045
0.0516792
0.049067
0.0515899
0.0515568
0.0495721
0.0488165
0.0573676
0.0453129
0.0557293
0.0472279
0.0452418
0.0531966
0.0460698
0.0464323
0.0473788
0.0498589
0.0528979
0.0457961
0.045
0.0479051
0.0488934
0.0498911
0.0546933
0.0452291
0.0463382
0.0540439
0.0462874
0.0486953
0.0477015
0.0528357
0.0538931
0.057592
0.0467144
0.0504364
0.0457829
0.0510778
0.0451404
0.0617537
0.0506351
0.0514092
0.0469479
0.0462693
0.0493226
0.0498235
0.0485571
0.0462691
0.0464867
0.0508853
0.053424
0.0473989
0.048887
0.0487986
0.0510754
0.0507431
0.0471102
0.0474793
0.0540558
0.0536406
0.0533659
0.0559528
0.0490897
0.0468889
0.0476725
0.0607148
0.0490367
0.05654
0.0482645
0.0541104
0.0562156
0.055119
0.0489675
0.0464585
0.0472619
0.0547133
0.0484086
0.0479381
0.050522
0.0566544
0.0526751
0.0638033
0.0464692
0.0540695
0.0526241
0.0473752
0.0536371
0.0453503
0.0527309
0.0492412
0.0455728
0.0531294
0.0539098
0.0544241
0.0470547
0.0460365
0.0514155
0.0538892
0.0488604
0.0538914
0.0549371
0.0466313
0.0463789
0.0450023
0.0490704
0.0502612
0.052942
0.0550049
0.0500121
0.0547586
0.0552574
0.0507546
0.0631884
0.0456997
0.0493146
0.0490545
0.0483909
0.0560889
0.0507409
0.0485191
0.0518869
0.0580154
0.0474362
0.0482363
0.0473609
0.0507343
0.0451051
0.050511
0.0472157
0.0617019
0.0543843
0.0469068
0.0578847
0.0461767
0.0527994
0.0468713
0.052364
0.0476706
0.0501016
0.0492744
0.0623031
0.0616015
0.0518733
0.0462154
0.049507
0.0513381
0.0456006
0.0506418
0.0497261
0.0451745
0.0456754
0.0502345
0.0479146
0.050353
0.0489576
0.0521884
0.0487281
0.04838
0.0517623
0.0505228
0.0477557
0.0543362
0.054852
0.0549039
0.0467763
0.0482738
0.0489961
0.0549534
0.0466241
0.0525405
0.0528833
0.045517
0.0494442
0.050622
0.0478753
0.0506315
0.0481541
0.0510781
0.0606984
0.0547335
0.0467463
0.0499495
0.0595161
0.0485923
0.0495076
0.06194
0.0478901
0.0475556
0.0494377
0.0631667
0.0491923
0.0543747
0.0484504
0.0540896
0.0479439
0.0529418
0.0557036
0.0532821
0.0549324
0.0493812
0.0515991
0.05004
0.0484834
0.04827
0.0469361
0.0477079
0.0474781
0.0548845
0.051381
0.0505704
0.0496749
0.046454
0.0472079
0.0486367
0.050787
0.0511943
0.0464797
0.0497299
0.0465468
0.0521045
0.05413
0.0498052
0.0500038
0.050974
0.0455151
0.0502572
0.0548739
0.0522383
0.0468328
0.0468723
0.0477139
0.0620293
0.0499297
0.0464602
0.0509654
0.0469163
0.0496296
0.0480423
0.0493851
0.0503881
0.0560666
0.0546384
0.0526615
0.0537731
0.0493343
0.0515596
0.0545654
0.0472902
0.0463688
0.0549681
0.0471729
0.0466897
0.0517568
0.0508743
0.0525252
0.0476024
0.0488097
0.0475536
0.0482695
0.0535003
