0
0
0
0
0
0
0
0
0
0
0
0
0
0
0
0
0
0
0
0
0
0
0
0
0
0
0
0
0
0
0
0
0
0
0
0
0
0
0
0
0
0
0.00550709
0.0420544
0.242118
0.615978
1.19978
1.97158
2.46708
2.76463
2.8333
2.68609
2.51039
2.19292
1.91693
1.74837
1.55366
1.43811
1.30914
1.19189
1.11857
1.03673
0.933539
0.863911
0.8402
0.805003
0.771077
0.750583
0.691517
0.682881
0.689263
0.672453
0.671819
0.657714
0.667417
0.700809
0.690086
0.670736
0.714128
0.734048
0.742326
0.799998
0.864026
0.862287
0.890479
0.945154
0.980859
1.01859
1.04447
1.04759
1.08893
1.13893
1.15652
1.18516
1.20454
1.24598
1.23866
1.22511
1.23952
1.20669
1.21156
1.18548
1.13766
1.13825
1.10273
1.06655
1.03311
0.997451
0.999091
0.966325
0.951358
0.952613
0.916261
0.903738
0.890601
0.896423
0.896491
0.881584
0.877819
0.885618
0.890847
0.890663
0.889306
0.916832
0.91718
0.937862
0.959644
0.977448
0.951571
0.976079
0.98933
0.989757
1.00955
1.01803
1.04804
1.06069
1.06368
1.07005
1.05112
1.06637
1.07392
1.05303
1.07436
1.06832
1.05673
1.05757
1.05681
1.03961
1.04243
1.03743
1.01983
1.01638
0.997958
1.00298
0.98329
0.96007
0.980656
0.985806
0.970239
0.964289
0.964744
0.948257
0.968491
0.949833
0.966184
0.970305
0.949642
0.966488
0.97502
0.97816
0.968294
0.980709
0.984347
1.00786
0.981121
0.999555
1.00352
1.02186
1.00458
1.02521
1.00827
1.02056
1.02368
1.01639
1.02259
1.04299
1.02703
1.02357
1.01935
1.02502
1.01889
1.01587
1.01093
1.01432
1.01464
1.00772
1.0113
0.983644
0.989865
0.991113
1.0056
0.988049
1.00005
0.992503
0.984342
0.982464
0.97885
0.975445
0.975309
0.985738
0.979223
0.972209
0.999207
0.985984
0.995837
0.989572
0.991912
0.992358
1.0178
1.00371
0.998069
0.998322
1.01963
1.00965
0.998305
1.00579
1.00918
1.01086
1.00451
1.00786
1.01639
1.00826
1.00679
1.01088
1.00806
1.00946
1.00517
1.01588
1.00363
1.00047
1.00414
1.00884
0.994173
1.00129
1.00047
0.985703
0.996089
0.991954
0.991396
0.984743
0.974487
0.969647
0.968503
0.952426
0.943666
0.92965
0.920117
0.911724
0.896288
0.885996
0.879676
0.871303
0.855698
0.844115
0.846958
0.824051
0.819027
0.804074
0.79735
0.785966
0.775271
0.764794
0.754074
0.7495
0.741066
0.722433
0.713886
0.703118
0.699771
0.683338
0.672583
0.66111
0.650854
0.648696
0.640113
0.637858
0.611115
0.61231
0.593134
0.593577
0.574811
0.572958
0.558374
0.552127
0.54453
0.537274
0.521685
0.519105
0.508868
0.505542
0.495265
0.491131
0.478345
0.472196
0.463521
0.453287
0.448957
0.441371
0.431804
0.421708
0.418769
0.410938
0.402873
0.39387
0.390203
0.376721
0.366718
0.362635
0.352831
0.347059
0.337034
0.334093
0.326573
0.315946
0.308504
0.304076
0.297289
0.294438
0.280941
0.279532
0.269392
0.265108
0.257613
0.247718
0.238487
0.23302
0.225241
0.221393
0.217101
0.209576
0.201963
0.193856
0.188995
0.184423
0.175391
0.172577
0.165468
0.159361
0.152731
0.146141
0.139673
0.134339
0.127958
0.122618
0.114265
0.109546
0.105317
0.101382
0.100074
0.0941302
0.0911135
0.0868347
0.0835857
0.0794225
0.0775798
0.0742072
0.0708258
0.065462
0.063525
0.062249
0.0594352
0.057011
0.0548701
0.0503697
0.0487252
0.0460815
0.0449809
0.0423697
0.0408963
0.0391201
0.0372108
0.0358268
0.0340624
0.0312337
0.0309234
0.0292371
0.0283801
0.0258755
0.0247671
0.0234468
0.0228441
0.0217671
0.0197838
0.0190924
0.0174106
0.0169411
0.0153878
0.0150209
0.0138432
0.0126521
0.0117084
0.0106505
0.0104994
0.00965317
0.00842609
0.00855397
0.00763305
0.00630174
0.0065809
0.00596747
0.00502937
0.00468774
0.00455981
0.00375822
0.00347378
0.00296156
0.00263772
0.0020316
0.00213549
0.00188792
0.00154141
0.00128775
0.00122594
0.00089848
0.00078385
0.000549416
0.000328105
0.000250372
7.58449e-05
6.47076e-05
4.29382e-05
2.13697e-05
0
0
0
0
0
0
0
0
0
0
0
0
0
0
0
0
0
0
0
0
0
0
0
0
0
0
0
0
0
0
0
0
0
0
0
0
0
0
0
0
0
0
0
0
0
0
0
0
0
0
0
0
0
0
0
0
0
0
0
0
0
0
0
0
0
0
0
0
