0.847929
0.810269
0.779787
0.896338
0.930052
0.90578
0.820361
0.864496
0.922718
0.832437
0.857518
0.888459
0.863349
0.860048
0.864705
0.856455
0.854722
0.841165
0.909635
0.823748
0.844129
0.909616
0.841049
0.915068
0.892113
0.867281
0.885686
0.855526
0.882934
0.820994
0.889168
0.901211
0.847671
0.88289
0.795558
0.864745
0.902807
0.925299
0.850375
0.851816
0.921258
0.896721
0.894925
0.916719
0.909234
0.959028
0.892645
0.871435
0.809426
0.861114
0.835307
0.860466
0.885386
0.885052
0.893941
0.793744
0.81427
0.847057
0.93524
0.944336
