0.884366
0.874312
0.878627
0.903928
0.905783
0.842617
0.871249
0.868123
0.967653
0.877157
0.83896
0.922575
0.883796
0.889958
0.831056
0.89361
0.919678
0.830313
0.806421
0.872198
0.916628
0.898503
0.931135
0.95409
0.824368
0.8916
0.912373
0.857435
0.942198
0.894212
0.892199
0.877113
0.83656
0.958122
0.971678
0.963655
0.948362
0.849248
0.851511
0.861571
0.90351
0.84142
0.895123
0.897202
0.996918
0.865377
0.885071
0.876034
0.924042
0.879009
0.932218
0.955757
0.940292
0.876006
0.899315
0.846327
0.905281
0.946548
0.97586
0.923936
