0.0499235
0.0470118
0.0685584
0.0478778
0.0443347
0.0474266
0.0458749
0.0546928
0.0462375
0.0568362
0.0610403
0.0522174
0.0541718
0.0612858
0.0565585
0.0493348
0.0613118
0.0459964
0.0575581
0.0516288
0.0489896
0.0451533
0.0638879
0.0502543
0.0623313
0.0557749
0.0530786
0.0503308
0.0649692
0.0540881
0.0466083
0.0455755
0.0556326
0.0669497
0.0712426
0.0493849
0.061291
0.0503055
0.0627277
0.0682445
0.0595073
0.0458818
0.0481096
0.0659617
0.0698326
0.0544204
0.0465399
0.0396521
0.0455908
0.0507365
0.0532253
0.0547725
0.0631346
0.062869
0.0691395
0.0491311
0.0503666
0.0737805
0.0393969
0.0597169
0.0467909
0.051855
0.077807
0.0576733
0.0482598
0.049416
0.0648747
0.0492084
0.0586647
0.0422693
0.0475554
0.049692
0.0536133
0.0790393
0.0585254
0.0601109
0.0681088
0.0726735
0.0565513
0.0513758
0.058656
0.0471942
0.0548502
0.0509279
0.0477935
0.049277
0.0580036
0.0595356
0.074463
0.0585362
0.0486807
0.0644373
0.0458966
0.0648607
0.0454523
0.0633717
0.0576463
0.0524744
0.0532123
0.0531409
0.0571754
0.0573749
0.0545681
0.0421855
0.0636761
0.0530749
0.0566787
0.0598406
0.0559927
0.0454183
0.0433008
0.0630459
0.0560993
0.0444459
0.0657492
0.0827797
0.0429618
0.0498318
0.0539728
0.0500481
0.0600191
0.0440474
0.0511366
0.0379679
0.0445178
0.053939
0.0601697
0.0725972
0.0454083
0.0423404
0.0486948
0.0675252
0.0452903
0.056912
0.0508494
0.0522015
0.0525882
0.0523539
0.0638981
0.0578795
0.0601448
0.056951
0.0566655
0.0554977
0.0539493
0.0572248
0.050987
0.0479518
0.056029
0.0508671
0.0498222
0.0543757
0.0559732
0.0736954
0.042031
0.0490093
0.0570479
0.0532582
0.056864
0.0523678
0.0608967
0.0558004
0.0524146
0.0567435
0.0626008
0.0484576
0.0573757
0.0765298
0.0601399
0.0654912
0.0654283
0.0565365
0.0534501
0.059127
0.0504154
0.050199
0.0393537
0.0614372
0.0585903
0.065318
0.0569268
0.0502244
0.0573981
0.0520773
0.0578092
0.0525955
0.0535806
0.0598521
0.050168
0.0572778
0.042238
0.0525868
0.0435149
0.0542442
0.0768898
0.0600446
0.0656857
0.046435
0.0533287
0.0528901
0.0516809
0.0616017
0.0656444
0.0616217
0.0524888
0.0681309
0.0688516
0.0527065
0.052777
0.0490679
0.0571741
0.0469164
0.0521472
0.0491665
0.0642585
0.0483995
0.0546552
0.0574871
0.0558768
0.0540141
0.069265
0.0457414
0.0611171
0.055567
0.0543448
0.0575837
0.0462555
0.0455983
0.0511996
0.0440457
0.0621871
0.0486732
0.0461139
0.0429268
0.0397525
0.0477316
0.0536686
0.0609348
0.0524564
0.0440492
0.0465149
0.054718
0.0672806
0.0535133
0.0515316
0.0832872
0.0550565
0.0566618
0.0589671
0.0473781
0.0393567
0.0481289
0.0573892
0.0567266
0.0450667
0.0446067
0.048877
0.0525817
0.0397107
0.0512035
0.0524804
0.0685809
0.0456222
0.0447843
0.091275
0.0636215
0.0662369
0.0553948
0.0516544
0.05031
0.0395825
0.0516834
0.0472942
0.0478084
0.0627362
0.0570693
0.0559296
0.0535011
0.0647522
0.0539877
0.0547696
0.075783
0.0491426
0.0513253
0.0478268
0.0631266
0.0424528
0.0546938
0.0467144
0.049977
0.0409147
0.0647059
0.0485688
0.0474755
0.0500536
0.0454138
0.0465114
0.0519905
0.0600994
0.0682724
0.0830966
0.0538247
0.0582844
0.0436176
0.0535027
0.0526966
0.0605006
0.0622574
0.0800833
0.055058
0.0494691
0.0511805
0.0617173
0.0440576
0.0586534
0.0442345
0.064721
0.0439706
0.0592728
0.0583134
0.0462605
0.0667304
0.0486209
0.0453578
0.0562247
0.046893
0.0470427
0.0722789
0.055691
0.0463212
0.0705688
0.0476849
0.0592611
0.0545161
0.0520886
0.0460759
0.0523133
0.0502998
0.056637
0.0563727
0.0533457
0.0551512
0.0438967
0.0497172
0.0508504
0.0526699
0.0470199
0.0551807
0.0420436
0.0540348
0.0814145
0.0493925
0.051746
0.0485335
0.0672119
0.049981
0.0544821
0.0500376
0.0553951
0.0516724
0.0404626
0.0495552
0.0499054
0.0561692
0.0534381
0.0566338
0.0610154
0.0559604
0.050318
0.0577062
0.046017
0.0627638
0.0662762
0.0527721
0.0624618
0.0466654
0.0486105
0.0542055
0.0477889
0.0640859
0.0538791
0.0566502
0.0413524
0.049178
0.0528637
0.0505382
0.039749
0.0590851
0.0525628
0.0440055
0.0716532
0.0651213
0.0556342
0.0490562
0.0626044
0.0563955
0.0537224
0.0571427
0.0602763
0.0492817
0.0481187
0.0461395
0.055288
0.0460036
0.0388321
0.0535551
0.0507799
0.0594078
0.0528197
0.0548435
0.0477181
0.0563744
0.0545873
0.0518289
0.0555523
0.0419003
0.0580593
0.0453527
0.0427022
0.0442099
0.0587835
0.0469822
0.0514762
0.0544959
0.0539635
0.0594168
0.060737
0.0596233
0.0519907
0.0640875
0.0458217
0.0509995
0.0604777
0.042665
0.0444854
0.0474747
0.0534471
0.0483557
0.0546518
0.0532873
0.0500753
0.0647226
0.0407994
0.0544511
0.052311
0.0465031
0.0464342
0.041703
0.0507331
0.0651448
0.0552128
0.0691304
0.0505565
0.05256
0.0667506
0.056992
0.0603942
0.0633843
0.0463176
0.0841868
0.0704669
0.0620197
0.0509344
0.0493437
0.0457084
0.0465485
0.0536027
0.052741
0.0598423
0.043877
0.0769577
0.0666265
0.0500426
0.0551962
0.0516739
0.0523455
0.0657323
0.0563447
0.0422884
0.0533555
0.0384119
0.0561438
0.0527352
0.0544481
0.0558269
0.0575794
0.0563299
0.0581494
0.0503212
0.0570099
0.052987
0.0476068
0.0545304
0.0594641
0.0550096
0.0380386
0.0708673
0.0545972
0.0527617
0.0531169
0.0800134
0.0576414
0.0519008
0.0602292
0.0477304
0.0462695
0.0679871
0.0555084
0.0647778
0.0432113
0.0476162
0.0499044
0.0561936
0.0559294
0.0589735
0.0570761
0.0660065
0.0709385
0.0424855
0.0468578
0.0631633
0.0542157
0.0632743
0.046057
0.0651071
0.0350061
0.0525837
0.0728426
0.0605959
0.0630288
0.0585195
0.0531345
0.046998
0.0588853
0.0481
0.0584366
0.0550606
0.0561252
0.0533477
0.0603725
0.0569969
0.0544295
0.0642097
0.0420131
0.0496573
0.0571782
0.0520142
0.0471015
0.0683438
0.0554186
0.0582492
0.0636836
0.0553233
0.0460984
0.0524172
0.0546882
0.0478446
0.0533036
0.0428278
0.0616684
0.0575963
0.052584
0.05136
0.064261
0.0658492
0.0635941
0.0709744
0.0533701
0.0458817
0.0511331
0.0386852
0.0635865
0.0594154
0.0499551
0.0477942
0.0498635
0.0629841
0.0512855
0.0516546
0.0542542
0.0444575
0.0551295
0.045104
0.0589785
0.0483933
0.0714817
0.0613225
0.0629295
0.0531827
0.0640372
0.0566856
0.0418649
0.0552436
0.0518701
0.0656971
0.0707766
0.0481239
0.0539612
0.071526
0.0674591
0.0532369
0.0521275
0.0728796
0.0490451
0.0504082
0.0606593
0.0469965
0.0450216
0.0461444
0.0663243
0.0411352
0.0500381
0.0525364
0.0676591
0.0495243
0.0533984
0.0535331
0.0647945
0.0565999
0.0613045
0.0477568
0.0425331
0.046422
0.0567526
0.0507482
0.0588376
0.0609731
0.0498539
0.0573261
0.0558625
0.052259
0.0552394
0.0531604
0.0535041
0.0470752
0.0565607
0.056673
0.0573932
0.0558045
0.0649462
0.0496528
0.0445384
0.0553318
0.0505106
0.0532772
0.0610404
0.0479771
0.0503747
0.0529456
0.0453281
0.0407298
0.0595372
0.0520592
0.0709264
0.0428042
0.0476968
0.0573264
0.0493751
0.0506814
0.0496771
0.0447807
0.0586442
0.0566415
0.0480031
0.0533948
0.0553422
0.0628655
0.059655
0.0576864
0.0526944
0.0529619
0.0644937
0.0439171
0.0560112
0.0517494
0.045286
0.0580434
0.0486913
0.0577106
0.0571497
0.0515474
0.0451221
0.0757329
0.0431655
0.0406507
0.0598153
0.0481584
0.0564269
0.0484941
0.0509334
0.0478957
0.057406
0.056511
0.0788391
0.046754
0.047363
0.0551506
0.0679706
0.0622417
0.0446033
0.051406
0.0564671
0.0544124
0.0518913
0.0583044
0.0551968
0.0512638
0.0460194
0.0529939
0.0542043
0.05457
0.0516056
0.0566925
0.0652044
0.0587836
0.0585036
0.0629484
0.0558181
0.0586004
0.0551409
0.0482055
0.045715
0.0454026
0.0556859
0.0461048
0.0549854
0.0653623
0.0701917
0.0613255
0.0572963
0.0683344
0.066463
0.0519401
0.0585307
0.0461503
0.0524562
0.0618036
0.0613199
0.0513795
0.0477652
0.0446953
0.0549197
0.0587227
0.0524824
0.0689234
0.0550064
0.0786767
0.0558976
0.0481562
0.0444603
0.044209
0.0725525
0.0467503
0.0486492
0.046761
0.050303
0.0522996
0.0723122
0.0668956
0.058299
0.0633868
0.0538991
0.0525968
0.0604133
0.0494478
0.0672393
0.0547623
0.0477599
0.0440956
0.0537965
0.0521723
0.0504531
0.0501087
0.0523812
0.0556535
0.0572786
0.0536846
0.0494901
0.0504554
0.0622328
0.0556013
0.0512353
0.0501724
0.0514181
0.0515468
0.0521847
0.0458792
0.0454195
0.0517604
0.0601928
0.0575691
0.0420684
0.0562057
0.0472377
0.0391902
0.0455819
0.059894
0.0597429
0.0463063
0.0434776
0.0518571
0.0436306
0.061791
0.0539441
0.0589849
0.0458976
0.0491715
0.0678775
0.048476
0.047364
0.0487108
0.0578389
0.0765761
0.0517269
0.0447623
0.0606463
0.0587478
0.0708724
0.0497916
0.0542871
0.0606476
0.065158
0.0500194
0.048312
0.0606658
0.0433464
0.0645913
0.0430891
0.0445353
0.0548847
0.0538648
0.0594564
0.0729081
0.0573605
0.070174
0.0556903
0.0636444
0.0505518
0.0589255
0.0534745
0.0502188
0.0534126
0.048886
0.0627501
0.0580593
0.0497227
0.0477197
0.0681076
0.0708541
0.0653118
0.0464344
0.0526356
0.0533277
0.0603193
0.064794
0.0547353
0.0563465
0.0547168
0.055552
0.0466156
0.054074
0.0620078
0.0457183
0.064354
0.0488731
0.0694019
0.0539832
0.0594131
0.0691987
0.0540464
0.0466406
0.0417696
0.060966
0.0641876
0.0439258
0.0519111
0.0686138
0.0509452
0.072356
0.0629972
0.0655656
0.0498734
0.0502163
0.0515289
0.0683806
0.0608947
0.063496
0.0469925
0.0488808
0.0548937
0.0478163
0.0522514
0.0483841
0.0518731
0.0536861
0.0776101
0.0532138
0.0486118
0.0566889
0.0495237
0.0590469
0.0463789
0.0446334
0.0659993
0.0511151
0.0520219
0.0593886
0.0578703
0.0476103
0.046365
0.0487106
0.0532279
0.0450604
0.0502877
0.0573441
0.0566635
0.0610998
0.0642076
0.0460487
0.0531509
0.0605494
0.0607717
0.0549949
0.0476454
0.0595085
0.0574662
0.0590197
0.0579997
0.0607202
0.0500918
0.0496552
0.0602243
0.0707831
0.0620698
0.0586476
0.0553447
0.0574573
0.0477468
0.0515625
0.059036
0.0487447
0.0449386
0.040181
0.0807867
0.0622464
0.045912
0.0567263
0.0510558
0.0525569
0.0691803
0.0640816
0.0469811
0.0480485
0.0557545
0.0586899
0.0776334
0.0456659
0.070451
0.052655
0.0624274
0.0439119
0.0570827
0.0470337
0.081686
0.0502027
0.0476155
0.0413969
0.0498212
0.0480524
0.0457821
0.0415338
0.0573616
0.0504915
0.0567094
0.0656782
0.0577999
0.0428772
0.0531462
0.0643743
0.0607607
0.0484134
0.0765838
0.0637579
0.0476535
0.056114
0.0612868
0.0565877
0.0654893
0.0544919
0.05628
0.0531838
0.0648611
0.0554921
0.0639202
0.0560181
0.0560267
0.0525383
0.0555367
0.0482492
0.044089
