0
0
0
0
0
0
0
0
0
0
0
0
0
0
0
0
0
0
0
0
0
0
0
0
0
0
0
0
0
0
0
0
0
0
0
0
0
0
0.00894782
0.0442026
0.17789
0.371184
0.649103
0.93501
1.12118
1.29794
1.36539
1.44371
1.43328
1.31966
1.35112
1.34217
1.23089
1.22516
1.20026
1.22112
1.14421
1.10636
1.14095
1.08044
1.11894
1.07934
1.10619
1.02426
1.0954
1.03871
1.0335
1.01242
1.00795
0.967621
0.983594
1.01958
1.00073
0.978101
0.943894
0.98467
0.96952
0.966302
0.983594
0.944735
0.987721
0.97082
0.947038
0.975851
0.96032
0.992054
0.972439
0.993993
0.944563
0.972583
0.981004
0.969501
0.984614
0.987635
1.02833
0.991492
0.99697
0.979973
0.985876
0.992952
0.986158
1.0057
0.997788
1.00732
1.0083
1.03742
1.02644
1.00216
1.0072
1.02539
0.997794
1.01475
1.00916
1.00752
1.00214
1.01269
1.02177
0.991194
1.02044
1.00882
0.995797
0.996184
1.00279
0.998441
1.003
0.994661
1.02077
1.00139
1.00322
0.97513
1.00604
0.99294
0.979217
1.00375
0.976559
0.961476
0.995844
1.00091
1.01099
0.983597
0.989667
0.984472
1.01329
1.00913
1.00754
0.98722
1.01321
1.0211
0.988152
1.00761
0.998367
0.995748
0.992655
1.00149
1.00313
1.01166
0.979925
0.98185
1.00836
0.981675
1.0116
1.00226
1.0204
0.996644
1.0026
1.01977
0.981242
1.00284
1.0033
0.995287
0.988665
1.00233
1.01463
1.0117
0.994645
0.987045
0.991815
0.983534
1.00343
1.00941
1.00949
0.999039
0.991227
1.00275
0.999465
0.990182
1.01574
0.997465
1.01035
0.993142
0.981573
0.998184
1.00065
0.999405
0.993923
0.997523
1.00746
0.982998
1.02045
1.01084
0.986926
1.00139
0.995602
1.00083
0.999628
1.00695
1.00033
0.989599
1.01589
0.999744
1.0005
0.989702
0.997856
0.997783
1.00649
1.00545
0.98679
0.996185
0.994755
1.00322
1.00282
1.00978
0.99762
1.00204
0.988293
1.00912
1.01109
1.01386
0.986306
1.01016
1.00536
1.0006
0.997462
0.999591
0.990264
0.995838
0.997583
0.998605
0.994539
0.997674
0.995677
1.00196
0.98717
1.00037
1.00516
0.997608
0.998392
0.998135
1.00893
0.990166
0.999396
0.97058
0.97697
0.956357
0.945335
0.933601
0.926296
0.911314
0.900665
0.884322
0.880243
0.860412
0.865225
0.844382
0.840778
0.826779
0.813341
0.801192
0.784491
0.78372
0.779567
0.754691
0.750448
0.74802
0.723605
0.722381
0.718379
0.69523
0.699104
0.681174
0.666481
0.660248
0.662562
0.647632
0.638433
0.635205
0.608158
0.611797
0.601476
0.583307
0.580304
0.573988
0.568582
0.557785
0.542718
0.536621
0.533339
0.518101
0.507014
0.502688
0.494912
0.488308
0.477055
0.469453
0.459394
0.453038
0.452939
0.444415
0.426878
0.420109
0.414821
0.408307
0.404938
0.390672
0.385054
0.375315
0.370988
0.367681
0.350811
0.351425
0.34216
0.335672
0.324488
0.317086
0.311079
0.305215
0.292076
0.287031
0.28273
0.272465
0.267492
0.263587
0.257422
0.249751
0.239393
0.238793
0.226881
0.22321
0.216244
0.208114
0.203325
0.195085
0.189221
0.182366
0.176146
0.171328
0.164839
0.15851
0.151289
0.148253
0.140845
0.133797
0.127104
0.120549
0.115775
0.11122
0.107592
0.0995811
0.0998313
0.0927499
0.0904195
0.086997
0.0829851
0.0802607
0.0760874
0.0755326
0.0712307
0.0685652
0.0640719
0.0615107
0.0598458
0.0558723
0.0528581
0.0528226
0.0495526
0.0468622
0.043264
0.0409317
0.0406602
0.0393411
0.0368811
0.0362688
0.0341394
0.0329336
0.0311836
0.0292906
0.0269374
0.02535
0.024833
0.0232894
0.0230485
0.0212695
0.0191295
0.019238
0.0166862
0.0168733
0.0161977
0.0147901
0.0134632
0.0124485
0.0121549
0.0113046
0.0110193
0.00943323
0.00906241
0.00832409
0.00757687
0.00715635
0.00611992
0.00547315
0.00533632
0.00496579
0.004287
0.00387845
0.00361273
0.00319588
0.00290531
0.00238922
0.00180229
0.00173342
0.00145515
0.00123923
0.000965893
0.000754279
0.00078017
0.000395579
0.000379144
0.000217715
0.000158913
0.000100656
2.86255e-05
2.84929e-05
0
0
0
0
0
0
0
0
0
0
0
0
0
0
0
0
0
0
0
0
0
0
0
0
0
0
0
0
0
0
0
0
0
0
0
0
0
0
0
0
0
0
0
0
0
0
0
0
0
0
0
0
0
0
0
0
0
0
0
0
0
0
0
0
0
0
0
0
