0
0
0
0
0
0
0
0
0
0
0
0
0
0
0
0
0
0
0
0
0
0
0
0
0
0
0
0
0
0
0
0
0
0
0
0
0.0219016
0.0905415
0.238012
0.550833
0.808591
1.13512
1.18072
1.28546
1.31943
1.26335
1.28688
1.25678
1.28104
1.25904
1.17014
1.18815
1.18662
1.1816
1.13596
1.14017
1.06361
1.0855
1.05181
1.0707
1.03125
0.993075
0.988034
0.991368
1.02654
1.00718
1.0203
0.996701
1.01304
0.985194
1.01241
0.963538
0.93058
0.963861
0.948674
0.969779
1.00034
1.01753
0.966806
0.960264
1.01637
0.966028
0.975488
0.984601
0.998584
0.994957
0.94585
0.981867
0.975044
1.00172
0.990397
1.00847
0.986784
1.03072
0.995656
1.02872
1.00523
1.01123
0.989977
1.01841
1.02004
0.993343
1.0041
0.994943
0.996396
1.00763
1.01966
1.00055
0.997514
0.978714
0.994101
0.98403
1.00769
1.04623
1.01852
0.996589
0.991475
1.03116
1.00174
0.980027
1.01352
0.972825
0.979456
0.991659
0.987772
0.994155
1.00983
1.01135
1.01398
0.996167
1.00713
0.979748
1.00188
1.00151
1.0072
0.978668
1.02603
1.00147
0.999372
0.98864
1.00297
1.00845
0.985595
1.00385
0.985306
1.00827
0.999125
0.98855
1.01125
1.01272
0.996962
0.983266
1.01079
0.993047
1.01724
0.993337
1.00743
1.01372
1.01374
1.00795
0.997695
1.01121
0.991068
0.991385
0.981917
1.00137
1.00306
0.998113
1.00003
0.994548
1.00299
1.01496
0.995557
0.999358
0.986021
1.00082
0.998627
0.994058
1.00077
1.00183
0.991413
1.00001
0.991466
0.998729
0.994399
1.00244
1.01193
0.996032
0.994749
0.995727
0.994876
1.01583
1.01354
1.00458
1.00129
0.997106
1.00629
1.00979
0.998297
1.00811
0.995504
0.986562
1.00285
0.992503
0.998106
0.991807
1.00344
1.00482
0.988794
1.01262
1.00009
0.993853
0.993274
0.992894
1.00303
0.999682
0.993298
0.990353
1.0022
0.991382
1.00652
1.00319
0.987118
1.00438
1.01134
1.00213
0.990823
1.00468
0.995145
0.992032
0.99228
1.00882
0.998149
1.00601
1.00199
1.0033
0.986343
0.997571
0.99771
1.00988
0.985817
1.004
1.00467
0.994558
0.99802
0.998224
1.00333
0.996057
1.00691
0.993447
0.995211
0.982951
0.972851
0.961104
0.943123
0.936608
0.919119
0.910514
0.896814
0.888182
0.889741
0.861343
0.861453
0.84614
0.836834
0.829827
0.80744
0.800154
0.797258
0.786422
0.774274
0.759801
0.746054
0.749155
0.730083
0.715077
0.70575
0.695919
0.689631
0.67754
0.673898
0.672901
0.652258
0.642384
0.633878
0.627167
0.613425
0.611123
0.597269
0.586535
0.583038
0.571522
0.56669
0.55874
0.545073
0.536439
0.527093
0.530419
0.513236
0.503634
0.49597
0.487637
0.481143
0.469885
0.465917
0.459604
0.444016
0.439085
0.426544
0.420081
0.414133
0.407405
0.397169
0.385598
0.384625
0.381231
0.370034
0.360813
0.354707
0.347579
0.345981
0.332669
0.319719
0.321218
0.307931
0.302887
0.298272
0.291804
0.282312
0.271586
0.266715
0.259701
0.256318
0.246436
0.243305
0.235918
0.230746
0.221463
0.217147
0.212257
0.20424
0.201658
0.18601
0.18032
0.177576
0.172505
0.163071
0.157961
0.151661
0.145539
0.137865
0.133131
0.12768
0.123011
0.116999
0.110213
0.105525
0.100162
0.0955177
0.0940429
0.0873579
0.0875451
0.0835705
0.0813247
0.0756082
0.0718791
0.067992
0.0686634
0.063232
0.0609667
0.0598458
0.0570255
0.0552859
0.0527466
0.0500254
0.0457711
0.045678
0.041546
0.04216
0.0383834
0.0378338
0.0366697
0.0331423
0.0334205
0.0306991
0.029005
0.0284645
0.0254913
0.0248506
0.0240937
0.0222309
0.0215637
0.0204897
0.0180217
0.0178111
0.0167715
0.0152191
0.0151426
0.0132961
0.0126646
0.0116919
0.0111071
0.00980763
0.00969391
0.00883544
0.00792079
0.00821898
0.00696466
0.00653321
0.00607424
0.00533632
0.00526343
0.00420906
0.00429732
0.0034429
0.00304223
0.0025842
0.00238922
0.00199918
0.00152239
0.00160517
0.00114965
0.00109963
0.000976126
0.000647688
0.000615346
0.000291649
0.000232229
0.0002167
0.000129415
4.29382e-05
0
0
0
0
0
0
0
0
0
0
0
0
0
0
0
0
0
0
0
0
0
0
0
0
0
0
0
0
0
0
0
0
0
0
0
0
0
0
0
0
0
0
0
0
0
0
0
0
0
0
0
0
0
0
0
0
0
0
0
0
0
0
0
0
0
0
0
0
0
