0
0
0
0
0
0
0
0
0
0
0
0
0
0
0
0
0
0
0
0
0
0
0
0
0
0
0
0
0
0
0
0
0
0
0.0011143
0.00210481
0.0308613
0.126381
0.490341
0.796497
1.23553
1.56021
1.88196
1.95132
2.04946
2.03276
1.94014
1.7823
1.709
1.6623
1.53471
1.45618
1.39065
1.31737
1.30609
1.23189
1.19739
1.15811
1.11033
1.0456
1.05009
1.04743
1.02063
1.06833
1.02845
0.979667
0.977117
0.995828
1.00315
0.988214
0.988931
0.967429
0.976756
1.00953
0.980216
1.01166
1.00442
0.995008
1.02298
1.04441
1.00532
1.02234
1.05148
1.05708
1.07437
1.05211
1.08181
1.06935
1.07766
1.04659
1.0589
1.07089
1.07173
1.03057
1.04541
1.01505
1.04411
1.0542
1.04315
1.03877
1.04302
1.03145
1.0344
1.03456
1.01061
1.00763
1.03299
1.01467
1.00799
1.0057
1.01311
1.01518
1.01042
1.00402
1.01336
1.02035
1.00985
1.00147
1.01732
1.00399
0.994884
1.01065
1.00845
1.00818
1.02046
1.00418
1.00966
1.00221
1.00547
1.00945
1.00214
1.01856
1.00385
1.02004
1.00259
1.008
1.00752
1.02266
0.999649
1.01161
1.00351
1.00116
1.0174
0.99812
0.988736
1.0136
1.01389
0.998548
1.00042
0.99895
1.00088
0.990605
1.00623
1.01258
0.999903
0.991198
0.986694
0.988159
1.00392
0.995856
1.00166
0.999718
0.990113
1.00552
0.987749
1.00079
1.00301
1.00492
0.998587
0.999303
0.994596
0.995973
0.994532
1.00328
0.99299
0.999619
0.993135
0.994521
0.997354
0.993229
1.00297
0.995858
0.999071
0.996956
1.00426
0.995848
0.993625
0.993353
1.0043
0.998645
0.998092
1.00592
0.988985
0.997386
0.985789
0.986765
1.00172
0.987861
0.995066
0.995512
0.994712
0.986856
0.986869
0.988659
0.990653
0.989295
1.00263
0.98849
0.994804
0.99914
0.996284
0.999575
0.991453
0.997579
0.993113
1.00322
0.994317
0.998063
0.992505
0.984032
0.992122
0.998025
0.99553
0.995775
0.998108
0.993553
0.998837
0.998352
0.995755
0.981607
0.990532
0.992264
0.991451
0.993972
0.997041
0.991079
0.98907
0.991504
0.989783
0.99846
0.998383
0.994771
0.987215
0.988026
0.985684
1.00078
0.991364
0.996685
0.99029
0.995535
0.985087
0.978191
0.965321
0.954933
0.940174
0.931834
0.921458
0.906154
0.898263
0.875991
0.874595
0.863535
0.852368
0.844402
0.82946
0.820401
0.803051
0.799746
0.790856
0.774352
0.776051
0.762086
0.746536
0.745148
0.7323
0.71976
0.709393
0.69914
0.68592
0.673279
0.665638
0.662625
0.650563
0.644612
0.632715
0.620691
0.611422
0.608588
0.597667
0.586994
0.576249
0.572505
0.565683
0.554152
0.545501
0.541132
0.530744
0.521668
0.511703
0.498045
0.497174
0.488542
0.472751
0.467178
0.459666
0.450409
0.444665
0.441175
0.431491
0.42094
0.412097
0.409988
0.394195
0.387825
0.381259
0.375888
0.367241
0.361037
0.355034
0.348151
0.33897
0.32914
0.324782
0.319342
0.313989
0.300533
0.29826
0.28755
0.282128
0.277865
0.26782
0.26127
0.255838
0.246221
0.242463
0.236319
0.227338
0.224351
0.212726
0.208172
0.203164
0.194584
0.190431
0.182074
0.177196
0.170772
0.16211
0.156577
0.153331
0.144659
0.139247
0.135224
0.127403
0.118288
0.115922
0.110968
0.106381
0.101366
0.0987271
0.0945868
0.0908889
0.0851702
0.0831264
0.0793673
0.0767562
0.0723358
0.0695719
0.06721
0.0624701
0.0612387
0.0581067
0.0565065
0.0540051
0.0516627
0.0498269
0.0468058
0.0443868
0.0431561
0.0401695
0.0398752
0.0385941
0.0354669
0.0338403
0.0321941
0.0302237
0.0292103
0.0276299
0.025456
0.0248857
0.0241549
0.0215873
0.0216762
0.0195858
0.0190324
0.0178196
0.0167291
0.0156494
0.0152685
0.0134131
0.0129139
0.0118076
0.0111318
0.0102415
0.00956357
0.0086328
0.00796919
0.00774542
0.00713239
0.00648552
0.00573415
0.00507659
0.00498929
0.004287
0.00425078
0.00333483
0.00311137
0.00265301
0.00261749
0.00207491
0.00198966
0.00148516
0.00150051
0.00106991
0.000887387
0.00073601
0.00054209
0.00047393
0.000297544
0.000180583
0.000115036
3.57818e-05
2.84929e-05
0
0
0
0
0
0
0
0
0
0
0
0
0
0
0
0
0
0
0
0
0
0
0
0
0
0
0
0
0
0
0
0
0
0
0
0
0
0
0
0
0
0
0
0
0
0
0
0
0
0
0
0
0
0
0
0
0
0
0
0
0
0
0
0
0
0
0
0
