0.085123
0.0792067
0.159502
0.138441
0.170212
0.178446
0.157762
0.16166
0.205566
0.0917348
0.171094
0.105371
0.132299
0.108148
0.101739
0.126482
0.263553
0.109523
0.202221
0.132338
0.205456
0.174359
0.172978
0.170295
0.234351
0.0974536
0.157841
0.14906
0.189213
0.171091
0.131694
0.243057
0.186202
0.154588
0.142439
0.190842
0.223547
0.129984
0.0376629
0.142599
0.167286
0.165093
0.115476
0.222045
0.118274
0.20321
0.190006
0.140652
0.12199
0.118368
0.155837
0.117174
0.153982
0.120908
0.136415
0.150354
0.190178
0.0968502
0.132868
0.176028
