0.0125992
0.0377976
0.0629961
0.0881945
0.113393
0.138591
0.16379
0.188988
0.214187
0.239385
0.264583
0.289782
0.31498
0.340179
0.365377
0.390576
0.415774
0.440972
0.466171
0.491369
0.516568
0.541766
0.566964
0.592163
0.617361
0.64256
0.667758
0.692957
0.718155
0.743353
0.768552
0.79375
0.818949
0.844147
0.869346
0.894544
0.919742
0.944941
0.970139
0.995338
1.02054
1.04573
1.07093
1.09613
1.12133
1.14653
1.17173
1.19692
1.22212
1.24732
1.27252
1.29772
1.32292
1.34812
1.37331
1.39851
1.42371
1.44891
1.47411
1.49931
1.5245
1.5497
1.5749
1.6001
1.6253
1.6505
1.67569
1.70089
1.72609
1.75129
1.77649
1.80169
1.82689
1.85208
1.87728
1.90248
1.92768
1.95288
1.97808
2.00327
2.02847
2.05367
2.07887
2.10407
2.12927
2.15446
2.17966
2.20486
2.23006
2.25526
2.28046
2.30566
2.33085
2.35605
2.38125
2.40645
2.43165
2.45685
2.48204
2.50724
2.53244
2.55764
2.58284
2.60804
2.63323
2.65843
2.68363
2.70883
2.73403
2.75923
2.78443
2.80962
2.83482
2.86002
2.88522
2.91042
2.93562
2.96081
2.98601
3.01121
3.03641
3.06161
3.08681
3.112
3.1372
3.1624
3.1876
3.2128
3.238
3.2632
3.28839
3.31359
3.33879
3.36399
3.38919
3.41439
3.43958
3.46478
3.48998
3.51518
3.54038
3.56558
3.59077
3.61597
3.64117
3.66637
3.69157
3.71677
3.74197
3.76716
3.79236
3.81756
3.84276
3.86796
3.89316
3.91835
3.94355
3.96875
3.99395
4.01915
4.04435
4.06954
4.09474
4.11994
4.14514
4.17034
4.19554
4.22074
4.24593
4.27113
4.29633
4.32153
4.34673
4.37193
4.39712
4.42232
4.44752
4.47272
4.49792
4.52312
4.54831
4.57351
4.59871
4.62391
4.64911
4.67431
4.69951
4.7247
4.7499
4.7751
4.8003
4.8255
4.8507
4.87589
4.90109
4.92629
4.95149
4.97669
5.00189
5.02708
5.05228
5.07748
5.10268
5.12788
5.15308
5.17828
5.20347
5.22867
5.25387
5.27907
5.30427
5.32947
5.35466
5.37986
5.40506
5.43026
5.45546
5.48066
5.50585
5.53105
5.55625
5.58145
5.60665
5.63185
5.65705
5.68224
5.70744
5.73264
5.75784
5.78304
5.80824
5.83343
5.85863
5.88383
5.90903
5.93423
5.95943
5.98462
6.00982
6.03502
6.06022
6.08542
6.11062
6.13582
6.16101
6.18621
6.21141
6.23661
6.26181
6.28701
6.3122
6.3374
6.3626
6.3878
6.413
6.4382
6.46339
6.48859
6.51379
6.53899
6.56419
6.58939
6.61459
6.63978
6.66498
6.69018
6.71538
6.74058
6.76578
6.79097
6.81617
6.84137
6.86657
6.89177
6.91697
6.94216
6.96736
6.99256
7.01776
7.04296
7.06816
7.09336
7.11855
7.14375
7.16895
7.19415
7.21935
7.24455
7.26974
7.29494
7.32014
7.34534
7.37054
7.39574
7.42093
7.44613
7.47133
7.49653
7.52173
7.54693
7.57213
7.59732
7.62252
7.64772
7.67292
7.69812
7.72332
7.74851
7.77371
7.79891
7.82411
7.84931
7.87451
7.8997
7.9249
7.9501
7.9753
8.0005
8.0257
8.0509
8.07609
8.10129
8.12649
8.15169
8.17689
8.20209
8.22728
8.25248
8.27768
8.30288
8.32808
8.35328
8.37847
8.40367
8.42887
8.45407
8.47927
8.50447
8.52967
8.55486
8.58006
8.60526
8.63046
8.65566
8.68086
8.70605
8.73125
8.75645
8.78165
8.80685
8.83205
8.85724
8.88244
8.90764
8.93284
8.95804
8.98324
9.00844
9.03363
9.05883
9.08403
9.10923
9.13443
9.15963
9.18482
9.21002
9.23522
9.26042
9.28562
9.31082
9.33601
9.36121
9.38641
9.41161
9.43681
9.46201
9.48721
9.5124
9.5376
9.5628
9.588
9.6132
9.6384
9.66359
9.68879
9.71399
9.73919
9.76439
9.78959
9.81478
9.83998
9.86518
9.89038
9.91558
9.94078
9.96598
9.99117
10.0164
10.0416
10.0668
10.092
10.1172
10.1424
10.1676
10.1928
10.218
10.2432
10.2684
10.2936
10.3188
10.344
10.3692
10.3943
10.4195
10.4447
10.4699
10.4951
10.5203
10.5455
10.5707
10.5959
10.6211
10.6463
10.6715
10.6967
10.7219
10.7471
10.7723
10.7975
10.8227
10.8479
10.8731
10.8983
10.9235
10.9487
10.9739
10.9991
11.0243
11.0495
11.0747
11.0999
11.1251
11.1503
11.1755
11.2007
11.2259
11.2511
11.2763
11.3015
11.3267
11.3519
11.3771
11.4023
11.4275
11.4527
11.4779
11.5031
11.5283
11.5535
11.5787
11.6039
11.6291
11.6543
11.6795
11.7047
11.7299
11.7551
11.7803
11.8055
11.8307
11.8559
11.8811
11.9063
11.9315
11.9567
11.9818
12.007
12.0322
12.0574
12.0826
12.1078
12.133
12.1582
12.1834
12.2086
12.2338
12.259
12.2842
12.3094
12.3346
12.3598
12.385
12.4102
12.4354
12.4606
12.4858
12.511
12.5362
12.5614
12.5866
