0
0
0
0
0
0
0
0
0
0
0
0
0
0
0
0
0
0
0
0
0
0
0
0
0
0
0
0
0
0
0
0
0
0
0
0.00420961
0.00995527
0.0547021
0.187904
0.442026
0.78595
1.00574
1.23065
1.25603
1.37301
1.33766
1.28443
1.21681
1.22691
1.24063
1.1639
1.19315
1.12214
1.17141
1.12971
1.10314
1.09768
1.14086
1.06111
1.05047
1.03052
1.05058
1.07699
1.03479
1.00422
1.01584
1.00471
0.986804
0.979119
0.985743
0.984662
1.01958
0.965906
0.966316
0.976393
1.01631
0.978132
0.940687
0.941409
0.96572
0.968483
0.938872
1.01134
1.00324
1.01567
0.982619
1.00931
1.02171
0.991639
0.996426
1.01793
0.99453
0.985234
0.991276
1.00516
1.00342
1.00153
1.02043
1.037
1.0101
1.00297
1.00956
0.983649
0.993457
0.969191
0.989036
0.986219
0.996877
0.999767
1.00416
1.01061
0.971015
0.991345
1.03243
1.00618
1.00136
0.983853
1.01406
1.02327
1.01346
1.00511
0.985582
0.988824
0.983137
1.00266
1.01655
0.982312
1.00058
0.981852
0.989682
1.0009
0.989105
0.996895
0.994072
1.00369
1.01811
1.01378
1.00793
1.00283
0.969829
0.988189
0.983677
1.01616
0.998571
1.00868
0.990603
1.0032
1.01196
0.995609
1.00251
0.987827
0.993436
0.992084
1.00453
1.00879
0.985548
0.989889
1.01275
0.987555
0.988453
1.00027
0.992497
0.988355
1.00944
0.985348
1.00834
0.990523
0.98639
1.03656
1.0011
0.986292
0.991959
1.01116
1.00385
1.00492
1.00022
0.989091
0.997762
1.00227
1.00661
1.01665
0.992758
1.01122
0.993135
0.991906
0.997197
0.988667
1.00116
0.995271
0.989966
0.99663
1.00397
0.99507
1.00543
0.983896
0.994608
1.00244
0.981434
1.00321
0.998911
1.00586
1.00943
0.993596
1.00006
0.990431
1.00092
1.00232
1.00938
0.996787
1.00373
0.98931
0.999724
1.0025
1.00727
1.00995
0.999111
0.990469
0.999886
0.987365
0.987529
1.00031
1.01497
1.00148
0.993864
0.994292
0.994361
0.998734
1.00576
1.00358
0.99178
0.994227
1.01065
0.994861
0.994775
1.00247
1.00579
0.997488
0.989717
1.00834
0.996194
0.999438
1.00459
0.995695
1.00431
0.995846
0.997828
1.00132
0.998742
1.00094
1.00453
0.989082
0.982238
0.97335
0.965315
0.950249
0.929213
0.918111
0.914675
0.902173
0.903545
0.870549
0.862391
0.860298
0.837888
0.826825
0.827306
0.817598
0.800673
0.801968
0.779593
0.767024
0.759585
0.744161
0.746921
0.737687
0.71609
0.712273
0.705599
0.687955
0.681072
0.682461
0.664633
0.658307
0.637929
0.631584
0.623002
0.615235
0.610513
0.60189
0.590491
0.58439
0.570398
0.562753
0.555907
0.551863
0.542696
0.530624
0.523796
0.514784
0.506118
0.493884
0.48682
0.477635
0.472621
0.465002
0.445052
0.45051
0.438384
0.428829
0.424263
0.414573
0.409428
0.398636
0.390618
0.380843
0.375555
0.373212
0.357655
0.361506
0.349398
0.337279
0.330693
0.328237
0.323372
0.312238
0.302311
0.296555
0.285819
0.28386
0.271683
0.269823
0.25847
0.259029
0.249703
0.244158
0.237379
0.227256
0.22144
0.214439
0.210853
0.203119
0.196404
0.190442
0.182388
0.173419
0.168617
0.166275
0.159476
0.15367
0.145973
0.139074
0.135106
0.128641
0.120273
0.11436
0.112375
0.106235
0.10066
0.0998519
0.0935093
0.0912155
0.0883773
0.0817942
0.0785342
0.0767463
0.0758305
0.0684462
0.0662084
0.0647361
0.061977
0.0589956
0.0562759
0.0537183
0.0532029
0.0489852
0.0476335
0.0443681
0.0424208
0.0407713
0.0383465
0.0374124
0.0369249
0.0338675
0.0315268
0.0297841
0.0297726
0.0270262
0.0261802
0.0248506
0.0247056
0.0222657
0.0202657
0.0204381
0.0194949
0.018135
0.0172463
0.0148479
0.015982
0.0139643
0.0128806
0.0120061
0.0110413
0.0110193
0.00987312
0.00851121
0.0082273
0.00723976
0.00698064
0.00570662
0.0057737
0.00536781
0.00438619
0.004287
0.00412667
0.00331939
0.00307296
0.00253832
0.00223704
0.00201433
0.00189922
0.00124513
0.00134374
0.00108477
0.000961336
0.00073601
0.000556741
0.000291649
0.000319315
0.00017336
8.62768e-05
4.29382e-05
1.42465e-05
0
0
0
0
0
0
0
0
0
0
0
0
0
0
0
0
0
0
0
0
0
0
0
0
0
0
0
0
0
0
0
0
0
0
0
0
0
0
0
0
0
0
0
0
0
0
0
0
0
0
0
0
0
0
0
0
0
0
0
0
0
0
0
0
0
0
0
0
