0
0
0
0
0
0
0
0
0
0
0
0
0
0
0
0
0
0
0
0
0
0
0
0
0
0
0
0
0
0
0
0
0
0
0
0.00315721
0.0298658
0.141471
0.489893
0.960132
1.487
1.73964
2.12023
2.13006
2.30062
2.24097
2.17874
2.08268
1.87505
1.83821
1.72713
1.70496
1.57206
1.5055
1.47286
1.44093
1.33429
1.35748
1.2452
1.23067
1.22782
1.20505
1.21925
1.15698
1.18211
1.11662
1.08689
1.10906
1.11168
1.05439
1.08833
1.07834
1.0874
1.0477
1.07568
1.05331
1.05621
1.03741
1.05085
1.04441
1.04994
1.0474
1.05431
1.02436
1.02784
1.05782
1.0242
1.02197
1.04473
1.05181
1.05736
1.03532
1.05282
1.00106
1.04281
1.01389
1.02631
1.01855
1.03283
1.01559
1.02621
1.01574
1.01098
1.00565
1.03222
0.984329
0.991539
0.986778
1.01244
1.02324
1.00496
1.02494
1.02126
0.994545
1.01215
1.01081
1.00848
1.01401
1.00363
1.00515
1.00114
0.984729
1.0012
0.998354
0.988927
0.985987
0.984135
0.985035
1.00205
1.0017
0.993419
0.981243
0.978953
0.985663
0.993385
0.991779
0.977835
0.994916
0.983816
1.00432
0.984729
0.98934
0.978737
0.981471
0.982416
0.98841
0.994243
0.987209
0.974228
0.967737
0.985485
0.9837
0.990858
0.986265
0.976872
0.995284
0.98553
0.989736
0.987819
0.986654
0.99942
1.01103
0.987552
0.985109
0.988313
0.997251
0.981433
0.982017
0.980345
0.991455
0.986224
0.98727
0.986821
0.983078
0.981055
0.987024
0.983279
0.983408
0.987343
0.972236
0.980972
0.976654
1.00098
0.978522
0.980042
0.97702
0.992023
0.986902
0.991744
0.976596
0.987146
0.986195
0.987518
0.976434
0.995133
0.978211
0.985438
0.988694
0.978808
0.972369
0.987141
0.97281
0.991122
0.983519
0.990859
0.986468
1.00348
0.983161
0.989175
0.996435
0.994129
0.986485
0.984536
0.98258
0.996053
0.999425
0.989323
0.974106
0.994046
0.978651
0.983747
0.976304
0.99407
0.989894
0.996016
0.990566
0.984282
0.975494
0.986903
0.980776
0.99037
0.993452
0.981796
0.97917
0.980062
0.989871
0.989983
0.995137
0.983347
0.986182
0.984189
0.98008
0.976344
0.989111
0.9827
0.988377
0.982109
0.981594
0.989495
0.985638
0.985552
0.971157
0.964603
0.935089
0.935833
0.931753
0.896803
0.896962
0.893281
0.877458
0.868448
0.852043
0.839356
0.832138
0.823384
0.809375
0.800708
0.792397
0.781455
0.769915
0.757272
0.751434
0.743571
0.728756
0.716934
0.703771
0.704024
0.695781
0.689332
0.673967
0.66032
0.650992
0.64006
0.628894
0.623571
0.616404
0.613781
0.6016
0.590457
0.578409
0.572359
0.563241
0.558397
0.544667
0.535034
0.528685
0.518041
0.519218
0.50083
0.50033
0.49293
0.47916
0.468149
0.464421
0.446764
0.449599
0.438877
0.435859
0.425345
0.41257
0.408988
0.401056
0.390487
0.385996
0.381695
0.375662
0.362249
0.354998
0.348712
0.347176
0.338002
0.326125
0.319974
0.318892
0.307313
0.302086
0.29115
0.282066
0.281292
0.272019
0.263637
0.259423
0.254032
0.2477
0.235855
0.233656
0.228123
0.219367
0.210347
0.205261
0.198051
0.190513
0.190148
0.179719
0.175894
0.169861
0.159503
0.155934
0.149881
0.144676
0.137406
0.133357
0.127606
0.121981
0.116387
0.108555
0.105833
0.102082
0.0975197
0.0935606
0.0905164
0.085769
0.0823897
0.0794677
0.0769958
0.0714373
0.0684709
0.0673623
0.0631147
0.0617244
0.0582178
0.0543299
0.0544113
0.0521951
0.048711
0.0466176
0.04543
0.0437657
0.0418683
0.0380426
0.0374444
0.0355671
0.0337224
0.0325323
0.0318654
0.0290631
0.0275678
0.0259418
0.0253734
0.0233943
0.0222048
0.021793
0.0200421
0.0186427
0.0177174
0.0170174
0.0150335
0.0140011
0.0132168
0.0131008
0.0117208
0.0113046
0.0101187
0.00895668
0.0090462
0.00834829
0.00707924
0.00708048
0.00680741
0.00518446
0.00538355
0.0046055
0.00436105
0.00383966
0.00389063
0.00280023
0.00270653
0.00252237
0.00206733
0.00188792
0.00136139
0.00124296
0.00104762
0.000920665
0.000839051
0.000659299
0.000546842
0.000261258
0.000184195
0.000129415
7.51418e-05
3.20546e-05
1.06355e-05
0
0
0
0
0
0
0
0
0
0
0
0
0
0
0
0
0
0
0
0
0
0
0
0
0
0
0
0
0
0
0
0
0
0
0
0
0
0
0
0
0
0
0
0
0
0
0
0
0
0
0
0
0
0
0
0
0
0
0
0
0
0
0
0
0
0
0
