0.0414294
0.0675274
0.0588828
0.0354493
0.0623411
0.047878
0.0431565
0.0600708
0.0541595
0.0534251
0.0378677
0.0367361
0.0480653
0.0454142
0.0376844
0.0328259
0.0530548
0.0446685
0.0553945
0.0513697
0.0459272
0.0375044
0.0345918
0.0479341
0.0540186
0.0596001
0.0476506
0.0347072
0.0452624
0.0426743
0.0494627
0.0458593
0.0624575
0.0504839
0.0498633
0.0519823
0.0439337
0.0545516
0.0602813
0.0608266
0.0610678
0.0428834
0.0337481
0.0500992
0.0460686
0.0431079
0.0485886
0.0379306
0.0578958
0.0327071
0.0533702
0.0563569
0.0615472
0.0550636
0.0593705
0.0524213
0.0434891
0.0427163
0.0470555
0.0424457
0.0464045
0.0489227
0.0496984
0.0400593
0.0936512
0.0516583
0.043925
0.0488831
0.0414745
0.0457783
0.0489607
0.0463372
0.0589152
0.0588111
0.048521
0.0572656
0.0674727
0.0560673
0.0503607
0.0578121
0.0415694
0.0450463
0.0582526
0.0472767
0.0507836
0.0401152
0.04136
0.040511
0.0493372
0.0400802
0.0423183
0.0382717
0.0615984
0.0409517
0.0416533
0.0437121
0.0615122
0.0639032
0.0424841
0.064123
0.0509391
0.0645458
0.0638141
0.0503359
0.0500168
0.0489392
0.0580453
0.048902
0.0744424
0.0415872
0.0428946
0.042627
0.0507575
0.0550359
0.0522185
0.0614431
0.049312
0.0470125
0.0369925
0.0421808
0.0459882
0.04522
0.0566988
0.0495483
0.058838
0.0415826
0.0433906
0.0616209
0.0547342
0.035684
0.0445544
0.0515603
0.0444624
0.0422564
0.050324
0.0697261
0.0533954
0.0634017
0.0470107
0.051344
0.0450432
0.0457106
0.0589314
0.0401536
0.0562754
0.0595935
0.0377766
0.0475654
0.0414491
0.0534604
0.0496079
0.0439014
0.0484276
0.0418762
0.0530749
0.047507
0.0384433
0.0342801
0.041206
0.0499014
0.0405916
0.0556401
0.058965
0.0428541
0.0462017
0.0488154
0.0492513
0.0522416
0.0421582
0.0520975
0.0686387
0.0609713
0.0558252
0.0470541
0.0576284
0.0564397
0.0450317
0.0599059
0.046559
0.0520452
0.0426505
0.0447209
0.0505889
0.0501438
0.0437054
0.0625
0.0650286
0.0380317
0.0511578
0.045338
0.0477834
0.0395215
0.0423695
0.0376582
0.051628
0.043592
0.0542506
0.0449052
0.0394483
0.0557323
0.068884
0.0436757
0.0526684
0.052447
0.0372029
0.0421697
0.0531855
0.0494228
0.0633088
0.0531799
0.0456967
0.0552354
0.0453838
0.0389356
0.0510104
0.0492435
0.0487279
0.0433693
0.0397602
0.049035
0.0445452
0.0410779
0.0479075
0.0457676
0.0512265
0.0507174
0.0509703
0.0518801
0.0475393
0.0448944
0.0465684
0.0414933
0.0471896
0.0536799
0.0438592
0.0476187
0.0466484
0.0463103
0.0412215
0.0508426
0.0363421
0.0586884
0.0419402
0.0585783
0.0510106
0.055795
0.0473621
0.0375806
0.0334033
0.041272
0.0595609
0.0556243
0.0531908
0.0536041
0.0511846
0.0541935
0.0531446
0.0621239
0.0592282
0.051829
0.0798875
0.042339
0.0401211
0.0575379
0.0621441
0.0379836
0.0404605
0.0556064
0.0563121
0.046417
0.051086
0.0565374
0.0607579
0.0504076
0.0473831
0.0607594
0.0387224
0.0451477
0.0392221
0.0605969
0.0714435
0.0594536
0.0463352
0.054349
0.0640331
0.0464278
0.0471402
0.0508002
0.0421481
0.0506465
0.0428006
0.0559268
0.0403181
0.0516958
0.0570327
0.0602507
0.0469925
0.042244
0.0649352
0.0495644
0.0464368
0.0488088
0.0519482
0.049241
0.0393926
0.0683025
0.0447736
0.0436132
0.0548394
0.0439097
0.0549888
0.0514934
0.0622613
0.0438836
0.0588726
0.0486476
0.0532133
0.0590744
0.0435637
0.0464246
0.043292
0.0479955
0.0597395
0.044653
0.0560869
0.0444441
0.0484847
0.0435723
0.0546025
0.0493186
0.0391168
0.0377625
0.0508103
0.0633991
0.051573
0.0515201
0.0777263
0.0419769
0.0465841
0.0550838
0.0502179
0.0539903
0.0455223
0.0778423
0.0476048
0.0419688
0.0366664
0.0504741
0.0601438
0.0480372
0.0372464
0.0503846
0.0581166
0.0590107
0.0517721
0.0437716
0.0567819
0.054438
0.0404038
0.0416351
0.0538014
0.0397246
0.0442761
0.038599
0.0538334
0.0541606
0.0491391
0.0474424
0.0490472
0.067946
0.0402482
0.0378557
0.0484048
0.0407291
0.0502162
0.0442261
0.0419444
0.0388435
0.0420486
0.0484182
0.0424039
0.0480815
0.0528673
0.0403131
0.0537144
0.0390915
0.0571684
0.0433154
0.0521671
0.0595536
0.0385047
0.0630453
0.0417313
0.0572177
0.0363722
0.0410103
0.0483638
0.0455126
0.0677457
0.0543182
0.059298
0.0470786
0.0491172
0.0611731
0.0584914
0.0563863
0.049522
0.0493135
0.0375427
0.0506206
0.0434403
0.0383191
0.0402592
0.0357067
0.0474046
0.0643088
0.0536432
0.0519036
0.0516021
0.0655607
0.0490177
0.0521145
0.0478782
0.0391033
0.048114
0.0490702
0.0456148
0.0574143
0.0436776
0.0595862
0.0335872
0.0604188
0.0422235
0.0443047
0.0554623
0.0395592
0.0637012
0.0649556
0.044218
0.0349355
0.0442825
0.0410178
0.0488781
0.0678099
0.0520701
0.0644191
0.0395871
0.0571592
0.0634698
0.0466915
0.0585114
0.0479871
0.0466245
0.0634936
0.0406751
0.0364908
0.0450433
0.0453761
0.0510084
0.0428069
0.0399334
0.0509282
0.0513334
0.0393787
0.037624
0.0416682
0.0519319
0.0446909
0.066743
0.0496888
0.0503097
0.0430055
0.0534949
0.044801
0.0555215
0.0424922
0.0547257
0.0407186
0.0493003
0.0487336
0.0479721
0.0394676
0.0438472
0.0772411
0.0502896
0.0390058
0.0532179
0.0490692
0.0508669
0.0417973
0.0526851
0.046376
0.0581832
0.0445747
0.0561525
0.0450984
0.0451305
0.0476901
0.0394405
0.0508232
0.0542998
0.0528896
0.0463913
0.0502201
0.0720746
0.0619174
0.0808121
0.0476434
0.0406707
0.0639933
0.0572531
0.0553219
0.0609545
0.0683304
0.0511546
0.0435377
0.0411239
0.0528951
0.046826
0.0371408
0.0403521
0.0542944
0.0500466
0.0435761
0.0436702
0.0567243
0.0478462
0.055132
0.055315
0.0544341
0.0501131
0.0436574
0.0470717
0.0603679
0.0424495
0.0559477
0.0480702
0.0521189
0.0488882
0.045065
0.0586876
0.0574286
0.0498464
0.0478198
0.0481418
0.0524785
0.0523142
0.0663708
0.0636389
0.0460975
0.0596735
0.0573786
0.0372382
0.0576962
0.0480767
0.0625503
0.0420319
0.0438293
0.0346084
0.0424033
0.0451139
0.0474925
0.0531953
0.0597358
0.0527121
0.0458639
0.0680331
0.0580569
0.0521217
0.0575653
0.0493532
0.0497213
0.0620139
0.0459825
0.0516247
0.049336
0.0505033
0.0646808
0.0425386
0.0405552
0.0617777
0.0428738
0.0505637
0.0635014
0.0355639
0.0593841
0.0637373
0.0436681
0.0690921
0.0454444
0.0543061
0.0429553
0.0524786
0.0475533
0.0510007
0.0453406
0.0569582
0.0669188
0.0451621
0.0533327
0.0502611
0.039816
0.0526745
0.0407949
0.0589574
0.0543166
0.0523219
0.0468106
0.044182
0.0700148
0.0443043
0.0429478
0.0387168
0.0671946
0.0453288
0.0610441
0.036405
0.0642849
0.0423472
0.0537327
0.0494652
0.0425835
0.0512732
0.035017
0.052804
0.0661937
0.045305
0.0486845
0.041904
0.0449753
0.0459597
0.0482121
0.0481935
0.0428664
0.0429633
0.0410116
0.0503095
0.0497045
0.0571734
0.0521031
0.0534668
0.0426981
0.0468476
0.0511082
0.0431089
0.0461227
0.0415247
0.0396676
0.0520071
0.0437647
0.0392
0.0543156
0.0549875
0.047578
0.0535248
0.047656
0.0716735
0.0435896
0.0489037
0.0329788
0.0566191
0.06457
0.0502995
0.0462263
0.0506026
0.046466
0.0428169
0.0487136
0.0402304
0.0424258
0.0431073
0.0533739
0.0376138
0.0402374
0.0491419
0.0467942
0.042787
0.0399728
0.0479729
0.0479431
0.0540661
0.0394215
0.0675833
0.0505438
0.0563047
0.0634433
0.0471779
0.0483654
0.0542768
0.0530642
0.0462493
0.0572177
0.0515633
0.0475942
0.0493684
0.0555932
0.0488373
0.0505923
0.0542384
0.0545847
0.0604776
0.0432287
0.0528424
0.0363859
0.0475692
0.0618908
0.0590059
0.0372307
0.0509484
0.0472375
0.0456414
0.0515864
0.0430813
0.0569175
0.0435908
0.0394016
0.046057
0.0389671
0.0442824
0.0420734
0.0447684
0.0474067
0.0550056
0.050767
0.0604069
0.0446963
0.0446917
0.0455646
0.048883
0.0552215
0.0548295
0.0493634
0.0556987
0.0441892
0.0392076
0.049565
0.0466741
0.0381256
0.0551169
0.0400342
0.0573003
0.0398101
0.0487292
0.0542286
0.0373088
0.0495553
0.0472963
0.0454844
0.0513661
0.0446135
0.0490686
0.0449737
0.0462167
0.0516734
0.0670636
0.0447313
0.0616962
0.0745695
0.073091
0.0544029
0.0432719
0.0571429
0.0515357
0.0706796
0.0428027
0.0452086
0.062832
0.0380138
0.0540449
0.0519211
0.0552674
0.0456174
0.0558848
0.0465979
0.0404031
0.0508757
0.0438217
0.0411031
0.0432073
0.0496685
0.0562869
0.0466203
0.0541189
0.0458308
0.0528266
0.0468942
0.0402907
0.0406941
0.0426248
0.0600377
0.0469668
0.0368648
0.0498144
0.0513449
0.0533146
0.043386
0.0444504
0.0479942
0.0601162
0.0507531
0.047505
0.0359534
0.0452404
0.0374975
0.0345856
0.0578495
0.0527877
0.0551532
0.0382369
0.0400011
0.0375769
0.0398517
0.0401414
0.0409198
0.0388012
0.0500775
0.0446993
0.0418094
0.0459608
0.0545567
0.0501618
0.0584455
0.0443451
0.0462823
0.0493927
0.0602898
0.0471055
0.0380622
0.0515636
0.0454747
0.0318265
0.0519927
0.0517079
0.0483262
0.0390933
0.0505376
0.0430947
0.0615628
0.0381975
0.0488123
0.045114
0.0482023
0.0599168
0.0606298
0.0441221
0.0497943
0.0565598
0.0489896
0.0519497
0.0447977
0.0438427
0.0538253
0.040796
0.0463214
0.0563774
0.0412276
0.0449405
0.0453909
0.0452477
0.0436955
0.0576787
0.0488138
0.0548243
0.0456217
0.0435046
0.0465781
0.0381704
0.0413299
0.0521891
0.047131
0.044703
0.0416244
0.0397694
0.0387406
0.0507554
0.0440539
0.0489062
0.0481914
0.0495009
0.0476327
0.037904
0.0700249
0.0583429
0.0653299
0.0493332
0.0443468
0.0373437
0.0470095
0.0507918
0.0520172
0.0455677
0.0464019
0.0410421
0.0368527
0.0409687
0.0503062
0.0424592
0.0548856
0.0587433
0.0495238
0.0633892
0.0483755
0.0465331
0.0440231
0.0527963
0.0522213
0.0596716
0.0424069
0.0398348
0.0504503
0.0622697
0.0690854
0.0393604
0.0396444
0.0461859
0.0476297
0.0564617
0.0486147
0.0527489
0.0584566
0.0744725
0.0664554
0.047759
0.0553542
0.0455845
0.0485503
0.0471085
0.0471963
0.0509358
0.043484
0.0447472
0.0569047
0.0565257
0.0461685
0.0722516
0.0464532
0.0498105
0.0403763
0.0436468
0.0608771
0.0490598
0.0531914
0.056959
0.0389357
0.0437603
0.0590816
0.0396549
0.0460749
0.0466637
0.0536951
0.0472941
0.0575835
0.0495982
0.0558121
0.0454551
0.0513619
0.0375764
0.0492237
0.0584986
0.052379
0.0354968
0.0540901
0.0486126
0.073614
0.0498798
0.0574448
0.0620318
0.044663
0.054545
0.0415218
0.0541242
0.034834
0.0540196
0.0407076
0.0481141
0.0492926
0.0457151
0.0535309
0.0454863
0.0401757
0.0417113
0.0487524
0.044067
0.0401074
0.0428762
0.0509767
0.0482095
0.036318
0.0601046
0.0486865
0.0431194
0.0404208
0.0479362
0.0555202
0.0370244
0.0482106
0.036852
0.0579773
0.0486995
0.0571794
