0
0
0
0
0
0
0
0
0
0
0
0
0
0
0
0
0
0
0
0
0
0
0
0
0
0
0
0
0
0
0
0
0
0
0
0
0.0298658
0.0282942
0.161061
0.306018
0.873278
0.762391
0.793021
1.00931
1.04482
1.24925
1.04889
1.42843
0.964165
1.07175
0.998521
0.975122
1.05382
1.08429
0.843932
0.98172
0.922348
0.962752
1.19753
0.910356
0.989215
0.862628
0.875989
1.04597
1.04248
0.862503
1.20565
1.0392
1.02604
1.18619
1.09674
1.01179
1.01435
0.964843
1.06099
1.08193
0.985837
1.14605
1.05247
0.875066
0.98854
0.976411
1.02888
0.947317
1.05877
1.04503
1.01037
0.925048
0.970302
1.10769
1.02019
1.11207
0.999805
0.946674
0.984666
0.990328
1.07673
0.908261
0.922721
1.04091
1.01636
0.946224
0.920277
1.00287
0.991052
0.968779
1.02434
1.07079
1.0072
0.975617
0.997142
0.918528
0.91799
0.908063
1.10168
1.0469
1.07591
1.01732
0.974724
0.916685
1.01388
1.0323
1.00756
1.05653
0.94978
1.03323
0.992092
1.00596
1.05302
1.0036
0.946224
1.03313
0.997197
0.957756
0.958963
0.947028
0.971642
1.05647
1.02468
0.926211
1.04409
0.971754
1.0287
0.993161
1.03472
1.06942
0.989979
0.952826
1.02484
0.97735
1.05224
0.915311
0.915323
0.984491
1.02346
0.952748
0.940611
0.963992
0.999381
1.02755
0.983897
0.959546
1.01708
0.918353
0.999856
1.06335
0.998943
0.951597
1.06786
0.948662
0.981365
0.980776
0.968101
1.04289
0.985237
0.970166
0.955372
0.96358
1.03898
0.965691
0.987994
1.00854
0.986767
0.977223
0.972502
1.01639
0.954044
0.88957
0.941745
1.01604
0.923171
0.945019
0.986766
0.981907
0.970784
0.947345
0.933605
0.990479
0.971436
1.0197
0.969968
0.995643
0.958665
1.01076
1.01517
0.992121
0.979737
1.01837
1.00496
1.01262
1.0111
0.956198
0.95515
0.974156
1.00833
1.01528
1.05515
1.0236
0.98092
0.97448
0.996759
0.965072
1.05768
0.997262
0.961556
0.978869
1.01833
0.966346
0.943427
0.992636
1.00351
0.977786
0.995891
1.00781
0.967399
0.952744
1.01655
0.960749
1.01287
1.0176
0.971325
0.972849
0.996642
0.9925
1.07891
0.969133
0.973727
1.01979
1.00644
0.99072
0.977753
0.975025
0.964197
0.979514
0.948488
0.955706
0.911378
0.884511
0.93127
0.913471
0.870119
0.872786
0.817645
0.860161
0.851394
0.84725
0.814573
0.785696
0.78427
0.783391
0.753139
0.744903
0.766237
0.735644
0.737158
0.704557
0.701031
0.715106
0.679713
0.685554
0.664492
0.6648
0.617226
0.644067
0.611036
0.637028
0.606897
0.598832
0.584649
0.570172
0.590299
0.577359
0.554816
0.509933
0.536295
0.500775
0.546736
0.500808
0.519786
0.525636
0.480724
0.465722
0.489172
0.465652
0.426981
0.450196
0.428627
0.426685
0.439392
0.418697
0.419306
0.391604
0.40214
0.372859
0.378135
0.371744
0.375754
0.376154
0.342809
0.337549
0.350165
0.351454
0.338949
0.316706
0.320425
0.307569
0.287772
0.289356
0.276167
0.277058
0.265913
0.263225
0.263084
0.241117
0.24999
0.241786
0.21997
0.209587
0.206961
0.212648
0.191153
0.205047
0.169933
0.185468
0.170647
0.168661
0.168352
0.153875
0.157579
0.150164
0.142831
0.140087
0.131288
0.123542
0.124112
0.123415
0.105504
0.113009
0.0969005
0.0846633
0.085725
0.0873827
0.0750924
0.0731741
0.0655857
0.0729712
0.077313
0.0704115
0.0600674
0.060617
0.0594207
0.0530469
0.0553433
0.0476316
0.0522005
0.0496653
0.0454721
0.0410434
0.0377718
0.040612
0.0406736
0.0333527
0.0310029
0.0348995
0.0320269
0.0321287
0.0226402
0.0246433
0.0287346
0.0241287
0.0253099
0.0168737
0.018854
0.0143899
0.0161067
0.0170428
0.016957
0.0141018
0.0137805
0.0152075
0.012403
0.00839205
0.0120344
0.0109973
0.00851121
0.0104051
0.0074645
0.00646947
0.00643783
0.00616915
0.00543077
0.00540441
0.0051444
0.00372331
0.00393695
0.00230472
0.0034405
0.00159788
0.00204462
0.00226098
0.00135014
0.0015677
0.00111449
0.00155293
0
0.000219766
0.000656211
0.00043543
0.0002167
0
0.000214691
0
0
0
0
0
0
0
0
0
0
0
0
0
0
0
0
0
0
0
0
0
0
0
0
0
0
0
0
0
0
0
0
0
0
0
0
0
0
0
0
0
0
0
0
0
0
0
0
0
0
0
0
0
0
0
0
0
0
0
0
0
0
0
0
0
0
0
0
0
