0
0
0
0
0
0
0
0
0
0
0
0
0
0
0
0
0
0
0
0
0
0
0
0
0
0
0
0
0
0
0
0
0
0
0
0.00947163
0.0522652
0.205133
0.491236
0.977983
1.2796
1.6634
1.88673
2.00915
2.04545
2.07664
1.99841
1.97423
1.84883
1.75621
1.71153
1.65246
1.49627
1.42209
1.43201
1.38862
1.26823
1.2955
1.28531
1.25202
1.24739
1.13351
1.16883
1.18954
1.1013
1.13563
1.10308
1.07064
1.09473
1.09969
1.06712
1.07678
1.05334
1.03444
1.05202
1.03935
1.05519
1.03244
1.00921
1.02143
1.03428
1.07016
1.0093
1.02664
1.05793
1.05973
1.0367
1.04042
1.00916
1.02896
1.01825
0.999204
1.01143
1.03178
1.03123
1.02785
1.01541
1.02901
1.01725
1.03247
1.01991
1.02154
1.02518
1.0376
1.00453
0.989691
1.02364
1.00778
1.03661
0.994034
0.994209
1.01998
0.993598
0.998405
0.988023
1.00976
1.00819
0.996574
0.995267
1.00501
0.99292
1.0009
0.985554
0.99992
1.00035
0.988387
1.0095
0.995315
0.979764
1.02472
0.989797
1.00437
0.983939
0.991914
0.997234
1.00034
0.994064
0.990917
1.0056
0.976611
0.984023
0.992222
0.993628
0.991325
0.996707
0.998372
0.989516
0.979985
0.981897
0.995597
0.999099
0.997048
0.986068
0.997579
0.996542
1.00236
0.992515
0.990618
0.999618
0.9951
0.966906
0.98281
0.977758
0.985779
1.00353
0.995072
1.00526
0.99634
0.99478
0.988962
0.99601
0.979356
0.991367
0.983078
0.990202
0.984311
0.983151
0.97924
0.994274
0.986807
0.987383
0.992114
0.974701
0.99412
0.990328
0.996041
0.99534
0.985374
0.980938
0.989892
0.986598
0.986466
0.995463
0.984882
1.00791
0.995805
0.983016
0.993947
0.995217
0.984815
0.981548
0.994663
0.98336
0.988371
0.990954
0.994948
0.998585
0.991432
0.983272
0.993534
0.985284
0.994757
0.985064
0.982798
0.980314
0.992614
0.984569
0.984957
0.99763
0.995911
0.978428
0.978656
0.996964
0.987067
0.986227
0.984463
0.995295
0.988563
0.989646
0.981494
0.977414
0.980051
0.989893
0.989824
0.986936
0.990373
0.993078
0.999299
0.977646
0.990205
0.98952
0.985538
0.987407
0.996258
0.992551
0.98392
0.988166
0.986465
0.999837
0.989761
0.976168
0.972289
0.952215
0.939702
0.932393
0.920781
0.913072
0.899213
0.884498
0.87672
0.864725
0.859957
0.842706
0.836465
0.821592
0.813439
0.799195
0.793342
0.782228
0.768299
0.758985
0.751191
0.736097
0.737293
0.723297
0.711398
0.709072
0.695756
0.686998
0.680206
0.659157
0.653478
0.633454
0.63575
0.631166
0.614158
0.607915
0.59604
0.59225
0.570789
0.577215
0.562726
0.559536
0.547185
0.530584
0.534107
0.52345
0.510226
0.501008
0.490815
0.487334
0.483778
0.475693
0.462326
0.456376
0.454395
0.437267
0.430452
0.422523
0.41691
0.409009
0.399108
0.398595
0.387271
0.380307
0.372644
0.365765
0.357188
0.351733
0.343181
0.332424
0.327164
0.314561
0.313455
0.310072
0.30094
0.290608
0.281769
0.27519
0.270388
0.266951
0.257939
0.24912
0.243425
0.237455
0.231005
0.222905
0.217918
0.210277
0.205778
0.199715
0.191178
0.184195
0.182922
0.1741
0.167078
0.163878
0.157104
0.148652
0.145343
0.137147
0.130668
0.12458
0.118622
0.114709
0.106461
0.105379
0.102923
0.095817
0.0921906
0.0870721
0.0865759
0.0809211
0.0793021
0.0740909
0.0723011
0.0690782
0.0664932
0.0624555
0.0600342
0.0563482
0.0555407
0.052275
0.0498136
0.0463988
0.0467023
0.0435774
0.0419927
0.0402297
0.0373658
0.0362627
0.0348836
0.0333009
0.0292452
0.0298065
0.0281661
0.0269019
0.0253455
0.0239762
0.0227649
0.0212003
0.0206897
0.0195901
0.0177561
0.0174745
0.0161017
0.0159952
0.0145676
0.0134047
0.0125025
0.0113735
0.0110084
0.0103643
0.00901778
0.00876654
0.00845718
0.00732003
0.00678096
0.00633054
0.0059912
0.00481686
0.00473473
0.00419736
0.00380476
0.00339273
0.00308832
0.00303911
0.00230552
0.00215821
0.00179748
0.00157517
0.00122057
0.000991897
0.000743187
0.000552007
0.000483486
0.000393726
0.000239486
0.00023837
0.0001402
6.44073e-05
2.13697e-05
0
0
0
0
0
0
0
0
0
0
0
0
0
0
0
0
0
0
0
0
0
0
0
0
0
0
0
0
0
0
0
0
0
0
0
0
0
0
0
0
0
0
0
0
0
0
0
0
0
0
0
0
0
0
0
0
0
0
0
0
0
0
0
0
0
0
0
0
