0
0
0
0
0
0
0
0
0
0
0
0
0
0
0
0
0
0
0
0
0
0
0
0
0
0
0
0
0
0
0
0
0
0
0
0.00315721
0.0298658
0.141471
0.442917
0.999659
1.49913
1.93601
2.19403
2.32351
2.5558
2.41202
2.41244
2.25198
2.09241
1.98111
1.84258
1.75222
1.65723
1.57223
1.5231
1.46741
1.40222
1.38396
1.36495
1.31271
1.22945
1.24029
1.15101
1.20977
1.16394
1.20472
1.17506
1.10819
1.1278
1.09558
1.12556
1.16278
1.12487
1.10846
1.07174
1.07495
1.07082
1.04867
1.11187
1.08344
1.04012
1.05728
1.04817
1.06545
1.09109
1.03469
1.05132
1.07732
1.05057
1.04759
1.04303
1.08166
1.01841
1.07275
1.04927
1.0213
1.03272
1.00788
1.02648
1.00072
1.02581
1.02424
1.01685
0.998038
1.00963
1.04599
1.01662
1.01432
0.995035
1.06621
0.99258
1.02382
1.01105
0.988676
1.01154
1.07493
0.980628
1.01559
0.989742
1.02396
1.00648
0.98675
0.987675
1.01035
1.00754
1.01201
1.00527
0.99299
0.991089
1.01831
1.00557
0.982509
1.00808
0.992137
0.999653
1.00901
0.981679
1.01543
1.00788
0.988367
0.989062
1.00673
1.00754
0.98775
1.02348
0.997808
0.978485
0.969652
0.988933
0.979486
0.977931
0.989507
0.997616
0.982634
0.956787
0.98286
0.982849
0.965917
0.989244
0.989235
0.998107
0.983649
0.993127
1.01733
0.992357
1.00379
0.973683
0.980811
0.998213
1.00364
0.990125
0.990652
0.983879
0.986449
0.979749
0.988897
0.985259
0.981008
0.978914
0.979398
0.984941
1.00757
0.98605
0.990575
0.972502
0.978465
0.990421
0.984299
0.98329
1.00175
0.991039
0.989178
1.00427
0.976062
0.99487
0.959421
0.978431
0.972934
0.987088
0.988614
0.988576
0.988489
0.986513
0.994905
0.989955
0.974785
0.986175
0.984917
0.999564
0.979619
0.981199
0.992222
0.983082
0.996066
0.982995
0.990001
0.979179
0.985419
0.980754
0.989428
0.978755
0.977966
0.977313
0.979101
0.977898
0.973
0.961403
0.992715
0.995628
0.987197
0.984267
0.979642
0.979256
1.00256
0.968847
0.997225
1.00546
0.974716
0.985446
0.983407
0.982125
0.977079
0.974314
0.985454
0.980737
0.986099
0.991538
0.9788
0.967781
0.99008
0.975343
0.976912
0.936987
0.944531
0.943082
0.915418
0.895836
0.890092
0.879288
0.87802
0.857161
0.846487
0.841204
0.837754
0.818749
0.807682
0.802976
0.800098
0.769534
0.783117
0.749115
0.750462
0.742393
0.734421
0.711073
0.717715
0.698481
0.688496
0.694949
0.670529
0.669549
0.65511
0.647538
0.632731
0.613051
0.620089
0.615574
0.602875
0.586131
0.582041
0.565263
0.56083
0.560257
0.556492
0.551756
0.529391
0.524333
0.508451
0.50246
0.495029
0.482531
0.481349
0.46804
0.460641
0.455346
0.451859
0.437183
0.432997
0.41874
0.410015
0.405604
0.402471
0.402955
0.388891
0.376325
0.372983
0.37071
0.352511
0.341986
0.33751
0.338777
0.326895
0.318367
0.313665
0.307087
0.298931
0.295535
0.280823
0.276757
0.265331
0.263618
0.257179
0.258045
0.241403
0.235268
0.234469
0.218108
0.217656
0.211649
0.203638
0.198566
0.193106
0.191132
0.178892
0.175207
0.167394
0.16242
0.154962
0.148472
0.144464
0.136353
0.131746
0.126421
0.119593
0.11721
0.106571
0.102969
0.10009
0.0978293
0.0916826
0.0893377
0.0853428
0.0807849
0.0791365
0.0748396
0.0705587
0.0682191
0.0637828
0.0658105
0.0605296
0.0575076
0.054892
0.0531066
0.0505694
0.0463563
0.0478593
0.0458651
0.0431096
0.0391049
0.0393135
0.036194
0.0334347
0.0324171
0.0298945
0.02982
0.0302009
0.0277542
0.0259153
0.0246748
0.0240762
0.0235095
0.0220396
0.0204037
0.0185784
0.0162601
0.0160254
0.0154384
0.0141773
0.0136553
0.0124153
0.0119068
0.0112799
0.0107082
0.00921328
0.00907051
0.00747716
0.00763305
0.00716434
0.00553177
0.00552851
0.0048877
0.00465249
0.00409214
0.00414218
0.00326535
0.00297309
0.00229367
0.00205442
0.00188559
0.00174095
0.00144015
0.00107499
0.00100304
0.000776464
0.000552007
0.000681275
0.0004156
0.000174172
0.00017336
0.000107846
0
4.27394e-05
0
0
0
0
0
0
0
0
0
0
0
0
0
0
0
0
0
0
0
0
0
0
0
0
0
0
0
0
0
0
0
0
0
0
0
0
0
0
0
0
0
0
0
0
0
0
0
0
0
0
0
0
0
0
0
0
0
0
0
0
0
0
0
0
0
0
0
0
