0.0440658
0.0440875
0.0402099
0.0345723
0.0422001
0.0443675
0.0360476
0.0355092
0.040738
0.0392164
0.0440069
0.0396831
0.0398759
0.0384077
0.0464242
0.0426032
0.0474205
0.0426041
0.0464219
0.0330226
0.0381296
0.0327807
0.0547217
0.0367734
0.0382949
0.0386518
0.0297319
0.0416901
0.0587063
0.0562951
0.0378017
0.0444246
0.0346548
0.0551977
0.0462333
0.0405024
0.0542342
0.0517567
0.0402038
0.0625709
0.0704628
0.0515198
0.0422158
0.0507329
0.0524162
0.0462429
0.0408828
0.0270537
0.0527775
0.0274196
0.0471843
0.0354653
0.0384733
0.0441837
0.0594058
0.0477478
0.046572
0.053579
0.0308165
0.0462276
0.0352129
0.0561966
0.0539236
0.0466815
0.0501006
0.0416807
0.0457312
0.0450882
0.0351424
0.0412086
0.0415333
0.050626
0.0606293
0.0268754
0.0351039
0.039539
0.0540398
0.0541618
0.051346
0.0334708
0.0442643
0.0454942
0.0530671
0.0366508
0.0333649
0.0300572
0.0426207
0.0512701
0.0439383
0.0491779
0.0428801
0.0408751
0.054064
0.0426815
0.0375278
0.0344885
0.0363904
0.0484884
0.0384269
0.0429404
0.0561453
0.0349221
0.043557
0.0472634
0.0476593
0.0637328
0.0327224
0.0395546
0.0481304
0.0399527
0.0510451
0.0536957
0.0399254
0.0543034
0.0519041
0.0557002
0.0399095
0.0331928
0.0470911
0.0300852
0.0423697
0.0289504
0.0346886
0.0399978
0.0340581
0.0350767
0.0515782
0.0401265
0.0432318
0.0372178
0.049387
0.0478121
0.0484398
0.0497382
0.0459949
0.060512
0.053978
0.0584855
0.0405687
0.0447899
0.0375873
0.0349216
0.0423265
0.0449417
0.0455212
0.0241431
0.0554052
0.0373065
0.0387324
0.0425856
0.0387826
0.0398159
0.0482215
0.0444623
0.0619967
0.0329949
0.0392421
0.0360865
0.0409927
0.0403593
0.042322
0.0365564
0.0428289
0.0453912
0.0371077
0.0583601
0.0386489
0.0409437
0.0420251
0.031918
0.0474641
0.0546827
0.0362927
0.0397021
0.0468678
0.0474937
0.0301638
0.0490792
0.0563164
0.0506517
0.0511659
0.0428582
0.0348021
0.0435937
0.0403706
0.0464565
0.0404133
0.0350102
0.0424693
0.0506845
0.0704608
0.0401257
0.0491189
0.0338848
0.050766
0.0426329
0.0379139
0.0464514
0.0354777
0.044801
0.0499583
0.0358612
0.0516795
0.0322767
0.0421968
0.0406332
0.0474088
0.0467935
0.0426093
0.0516394
0.0468005
0.0412693
0.0364858
0.0421421
0.0421176
0.0479378
0.0645896
0.0461898
0.0517684
0.0358967
0.0422851
0.0516178
0.041682
0.042484
0.0338211
0.0425987
0.0519228
0.0498554
0.0545425
0.0431193
0.0387861
0.0380061
0.047639
0.042646
0.0357758
0.0497291
0.0498682
0.0673798
0.0479552
0.0516479
0.0460417
0.0419791
0.0475033
0.052938
0.0590873
0.0424586
0.0363502
0.0355808
0.0466781
0.0629956
0.0484116
0.0424916
0.0346617
0.0441323
0.0638388
0.0369163
0.0392565
0.0572503
0.0516235
0.0444748
0.0576828
0.050327
0.0302019
0.0477842
0.041474
0.0707428
0.0520718
0.0463484
0.058259
0.0397204
0.0540614
0.0459136
0.0495045
0.0401252
0.0505751
0.0468364
0.0453303
0.0415713
0.0514976
0.03442
0.0368589
0.0444147
0.0447852
0.0583707
0.0351138
0.0458202
0.0408149
0.0419914
0.0439126
0.0500138
0.0437526
0.0378921
0.0376722
0.0360714
0.0403886
0.0418139
0.0375301
0.0475697
0.0517235
0.0392954
0.0510946
0.0322952
0.0508355
0.042398
0.0474688
0.0517297
0.0489943
0.0557165
0.0362142
0.0398484
0.0393206
0.0616537
0.0363232
0.0394604
0.0383801
0.0464647
0.0529207
0.0406231
0.0355792
0.0385482
0.026264
0.0385872
0.0372432
0.0546121
0.0438367
0.0399572
0.0455576
0.0390163
0.050101
0.035125
0.0331345
0.0514586
0.0460944
0.0439248
0.040767
0.0485703
0.0398667
0.0321825
0.0553556
0.0461788
0.0303641
0.0344996
0.0549987
0.0546058
0.0320141
0.0415934
0.0402387
0.0432568
0.0418541
0.0411155
0.0540585
0.0477099
0.0394624
0.0422809
0.0433806
0.0435954
0.0356284
0.041442
0.0460691
0.0345885
0.0308768
0.0382598
0.0478214
0.0588714
0.040275
0.0419231
0.0454964
0.0313133
0.0505889
0.0417717
0.0459136
0.0422559
0.0553305
0.0446579
0.032672
0.0516983
0.0429725
0.0384225
0.0578709
0.0323835
0.0479795
0.0415076
0.0616738
0.0452804
0.0346357
0.0508325
0.0449424
0.0470943
0.0456347
0.0371398
0.0509941
0.0490078
0.0365506
0.0432972
0.0446941
0.0556368
0.0436774
0.0358747
0.0413715
0.0306668
0.0340671
0.040339
0.0358525
0.0458576
0.0434881
0.0340101
0.0368971
0.0335093
0.0396018
0.0378002
0.0455526
0.0489974
0.0439769
0.040106
0.0368857
0.0412211
0.0350223
0.0432277
0.041573
0.0577023
0.0364625
0.0401783
0.0469171
0.0594963
0.0427617
0.0410002
0.0355508
0.0460983
0.0445676
0.0388056
0.0442375
0.0569049
0.0380367
0.0419476
0.048935
0.0440428
0.0350077
0.0447399
0.0371086
0.0569942
0.0518289
0.0355012
0.0368625
0.0462438
0.0438172
0.0355034
0.0393888
0.0510665
0.0326314
0.0488094
0.0404768
0.0444986
0.055494
0.0460055
0.0400112
0.0312653
0.0312843
0.0433797
0.0360527
0.0467567
0.0370899
0.0348469
0.0400531
0.0439888
0.0324513
0.0337975
0.0389283
0.0643143
0.0466235
0.0334356
0.0397312
0.0404313
0.0371908
0.0496377
0.0474902
0.0447926
0.0345179
0.0467946
0.0368527
0.0408552
0.0656491
0.0392277
0.0477506
0.0407053
0.0590698
0.0396218
0.0489142
0.0475808
0.0324093
0.040392
0.0490784
0.0400866
0.0449466
0.0448493
0.0332399
0.0458326
0.036872
0.0293329
0.0410638
0.049631
