0.0210285
0.0293609
0.0344067
0.0317209
0.0201229
0.0298205
0.0246749
0.029986
0.0279952
0.0276097
0.0370273
0.0486489
0.0309152
0.0298211
0.0326669
0.0366598
0.0309766
0.040771
0.0320144
0.0382459
0.025808
0.03942
0.0332919
0.0211513
0.0251319
0.0307745
0.0387336
0.0198651
0.0441435
0.0244483
0.0540444
0.029884
0.0288809
0.0280184
0.0178858
0.0230628
0.0269609
0.0251292
0.0375626
0.0233394
0.0397919
0.0321984
0.0229877
0.0414463
0.0276437
0.0420652
0.0258932
0.0339608
0.0323894
0.02346
0.0311066
0.0354825
0.0389781
0.0262446
0.0392262
0.0307725
0.0263579
0.0180295
0.0323286
0.0283471
0.0611695
0.0171577
0.0285469
0.0306305
0.0434074
0.033206
0.0374339
0.0170589
0.0261973
0.0267828
0.0363732
0.0253457
0.0279986
0.0322435
0.0286619
0.0324661
0.0291879
0.0245096
0.0244876
0.0346315
0.0331442
0.0290934
0.0439043
0.0355091
0.0424079
0.0243672
0.0298678
0.0428142
0.017739
0.0225033
0.0327874
0.0266399
0.0230102
0.0290325
0.0400312
0.0269206
0.0308463
0.0277671
0.0259593
0.0206858
0.0233691
0.0280055
0.0431632
0.0294927
0.0194773
0.0409268
0.031693
0.0273002
0.0241583
0.0263679
0.0269182
0.034125
0.023439
0.0326886
0.0241155
0.0336426
0.030436
0.0356942
0.0256379
0.0281716
0.0355251
0.0265876
0.0256957
0.0425251
0.0258682
0.023791
0.0280296
0.028543
0.0336692
0.0331269
0.0219931
0.0206973
0.0214858
0.0373686
0.0320772
0.0342535
0.0232117
0.0337121
0.0150757
0.029593
0.031351
0.038281
0.0244423
0.0304074
0.0252743
0.0372482
0.0456801
0.0249992
0.0345979
0.0374026
0.0159679
0.0379849
0.032063
0.0290956
0.0295618
0.0285603
0.0318363
0.023232
0.0217065
0.0424482
0.026748
0.0424621
0.0348189
0.0349977
0.0298914
0.0370948
0.0325019
0.0266069
0.0126727
0.0290121
0.0435052
0.0295505
0.0281814
0.0309267
0.0228797
0.0251276
0.0303222
0.0299946
0.0276239
0.0249838
0.0479117
0.0461931
0.03563
0.0312443
0.028074
0.0337271
0.0235261
0.016066
0.0212628
0.0294811
0.0335725
0.0334905
0.0331307
0.0193577
0.0498723
0.0341717
0.0304
0.0275065
0.0252642
0.0245384
0.0360191
0.0398808
0.0259152
0.0248708
0.0299894
0.0572572
0.048867
0.0457015
0.0449717
0.0303362
0.0284533
0.0205014
0.0293904
0.0268647
0.0260478
0.0292775
0.019668
0.0505468
0.0239628
0.0302036
0.038555
0.0377375
0.0303411
0.0303972
0.0254507
0.0259753
0.0438555
0.0430161
0.0226138
0.0414437
0.0234435
0.0248352
0.0478197
0.0274501
0.0181103
0.03964
0.0484456
0.0350079
0.0320471
0.0276886
0.0345276
0.0320909
0.0270242
0.0286054
0.0273751
0.042784
0.0175024
0.0354777
0.0299609
0.0297502
0.0258347
0.0225626
0.0378543
0.0234277
0.0301644
0.0222685
0.0477371
0.0233426
0.0234233
0.0304965
0.0296112
0.0286524
0.0379779
0.034507
0.0350069
0.031451
0.0231787
0.0381847
0.0212989
0.0399616
0.0244478
0.0400192
0.0350924
0.0183597
0.0248391
0.0358811
0.019684
0.0400077
0.0268925
0.0211136
0.05192
0.0187606
0.0306724
0.0189007
0.0266643
0.0357703
0.0234259
0.027778
0.0276453
0.0246233
0.0233227
0.0266037
0.0247611
0.0328314
0.0325914
0.0356778
0.0250545
0.0321403
0.0409089
0.0606073
0.0386668
0.0230977
0.0231596
0.0207197
0.0205567
0.0448707
0.0271751
0.0288631
0.0384909
0.0272566
0.0224293
0.0240098
0.0241438
0.0317742
0.0288598
0.0317524
0.0250932
0.0266874
0.028999
0.0188993
0.0341123
0.0223037
0.0239628
0.0272714
0.0383487
0.0436477
0.025038
0.025647
0.0209671
0.0275516
0.0221714
0.033898
0.0458541
0.0236199
0.0285925
0.0315876
0.0254822
0.0205618
0.0238925
0.0439064
0.0273718
0.0567131
0.0278802
0.0434641
0.0328073
0.037856
0.025217
0.0255272
0.041347
0.0193591
0.0289472
0.0238432
0.0257618
0.0324976
0.0272479
0.0311892
0.0339811
0.0330524
0.0284488
0.0322573
0.0237487
0.0318828
0.0241941
0.0278948
0.0411223
0.0258489
0.0350826
0.0482817
0.0400328
0.0308081
0.0375041
0.0309109
0.0356625
0.0285089
0.0243773
0.0297971
0.0331132
0.0322391
0.0331119
0.0352176
0.0436201
0.0278535
0.0331637
0.0221439
0.0235959
0.0434136
0.0540496
0.0299681
0.0407265
0.0359732
0.02579
0.0268648
0.0276592
0.0399733
0.0295901
0.0287304
0.0269259
0.0333091
0.0420617
0.0387879
0.0257147
0.0368225
0.0296668
0.0292063
0.0267566
0.0418872
0.0234356
0.0344298
0.0368661
0.0382366
0.0259574
0.0225559
0.0386036
0.0400854
0.0156022
0.0386596
0.0313964
0.0243435
0.0251462
0.0297371
0.0376491
0.0338724
0.033397
0.0324026
0.0274296
0.0285499
0.0440563
0.0288152
0.0294618
0.0184532
0.0343661
0.0309897
0.0308481
0.033266
0.0298984
0.0508462
0.0437878
0.0346371
0.0309561
0.0355258
0.0324468
0.0307664
0.0464387
0.0464688
0.0421272
0.0233728
0.0254367
0.03672
0.0316393
0.0248877
0.0379608
0.0491146
0.0546253
0.0231566
0.0382824
0.0326121
0.0251187
0.0319654
0.04285
0.0244924
0.0384261
0.0430206
0.0356425
0.0277148
0.0211284
0.0286079
0.0203208
0.0245692
0.0286809
0.0165013
0.0191209
0.02891
0.0332541
0.028447
0.0245122
0.0421483
0.0530203
0.0270721
0.0430016
0.0224849
0.0343762
0.0271075
0.0173531
0.0333626
0.0183577
0.0390248
0.0440813
0.0366631
0.0252235
0.0375345
0.034145
0.0256077
0.0346969
0.0244096
0.0153014
0.0239243
0.0332468
0.0231131
0.0210668
0.0286947
0.0190102
0.0261677
0.0293909
0.03731
0.0228578
0.0193685
0.0279032
0.0270426
0.0290717
0.0339578
0.0421229
0.0342126
0.0310801
0.0379774
0.0242478
0.0324224
0.0216831
0.0219477
0.0296198
0.0285461
0.0149899
0.0361961
0.0215091
0.0440088
0.0284135
0.0410161
0.0255296
0.0256003
0.0294019
0.0432102
0.029564
0.0346413
0.0274749
0.0243222
0.0370529
0.0273912
0.0394331
0.0342478
0.0266816
0.036665
0.0391533
0.0497818
0.0314203
0.0264706
0.0226163
0.0366817
0.0331118
0.0272697
0.0214949
0.0280946
0.0339412
0.0221785
0.0325812
0.0292898
0.0304877
0.0223703
0.0218319
0.0196368
0.0345954
0.0328019
0.0355092
0.0304341
0.023216
0.0344486
0.0317292
0.0214021
0.0374817
0.023402
0.0584514
0.0256806
0.018805
0.0166461
0.0388085
0.0378455
0.013514
0.0313003
0.0243694
0.0244839
0.0290851
0.0454539
0.0365839
0.0253228
0.0359015
0.0267319
0.0216014
0.0235702
0.0472157
0.0284384
0.0228215
0.0297145
0.033357
0.0236797
0.0294772
0.0217763
0.0349014
0.0346599
0.0261377
0.0330882
0.0376719
0.0238006
0.0254243
0.0182921
0.0275571
0.0348209
0.031438
0.0367589
0.0382855
0.03713
0.0273714
0.0277787
0.0219213
0.0202329
0.0219271
0.0301556
0.0274432
0.036398
0.0313631
0.0190251
0.0263733
0.0195699
0.0244368
0.0450029
0.0370132
0.0361702
0.0321894
0.0364525
0.0249296
0.0191336
0.0312986
0.0318872
0.0353675
0.045499
0.023305
0.0294437
0.022523
0.0392026
0.0363446
0.0338748
0.0396983
0.0326165
0.0349851
0.0229099
0.0284837
0.0247889
0.0374474
0.0401599
0.0449644
0.0155057
0.0281461
0.0373365
0.0259533
0.0303003
0.021443
0.0328484
0.0339051
0.028808
0.0280677
0.0220967
0.0164073
0.0267211
0.022326
0.0351309
0.017383
0.0330947
0.0213528
0.0283424
0.0215948
0.0262927
0.0377623
0.0405614
0.0222772
0.0164778
0.0290513
0.0317926
0.0390325
0.0379344
0.0346459
0.0247462
0.0255676
0.0246605
0.0282424
0.0264171
0.0371821
0.0533463
0.027469
0.038687
0.0432495
0.0332605
0.0152879
0.0359285
0.0358075
0.0185446
0.0329517
0.00968388
0.023689
0.032809
0.0312361
0.0261345
0.0243971
0.0223432
0.0197027
0.0339623
0.0178713
0.0391805
0.0285286
0.024561
0.0382336
0.0286404
0.0278491
0.0482032
0.0173566
0.0391599
0.0235875
0.0343524
0.0326061
0.0291707
0.0242165
0.0342683
0.0347792
0.0276867
0.029575
0.0263342
0.0246909
0.0457662
0.0183233
0.0338754
0.0395685
0.0485963
0.0278811
0.0387734
0.0333787
0.0257782
0.0513377
0.0316068
0.0418325
0.0266403
0.0308786
0.023732
0.0301506
0.0341091
0.0257789
0.0259148
0.0311434
0.0347878
0.0297076
0.0302102
0.028762
0.0299914
0.0305581
0.0312397
0.0344561
0.0257947
0.0205636
0.0400768
0.024051
0.0268326
0.0372349
0.0225173
0.031229
0.046887
0.0386702
0.0343548
0.0320843
0.0459834
0.0426609
0.0256923
0.0257142
0.0316573
0.0446389
0.0346194
0.0314208
0.0220065
0.0283975
0.0383986
0.0437563
0.0225238
0.0361955
0.0252606
0.0188182
0.0437133
0.0235716
0.0314871
0.0266662
0.0243691
0.0410845
0.0241374
0.0472245
0.0437585
0.0325822
0.0384055
0.0145423
0.0314514
0.0243323
0.0310746
0.0193967
0.0262513
0.0171411
0.0125531
0.0204993
0.031437
0.0313588
0.0269372
0.0433332
0.0214691
0.0281497
0.0238159
0.035822
0.0417369
0.0385807
0.0178533
0.030027
0.0276428
0.0146628
0.0209276
0.0368675
0.018954
0.0194391
0.0314589
0.0272481
0.0303778
0.0396872
0.0456021
0.0337001
0.0340247
0.0385955
0.0577463
0.0223139
0.0247367
0.0230873
0.0416887
0.0264786
0.0248397
0.0516644
0.0341877
0.0379742
0.0209209
0.0285203
0.0286731
0.0285537
0.0270149
0.0305727
0.0491027
0.0158121
0.041807
0.0377658
0.0232199
0.0286447
0.051109
0.0366976
0.0430649
0.0378727
0.0251051
0.026672
0.0292712
0.0443734
0.016294
0.0278961
0.0454242
0.0324469
0.0395002
0.0229001
0.02906
0.0428336
0.0354131
0.0219726
0.0412716
0.054717
0.0349175
0.0283755
0.0396458
0.0325581
0.0305206
0.0363835
0.0279469
0.0326649
0.0311319
0.0426359
0.0267175
0.0313048
0.0270059
0.0118655
0.0198662
0.0197728
0.031103
0.0496855
0.0201254
0.0468424
0.0328599
0.0306463
0.0140121
0.0263124
0.0258324
0.0206681
0.0345208
0.0263444
0.0226169
0.0319684
0.0469529
0.0229213
0.0280661
0.0431091
0.0231274
0.0309602
0.0376004
0.0260811
0.0390993
0.0231251
0.0233687
0.0276231
0.0224054
0.0403192
0.0313206
0.0309212
0.0289343
0.0307407
0.0311582
0.0226932
0.0269306
0.027206
0.0291862
0.0221618
0.0279234
0.0373089
0.019717
0.0230052
0.0355773
0.0250767
0.0377031
0.0466488
0.0263828
0.0268041
0.0378535
0.0322604
0.0397494
0.0139539
0.0302743
0.0307421
0.0290288
0.0353132
0.028113
0.0447532
0.0378617
0.0254087
0.0330087
0.0338986
0.0217398
0.0398786
0.0418577
0.032684
0.0368148
0.0341103
0.0220132
0.018746
0.0301071
0.0397802
0.0169405
0.0258719
0.0397472
0.031618
0.0345044
0.0316705
0.026055
0.0395198
0.0421643
0.0317774
0.0598173
0.0406828
0.0218229
0.0306689
0.0197496
0.0268437
0.040148
0.0462426
0.033757
0.0263477
0.0308321
0.0266049
0.0222611
0.0312085
0.0188943
0.0233114
0.0261108
0.0291668
0.0514798
0.0286779
0.0418442
0.0269165
0.0366039
0.0293133
0.0208177
0.0150026
0.0363027
0.0226122
0.0296146
0.0427578
0.0159307
0.0229001
0.0248577
0.0168826
0.019276
