0
0
0
0
0
0
0
0
0
0
0
0
0
0
0
0
0
0
0
0
0
0
0
0
0
0
0
0
0
0
0
0
0
0
0
0
0
0
0
0
0
0
0
0.00841088
0.0914222
0.385347
0.95872
1.77407
2.30131
2.93026
2.93862
2.98687
2.65691
2.3076
2.08304
1.853
1.62346
1.52115
1.37599
1.14132
1.12999
1.00096
0.904509
0.902394
0.83207
0.743329
0.744085
0.675917
0.693637
0.689059
0.665247
0.702417
0.626022
0.668025
0.644835
0.66172
0.647593
0.639601
0.716065
0.712643
0.742326
0.74968
0.81872
0.828046
0.901345
0.922839
0.974478
0.986111
1.03685
1.08261
1.12343
1.15033
1.16582
1.18471
1.23885
1.21043
1.2549
1.26822
1.23111
1.27823
1.22298
1.2046
1.17553
1.16128
1.13078
1.07942
1.05539
1.01604
0.998584
0.974953
0.963741
0.930689
0.919719
0.909452
0.892422
0.886878
0.849731
0.865734
0.865776
0.857755
0.877557
0.861688
0.883075
0.900528
0.88997
0.906664
0.926077
0.950769
0.954221
0.971927
1.01036
0.989987
1.00422
1.04181
1.05277
1.05495
1.06432
1.07931
1.08079
1.06289
1.09186
1.08234
1.09346
1.0746
1.06855
1.0587
1.07164
1.03183
1.05299
1.04144
1.02299
1.0201
1.00899
0.998001
0.987874
0.98393
0.963517
0.97923
0.968892
0.958502
0.955476
0.947571
0.954854
0.94894
0.964346
0.956795
0.944403
0.959681
0.960656
0.96078
0.965625
0.970833
0.982074
0.980435
1.00262
1.00698
0.995924
1.01833
1.01194
1.01756
1.00753
1.02231
1.03951
1.01976
1.03323
1.02784
1.04333
1.0311
1.03441
1.02657
1.02108
1.02184
1.01941
1.01421
1.00923
1.00564
1.00831
1.01083
0.992238
0.990363
0.998721
0.987608
0.97778
0.989044
0.984723
0.98628
0.972179
0.981313
0.974211
0.975177
0.987888
0.995069
0.985373
0.987119
0.978152
0.989187
0.991105
0.997615
0.990671
0.989923
0.993895
1.00522
1.01593
1.0081
1.00833
1.00833
1.01181
1.0089
1.01403
1.00967
1.01269
1.00496
1.02165
1.02204
1.01534
1.00508
1.00553
1.00194
1.00633
1.00873
1.00073
1.00031
0.998537
0.995855
0.999407
0.992437
1.00048
0.987829
0.99233
0.994331
0.987898
0.970528
0.960047
0.952302
0.935434
0.944735
0.920026
0.902633
0.892031
0.886055
0.881347
0.866648
0.860375
0.842854
0.830465
0.832772
0.814125
0.806215
0.793459
0.78424
0.775679
0.774024
0.750644
0.746362
0.737396
0.728776
0.71334
0.710946
0.691922
0.685325
0.669119
0.665026
0.651876
0.641914
0.633501
0.631976
0.618119
0.611203
0.598847
0.583845
0.582355
0.572981
0.56607
0.553674
0.542374
0.542628
0.5287
0.523601
0.507461
0.50115
0.495199
0.486557
0.48028
0.466689
0.463392
0.45593
0.445082
0.439751
0.429338
0.423556
0.417593
0.40735
0.399736
0.391664
0.38429
0.3777
0.370154
0.365694
0.356263
0.347313
0.343812
0.330552
0.326764
0.318645
0.311357
0.302968
0.294583
0.290061
0.28509
0.275006
0.270849
0.26442
0.255166
0.249149
0.2403
0.232913
0.228175
0.221463
0.215139
0.207125
0.203799
0.192526
0.190114
0.184693
0.178459
0.170878
0.167573
0.158982
0.153009
0.141646
0.140175
0.135289
0.127286
0.123382
0.116292
0.110932
0.106898
0.103997
0.0997487
0.0913594
0.091588
0.0878851
0.0818749
0.0791816
0.0772953
0.072867
0.0714627
0.0669351
0.0624994
0.0618702
0.0589134
0.0561317
0.0546121
0.050384
0.0483138
0.0465471
0.0451774
0.0418252
0.0417572
0.038982
0.0379666
0.0361959
0.0347695
0.0317612
0.0304659
0.0288087
0.0270883
0.025584
0.0246089
0.0240369
0.0218526
0.0208715
0.0197321
0.0196191
0.0175256
0.016763
0.0158814
0.0148824
0.0141188
0.0134873
0.0116836
0.0106135
0.0107327
0.00942101
0.00907051
0.00811841
0.00745246
0.00700859
0.00631861
0.00524378
0.00551342
0.0045585
0.00460658
0.00443306
0.00309166
0.00330727
0.00279827
0.00245389
0.00194239
0.00157138
0.0014289
0.00124296
0.000902738
0.000865203
0.00076177
0.000472497
0.000393726
0.000272143
0.0002167
0.0001402
3.22036e-05
1.06849e-05
0
0
0
0
0
0
0
0
0
0
0
0
0
0
0
0
0
0
0
0
0
0
0
0
0
0
0
0
0
0
0
0
0
0
0
0
0
0
0
0
0
0
0
0
0
0
0
0
0
0
0
0
0
0
0
0
0
0
0
0
0
0
0
0
0
0
0
0
