0
0
0
0
0
0
0
0
0
0
0
0
0
0
0
0
0
0
0
0
0
0
0
0
0
0
0
0
0
0
0
0
0
0
0
0.00315721
0.018915
0.137698
0.393704
0.817749
1.26787
1.66802
1.93629
2.06067
2.18074
2.10451
1.97019
1.8981
1.74903
1.68016
1.61792
1.52369
1.38536
1.37066
1.3177
1.27408
1.23977
1.17897
1.14908
1.08793
1.09321
1.04076
1.05934
1.01933
1.01442
1.0078
0.974418
0.989424
1.01869
0.969817
0.990532
0.970283
1.01713
1.02205
1.04784
1.01096
1.04272
1.02857
1.05591
1.06162
1.06836
1.05009
1.06376
1.10121
1.08254
1.08259
1.08092
1.11924
1.12304
1.07673
1.08723
1.07136
1.088
1.07745
1.06739
1.08631
1.06405
1.06982
1.04876
1.06744
1.06061
1.02372
1.06394
1.05412
1.03344
1.03718
1.02259
1.02063
1.04078
1.03679
1.04548
1.03193
1.02855
1.04005
1.02287
1.02711
1.02265
1.01636
1.02658
1.01513
1.02694
1.01101
1.03275
1.01418
1.02071
1.01807
1.02533
1.0337
1.02233
1.02487
1.02504
1.00606
1.00868
1.03515
1.03133
1.01927
1.0278
1.03943
1.00767
0.996955
1.01768
1.01229
1.02459
1.01107
1.0144
1.00871
1.0066
1.00757
1.00433
1.01195
1.0058
0.99881
1.0052
1.00008
1.00135
0.997725
1.01426
1.01628
1.00408
0.996429
1.01031
1.00694
1.01613
1.00771
1.00407
0.998365
1.02196
1.01201
1.01368
1.00272
1.01034
1.00851
1.0104
0.985832
0.998434
1.00982
0.994242
1.00808
1.0056
1.00319
0.994629
0.995657
0.996324
1.00944
1.00048
1.00186
0.993358
1.00418
0.997026
1.00278
1.0058
0.998039
0.994998
0.999122
0.993958
0.992873
1.0045
0.996735
0.994594
1.00344
0.999793
0.995023
0.992723
0.995097
0.987323
0.99165
0.997901
1.00167
0.998252
0.992733
0.9938
0.994594
0.99345
0.991585
1.00182
0.994228
1.00142
0.998905
0.997644
0.993612
0.996596
0.993456
1.00167
0.986005
0.993661
0.992275
1.00695
0.990537
0.995298
0.993165
0.990707
0.996001
0.991794
0.989107
0.995498
0.987229
0.981672
0.999052
0.99279
0.996703
0.993889
0.989222
0.990779
0.995631
0.983932
0.990038
0.993525
0.987483
0.991085
0.995918
0.988088
0.976829
0.958809
0.949382
0.937041
0.922773
0.917486
0.911574
0.885084
0.87152
0.870471
0.857678
0.855101
0.837964
0.829194
0.822264
0.804844
0.797003
0.78278
0.770882
0.765411
0.758469
0.744982
0.737062
0.725207
0.714884
0.705715
0.690373
0.688297
0.676658
0.668807
0.65039
0.648369
0.640619
0.63165
0.62458
0.610194
0.600484
0.594098
0.578354
0.572681
0.568369
0.55308
0.551411
0.535393
0.533932
0.527757
0.515464
0.507089
0.501047
0.490829
0.478941
0.47349
0.462844
0.457006
0.45247
0.437479
0.431819
0.42522
0.419832
0.410377
0.402402
0.39664
0.390982
0.37969
0.373423
0.367148
0.357326
0.350393
0.347072
0.339125
0.32923
0.322894
0.316377
0.310853
0.30002
0.293308
0.290444
0.280751
0.271341
0.266144
0.25882
0.254962
0.248415
0.241835
0.231606
0.227783
0.219426
0.212043
0.207217
0.201174
0.194789
0.187672
0.182096
0.174983
0.168317
0.16337
0.158158
0.152349
0.145517
0.138718
0.132519
0.126955
0.121525
0.114941
0.109163
0.105859
0.101657
0.0973855
0.0921342
0.0901133
0.0851702
0.0818043
0.0787249
0.0761872
0.0730804
0.0684956
0.0661789
0.0638082
0.0604616
0.0581646
0.0583805
0.0530015
0.0511874
0.0480963
0.0469845
0.0443213
0.0408759
0.0410861
0.038236
0.0381819
0.0351388
0.0337768
0.031653
0.0308516
0.0292906
0.027328
0.0249083
0.0247891
0.0234205
0.0215873
0.020335
0.0194739
0.0182015
0.0176577
0.0167461
0.0157337
0.0139591
0.0137889
0.0127477
0.0119895
0.0113375
0.0105035
0.00969391
0.00855984
0.00837249
0.00727187
0.00701259
0.00625503
0.00602679
0.0053442
0.00458983
0.00438054
0.0036535
0.0034043
0.00305759
0.0024848
0.00256422
0.00208248
0.00191429
0.00161267
0.00115711
0.0010179
0.000879993
0.00074337
0.000402905
0.000349979
0.000283029
0.00015169
0.000115036
7.872e-05
2.84929e-05
0
0
0
0
0
0
0
0
0
0
0
0
0
0
0
0
0
0
0
0
0
0
0
0
0
0
0
0
0
0
0
0
0
0
0
0
0
0
0
0
0
0
0
0
0
0
0
0
0
0
0
0
0
0
0
0
0
0
0
0
0
0
0
0
0
0
0
0
