0.133943
0.102329
0.106584
0.108246
0.110921
0.109922
0.140004
0.147659
0.109493
0.170377
0.0310297
0.166877
0.083414
0.137041
0.0893415
0.184608
0.104866
0.18876
0.141895
0.077526
0.1011
0.142022
0.108027
0.0876661
0.116469
0.156599
0.143097
0.11638
0.148652
0.101243
0.0358264
0.191222
0.0837285
0.148336
0.168417
0.119529
0.0894118
0.259099
0.150844
0.160065
0.177749
0.128261
0.0783716
0.172608
0.0452458
0.117909
0.101346
0.145071
0.0435396
0.0516003
0.136918
0.0478209
0.179739
0.142602
0.127691
0.137738
0.153814
0.0817141
0.173456
0.103293
