0
0
0
0
0
0
0
0
0
0
0
0
0
0
0
0
0
0
0
0
0
0
0
0
0
0
0
0
0
0
0
0
0
0
0
0
0
0
0
0
0
0
0
0
0
0
0
0
0
0
0
0
0
0
0
0
0
0
0
0
0
0
0
0
0
0
0
0
0
0
0
0
0
0
0
0
0
0
0
0
0
0
0
0
0
0
0
0
0
0
0
0
0
0
0
0
0
0
0
0
0
0
0
0
0
0
0
0
0
0
0
0
0
0
0
0
0
0
0
0
0
0
0
0
0
0
0
0
0
0
0
0
0
0
0
0
0
0
0
0
0
0
0
0
0
0
0
0
0
0
0
0
0
0
0
0
0
0
0
0
0
0
0
0
0
0
0
0
0
0
0
0
0
0
0
0
0
0
0
0
0
0
0
0
0
0
0
0
0
0
0
0
0
0
0
0
0
0
0
0
0
0
0
0
0
0
2.33271
0
2.28817
0
0
0
0
0
0
2.14193
0
2.10272
0
8.25831
2.04589
2.02746
6.02784
9.95669
5.92091
0
0
5.76579
0
0
1.87223
3.71217
1.84015
3.64885
0
1.79357
0
0
1.74873
0
1.71977
1.70556
1.69152
0
1.66396
1.65043
1.63707
3.24773
3.22164
6.39174
3.1704
0
1.56019
3.09581
0
3.04753
0
3.00038
0
1.47715
1.46583
1.45464
0
1.43265
0
0
1.40057
0
1.37979
0
0
0
1.33958
2.65959
2.64025
1.31056
0
0
1.28248
1.27332
0
0
0
1.23764
1.22895
1.22036
1.21186
0
0
2.37374
0
1.17064
0
0
1.14691
1.13916
1.13149
0
0
0
0
0
0
0
0
0
1.05886
0
0
0
0
0
0
0
0
0
0
0
0
0
0
0
0
0
0
0
0
0
0
0.916198
0
0
1.79948
0
0
0.883721
0
0
0
0
0
0.85294
0
0
0
0
0
0
0
0.81434
0
0
0
0
0
0
0
0.778302
0
0
0
0
0
0
0
0
0
0
0
0
0
0
0
0
0
0
0.70173
0
0
0
0
0
0.679888
0
0
0
0
0
0
0
0
0
0
0
0
0.635927
0
0
0
0
0
0
0
0
0
0
0
0
0
0
0
0
0
0
0
0
0
0
0
0
0
0
0
0
0
0
0
0
0
0
0
0
0
0
0
0
0
0
0
0
0
0
0
0
0
0
0
0
0
0
0
0
0
0
0
0
0
0
0
0
0
0
0
0
0
0
0
0
0
0
0
0
0
0
0
0
0
0
0
0
0
0
0
0
0
0
0
0
0
0
0
0
0
0
0
0
0
0
0
0
