0.00227437
0.0068231
0.0113718
0.0159206
0.0204693
0.025018
0.0295668
0.0341155
0.0386642
0.043213
0.0477617
0.0523104
0.0568592
0.0614079
0.0659566
0.0705053
0.0750541
0.0796028
0.0841515
0.0887003
0.093249
0.0977977
0.102346
0.106895
0.111444
0.115993
0.120541
0.12509
0.129639
0.134188
0.138736
0.143285
0.147834
0.152383
0.156931
0.16148
0.166029
0.170577
0.175126
0.179675
0.184224
0.188772
0.193321
0.19787
0.202419
0.206967
0.211516
0.216065
0.220614
0.225162
0.229711
0.23426
0.238808
0.243357
0.247906
0.252455
0.257003
0.261552
0.266101
0.27065
0.275198
0.279747
0.284296
0.288844
0.293393
0.297942
0.302491
0.307039
0.311588
0.316137
0.320686
0.325234
0.329783
0.334332
0.338881
0.343429
0.347978
0.352527
0.357075
0.361624
0.366173
0.370722
0.37527
0.379819
0.384368
0.388917
0.393465
0.398014
0.402563
0.407112
0.41166
0.416209
0.420758
0.425306
0.429855
0.434404
0.438953
0.443501
0.44805
0.452599
0.457148
0.461696
0.466245
0.470794
0.475342
0.479891
0.48444
0.488989
0.493537
0.498086
0.502635
0.507184
0.511732
0.516281
0.52083
0.525379
0.529927
0.534476
0.539025
0.543573
0.548122
0.552671
0.55722
0.561768
0.566317
0.570866
0.575415
0.579963
0.584512
0.589061
0.59361
0.598158
0.602707
0.607256
0.611804
0.616353
0.620902
0.625451
0.629999
0.634548
0.639097
0.643646
0.648194
0.652743
0.657292
0.661841
0.666389
0.670938
0.675487
0.680035
0.684584
0.689133
0.693682
0.69823
0.702779
0.707328
0.711877
0.716425
0.720974
0.725523
0.730071
0.73462
0.739169
0.743718
0.748266
0.752815
0.757364
0.761913
0.766461
0.77101
0.775559
0.780108
0.784656
0.789205
0.793754
0.798302
0.802851
0.8074
0.811949
0.816497
0.821046
0.825595
0.830144
0.834692
0.839241
0.84379
0.848339
0.852887
0.857436
0.861985
0.866533
0.871082
0.875631
0.88018
0.884728
0.889277
0.893826
0.898375
0.902923
0.907472
0.912021
0.91657
0.921118
0.925667
0.930216
0.934764
0.939313
0.943862
0.948411
0.952959
0.957508
0.962057
0.966606
0.971154
0.975703
0.980252
0.9848
0.989349
0.993898
0.998447
1.003
1.00754
1.01209
1.01664
1.02119
1.02574
1.03029
1.03484
1.03939
1.04393
1.04848
1.05303
1.05758
1.06213
1.06668
1.07123
1.07578
1.08032
1.08487
1.08942
1.09397
1.09852
1.10307
1.10762
1.11216
1.11671
1.12126
1.12581
1.13036
1.13491
1.13946
1.14401
1.14855
1.1531
1.15765
1.1622
1.16675
1.1713
1.17585
1.1804
1.18494
1.18949
1.19404
1.19859
1.20314
1.20769
1.21224
1.21679
1.22133
1.22588
1.23043
1.23498
1.23953
1.24408
1.24863
1.25318
1.25772
1.26227
1.26682
1.27137
1.27592
1.28047
1.28502
1.28957
1.29411
1.29866
1.30321
1.30776
1.31231
1.31686
1.32141
1.32596
1.3305
1.33505
1.3396
1.34415
1.3487
1.35325
1.3578
1.36235
1.36689
1.37144
1.37599
1.38054
1.38509
1.38964
1.39419
1.39874
1.40328
1.40783
1.41238
1.41693
1.42148
1.42603
1.43058
1.43512
1.43967
1.44422
1.44877
1.45332
1.45787
1.46242
1.46697
1.47151
1.47606
1.48061
1.48516
1.48971
1.49426
1.49881
1.50336
1.5079
1.51245
1.517
1.52155
1.5261
1.53065
1.5352
1.53975
1.54429
1.54884
1.55339
1.55794
1.56249
1.56704
1.57159
1.57614
1.58068
1.58523
1.58978
1.59433
1.59888
1.60343
1.60798
1.61253
1.61707
1.62162
1.62617
1.63072
1.63527
1.63982
1.64437
1.64892
1.65346
1.65801
1.66256
1.66711
1.67166
1.67621
1.68076
1.68531
1.68985
1.6944
1.69895
1.7035
1.70805
1.7126
1.71715
1.7217
1.72624
1.73079
1.73534
1.73989
1.74444
1.74899
1.75354
1.75808
1.76263
1.76718
1.77173
1.77628
1.78083
1.78538
1.78993
1.79447
1.79902
1.80357
1.80812
1.81267
1.81722
1.82177
1.82632
1.83086
1.83541
1.83996
1.84451
1.84906
1.85361
1.85816
1.86271
1.86725
1.8718
1.87635
1.8809
1.88545
1.89
1.89455
1.8991
1.90364
1.90819
1.91274
1.91729
1.92184
1.92639
1.93094
1.93549
1.94003
1.94458
1.94913
1.95368
1.95823
1.96278
1.96733
1.97188
1.97642
1.98097
1.98552
1.99007
1.99462
1.99917
2.00372
2.00827
2.01281
2.01736
2.02191
2.02646
2.03101
2.03556
2.04011
2.04466
2.0492
2.05375
2.0583
2.06285
2.0674
2.07195
2.0765
2.08104
2.08559
2.09014
2.09469
2.09924
2.10379
2.10834
2.11289
2.11743
2.12198
2.12653
2.13108
2.13563
2.14018
2.14473
2.14928
2.15382
2.15837
2.16292
2.16747
2.17202
2.17657
2.18112
2.18567
2.19021
2.19476
2.19931
2.20386
2.20841
2.21296
2.21751
2.22206
2.2266
2.23115
2.2357
2.24025
2.2448
2.24935
2.2539
2.25845
2.26299
2.26754
2.27209
