0
0
0
0
0
0
0
0
0
0
0
0
0
0
0
0
0
0
0
0
0
0
0
0
0
0
0
0
0
0
0
0
0
0
0.00167144
0
0.0149329
0.12025
0.292594
0.451377
0.686494
0.862888
0.976958
1.05872
1.0177
1.05994
1.01761
1.09689
1.08257
1.02547
0.940014
1.05088
1.05237
0.986986
1.00803
1.02629
0.968466
1.02954
0.99639
1.0042
1.00389
1.04988
1.00892
1.01587
1.03387
1.01738
1.00096
0.99772
0.977282
0.996314
1.02509
0.98533
1.00073
1.0002
0.992523
1.01143
0.994676
0.976459
0.998552
0.998771
0.966743
1.01325
0.98299
0.996109
0.971558
0.965837
1.00984
1.00014
0.989099
0.979786
1.00368
0.993501
0.993992
0.987635
0.986893
0.990983
0.99106
0.965184
0.995718
0.979019
0.979724
0.977894
0.989203
0.983181
0.980668
0.9913
0.976981
0.987466
1.01717
0.974787
0.998934
1.00046
0.991712
1.00829
0.972696
0.988585
0.981508
0.988937
0.979966
0.976172
0.984836
0.996049
0.980516
0.98218
0.979814
0.980808
1.01459
0.99813
0.976992
0.977502
0.980218
0.995509
1.00388
0.99303
0.980738
0.984736
0.980504
0.986287
0.991179
0.993274
0.983418
0.993414
0.983635
0.997894
0.985655
1.00617
0.993224
0.997907
0.988843
0.990435
0.988735
0.995921
1.00591
0.987447
0.991958
0.992898
0.983743
1.00273
0.989482
1.00683
1.00135
0.987692
0.998099
1.00342
0.984343
0.989044
0.978347
0.99322
0.986932
1.00212
0.991151
0.98639
1.0012
1.00257
1.00327
1.00162
0.986792
0.985302
0.996459
0.983905
0.98891
0.985229
0.999908
0.989275
0.992549
0.984247
0.998543
0.986053
0.990624
0.989227
0.982158
0.998509
0.990631
0.988283
1.00886
0.995961
0.980801
0.990122
0.990471
0.988914
0.983132
0.986579
0.996265
0.986546
0.986578
1.00032
0.994992
0.989399
0.996177
0.992673
0.980794
0.997159
0.990439
0.986813
0.998042
0.999168
0.986012
0.98605
0.986254
0.992401
0.982233
0.996011
0.991941
0.999771
0.993687
0.990997
0.977535
0.987641
0.98435
1.00408
0.993178
0.984951
0.995891
0.993327
0.979483
0.991557
0.987102
0.996724
0.996847
0.993535
0.996399
0.990928
1.00145
0.985722
0.989123
0.998675
0.996351
0.99361
0.99668
0.996312
1.00045
0.977479
0.953775
0.945522
0.942621
0.922579
0.926255
0.905423
0.888905
0.882687
0.869445
0.857542
0.849
0.837955
0.826427
0.82058
0.800287
0.792119
0.782145
0.783336
0.75662
0.757669
0.749091
0.738649
0.725357
0.718501
0.70902
0.697951
0.684048
0.68153
0.671066
0.655185
0.646317
0.638746
0.63355
0.617527
0.617271
0.604825
0.602217
0.590112
0.577828
0.572419
0.560978
0.549379
0.542993
0.535702
0.529718
0.523174
0.510006
0.499554
0.495595
0.484259
0.481541
0.470274
0.463607
0.45156
0.439406
0.434134
0.42961
0.422809
0.410185
0.399313
0.396151
0.390915
0.380066
0.376501
0.365804
0.3548
0.355655
0.346689
0.332017
0.331303
0.320299
0.315509
0.305405
0.300302
0.297122
0.291155
0.281292
0.269894
0.267061
0.258355
0.252125
0.245893
0.238469
0.231994
0.229651
0.221393
0.215278
0.207781
0.206905
0.193276
0.186366
0.182669
0.178157
0.168844
0.161707
0.156972
0.150618
0.146663
0.138378
0.133389
0.126501
0.120198
0.115785
0.108429
0.104221
0.0983462
0.0965135
0.0929449
0.0895367
0.0872152
0.0820112
0.0785944
0.0749144
0.0727776
0.0702482
0.0672297
0.0631294
0.0595533
0.0568989
0.0563047
0.0537088
0.0517958
0.0491223
0.0472949
0.0449669
0.0432212
0.040438
0.0391753
0.0376368
0.0358405
0.0323083
0.0330869
0.029497
0.0292772
0.0281404
0.025478
0.0254789
0.0241024
0.0214612
0.0199369
0.0204682
0.0182444
0.0183565
0.0165977
0.0154511
0.0148069
0.0130665
0.0127144
0.0120433
0.0112182
0.010045
0.00906665
0.00894893
0.00856607
0.00760897
0.00667314
0.00662858
0.00546919
0.00517104
0.00452326
0.00430259
0.00386293
0.00316114
0.00290395
0.00270653
0.00241965
0.00218092
0.00151485
0.00122638
0.00123176
0.00117022
0.000976126
0.00079489
0.000472497
0.000328105
0.000283029
0.0002167
0.000118631
5.36727e-05
4.27394e-05
1.06355e-05
0
0
0
0
0
0
0
0
0
0
0
0
0
0
0
0
0
0
0
0
0
0
0
0
0
0
0
0
0
0
0
0
0
0
0
0
0
0
0
0
0
0
0
0
0
0
0
0
0
0
0
0
0
0
0
0
0
0
0
0
0
0
0
0
0
0
0
