0
0
0
0
0
0
0
0
0
0
0
0
0
0
0
0
0
0
0
0
0
0
0
0
0
0
0
0
0
0
0
0
0
0
0
0.00210481
0.0258837
0.0924278
0.236223
0.50663
0.784333
1.06581
1.22331
1.28687
1.29799
1.32869
1.28565
1.25796
1.24721
1.19625
1.25023
1.17515
1.15005
1.10839
1.17079
1.05061
1.11014
1.10636
1.03786
0.988279
1.06313
1.02393
1.02606
0.968343
1.00486
1.0449
1.0449
0.982729
1.01021
0.99453
0.97719
0.98066
0.964897
0.953059
0.95871
0.958145
0.992636
0.966743
0.967667
0.972855
1.01597
1.01036
0.981334
0.981177
1.00601
0.996408
1.00612
1.01617
0.992316
1.00636
1.00529
0.992312
0.976863
0.983084
0.990309
1.02639
1.02318
0.973555
1.00993
1.00528
0.985108
1.00853
0.997788
1.0358
1.02214
1.03408
0.98692
1.00767
0.982868
1.01057
0.990407
1.00537
0.984639
0.984661
1.00578
1.02105
1.00437
0.996766
0.999659
0.98207
0.986481
1.00858
1.00562
0.987311
0.998211
0.991966
0.97966
0.999925
0.996631
0.995692
1.00136
0.998309
0.996291
0.985142
1.00764
0.997161
0.99442
1.01073
1.02551
0.996273
1.00351
0.997852
1.00885
0.98994
1.01402
1.00476
0.99171
0.997694
1.01449
0.993016
1.01429
0.995401
0.995848
1.00577
0.980345
1.01308
1.00494
0.979604
0.989983
1.00107
1.00696
0.978157
0.994081
0.993965
1.02034
0.990424
1.00306
0.996128
0.999661
0.996856
1.00764
0.996018
0.99627
0.993278
0.997781
1.01064
1.01779
0.999446
0.993025
0.987178
0.990436
1.00017
0.986767
1.00369
1.00983
0.996812
1.00994
0.993089
0.998257
0.993807
0.99875
1.00578
1.0003
0.994517
1.00788
0.99787
1.00416
0.989255
1.00967
0.993446
1.01141
1.00433
1.00466
1.00467
1.00204
1.00569
0.990996
0.999025
1.00649
0.997991
0.990747
0.994031
1.00326
0.985038
0.996976
0.995741
1.00037
0.994727
1.00976
0.994025
1.00091
0.98805
0.997995
0.998962
0.996924
0.991127
0.985756
1.01421
1.00597
0.997672
1.00007
0.997585
0.999081
1.00752
1.00855
0.985076
0.990564
1.0003
1.00471
1.00775
0.998566
0.993452
0.9975
1.00534
1.00077
0.988542
0.996864
1.00164
1.00146
1.00525
0.998593
0.975822
0.969731
0.963581
0.943082
0.931448
0.926296
0.916075
0.904952
0.885386
0.878406
0.869334
0.850174
0.842816
0.843773
0.819028
0.805012
0.805158
0.786735
0.787591
0.775616
0.755734
0.763022
0.742665
0.72959
0.72273
0.709393
0.704668
0.689733
0.688678
0.659738
0.659947
0.654119
0.6441
0.625849
0.629803
0.616915
0.613466
0.600902
0.594922
0.584893
0.571646
0.559001
0.558186
0.545104
0.542028
0.530503
0.520918
0.514546
0.501091
0.496264
0.489359
0.478708
0.470029
0.466604
0.454687
0.446557
0.443125
0.432313
0.42249
0.415069
0.407788
0.399723
0.389269
0.386958
0.378406
0.371306
0.369602
0.352432
0.344669
0.339784
0.331412
0.323545
0.31843
0.313825
0.303638
0.294515
0.293337
0.281378
0.271439
0.267006
0.264625
0.255334
0.25247
0.239559
0.237497
0.225827
0.22137
0.213628
0.208298
0.202387
0.192878
0.189334
0.181601
0.175542
0.171772
0.165612
0.159476
0.151224
0.145148
0.136785
0.135063
0.128236
0.122034
0.114571
0.110989
0.107592
0.101532
0.10012
0.0969369
0.0890724
0.0850078
0.0810675
0.0789156
0.0787627
0.0724549
0.0691769
0.0675832
0.0633687
0.0616467
0.0579907
0.0572177
0.0547698
0.0524994
0.0489096
0.0494019
0.0447236
0.0432771
0.0414564
0.0379597
0.036478
0.036451
0.0338493
0.0323023
0.0297123
0.0297547
0.0278075
0.0267102
0.0241124
0.0250378
0.0209785
0.0208368
0.0195772
0.0185185
0.0172146
0.0163136
0.0154216
0.0143704
0.0140979
0.0132961
0.011973
0.0108768
0.00975851
0.0100849
0.00927316
0.00850154
0.00820292
0.00699661
0.00610402
0.00596352
0.00516317
0.00469949
0.00413111
0.00378536
0.00345834
0.00330343
0.00289002
0.00231313
0.00198403
0.00171834
0.00156016
0.00123923
0.00109963
0.00070991
0.000691849
0.000556741
0.000437474
0.000319315
0.000144467
0.000158174
5.72509e-05
0
1.41807e-05
0
0
0
0
0
0
0
0
0
0
0
0
0
0
0
0
0
0
0
0
0
0
0
0
0
0
0
0
0
0
0
0
0
0
0
0
0
0
0
0
0
0
0
0
0
0
0
0
0
0
0
0
0
0
0
0
0
0
0
0
0
0
0
0
0
0
0
