0.0124933
0.03748
0.0624667
0.0874533
0.11244
0.137427
0.162413
0.1874
0.212387
0.237373
0.26236
0.287347
0.312333
0.33732
0.362307
0.387293
0.41228
0.437267
0.462253
0.48724
0.512227
0.537213
0.5622
0.587187
0.612173
0.63716
0.662147
0.687133
0.71212
0.737107
0.762093
0.78708
0.812067
0.837053
0.86204
0.887027
0.912013
0.937
0.961987
0.986973
1.01196
1.03695
1.06193
1.08692
1.11191
1.13689
1.16188
1.18687
1.21185
1.23684
1.26183
1.28681
1.3118
1.33679
1.36177
1.38676
1.41175
1.43673
1.46172
1.48671
1.51169
1.53668
1.56167
1.58665
1.61164
1.63663
1.66161
1.6866
1.71159
1.73657
1.76156
1.78655
1.81153
1.83652
1.86151
1.88649
1.91148
1.93647
1.96145
1.98644
2.01143
2.03641
2.0614
2.08639
2.11137
2.13636
2.16135
2.18633
2.21132
2.23631
2.26129
2.28628
2.31127
2.33625
2.36124
2.38623
2.41121
2.4362
2.46119
2.48617
2.51116
2.53615
2.56113
2.58612
2.61111
2.63609
2.66108
2.68607
2.71105
2.73604
2.76103
2.78601
2.811
2.83599
2.86097
2.88596
2.91095
2.93593
2.96092
2.98591
3.01089
3.03588
3.06087
3.08585
3.11084
3.13583
3.16081
3.1858
3.21079
3.23577
3.26076
3.28575
3.31073
3.33572
3.36071
3.38569
3.41068
3.43567
3.46065
3.48564
3.51063
3.53561
3.5606
3.58559
3.61057
3.63556
3.66055
3.68553
3.71052
3.73551
3.76049
3.78548
3.81047
3.83545
3.86044
3.88543
3.91041
3.9354
3.96039
3.98537
4.01036
4.03535
4.06033
4.08532
4.11031
4.13529
4.16028
4.18527
4.21025
4.23524
4.26023
4.28521
4.3102
4.33519
4.36017
4.38516
4.41015
4.43513
4.46012
4.48511
4.51009
4.53508
4.56007
4.58505
4.61004
4.63503
4.66001
4.685
4.70999
4.73497
4.75996
4.78495
4.80993
4.83492
4.85991
4.88489
4.90988
4.93487
4.95985
4.98484
5.00983
5.03481
5.0598
5.08479
5.10977
5.13476
5.15975
5.18473
5.20972
5.23471
5.25969
5.28468
5.30967
5.33465
5.35964
5.38463
5.40961
5.4346
5.45959
5.48457
5.50956
5.53455
5.55953
5.58452
5.60951
5.63449
5.65948
5.68447
5.70945
5.73444
5.75943
5.78441
5.8094
5.83439
5.85937
5.88436
5.90935
5.93433
5.95932
5.98431
6.00929
6.03428
6.05927
6.08425
6.10924
6.13423
6.15921
6.1842
6.20919
6.23417
6.25916
6.28415
6.30913
6.33412
6.35911
6.38409
6.40908
6.43407
6.45905
6.48404
6.50903
6.53401
6.559
6.58399
6.60897
6.63396
6.65895
6.68393
6.70892
6.73391
6.75889
6.78388
6.80887
6.83385
6.85884
6.88383
6.90881
6.9338
6.95879
6.98377
7.00876
7.03375
7.05873
7.08372
7.10871
7.13369
7.15868
7.18367
7.20865
7.23364
7.25863
7.28361
7.3086
7.33359
7.35857
7.38356
7.40855
7.43353
7.45852
7.48351
7.50849
7.53348
7.55847
7.58345
7.60844
7.63343
7.65841
7.6834
7.70839
7.73337
7.75836
7.78335
7.80833
7.83332
7.85831
7.88329
7.90828
7.93327
7.95825
7.98324
8.00823
8.03321
8.0582
8.08319
8.10817
8.13316
8.15815
8.18313
8.20812
8.23311
8.25809
8.28308
8.30807
8.33305
8.35804
8.38303
8.40801
8.433
8.45799
8.48297
8.50796
8.53295
8.55793
8.58292
8.60791
8.63289
8.65788
8.68287
8.70785
8.73284
8.75783
8.78281
8.8078
8.83279
8.85777
8.88276
8.90775
8.93273
8.95772
8.98271
9.00769
9.03268
9.05767
9.08265
9.10764
9.13263
9.15761
9.1826
9.20759
9.23257
9.25756
9.28255
9.30753
9.33252
9.35751
9.38249
9.40748
9.43247
9.45745
9.48244
9.50743
9.53241
9.5574
9.58239
9.60737
9.63236
9.65735
9.68233
9.70732
9.73231
9.75729
9.78228
9.80727
9.83225
9.85724
9.88223
9.90721
9.9322
9.95719
9.98217
10.0072
10.0321
10.0571
10.0821
10.1071
10.1321
10.1571
10.1821
10.2071
10.232
10.257
10.282
10.307
10.332
10.357
10.382
10.4069
10.4319
10.4569
10.4819
10.5069
10.5319
10.5569
10.5819
10.6068
10.6318
10.6568
10.6818
10.7068
10.7318
10.7568
10.7817
10.8067
10.8317
10.8567
10.8817
10.9067
10.9317
10.9567
10.9816
11.0066
11.0316
11.0566
11.0816
11.1066
11.1316
11.1565
11.1815
11.2065
11.2315
11.2565
11.2815
11.3065
11.3315
11.3564
11.3814
11.4064
11.4314
11.4564
11.4814
11.5064
11.5313
11.5563
11.5813
11.6063
11.6313
11.6563
11.6813
11.7063
11.7312
11.7562
11.7812
11.8062
11.8312
11.8562
11.8812
11.9061
11.9311
11.9561
11.9811
12.0061
12.0311
12.0561
12.0811
12.106
12.131
12.156
12.181
12.206
12.231
12.256
12.2809
12.3059
12.3309
12.3559
12.3809
12.4059
12.4309
12.4559
12.4808
