0
0
0
0
0
0
0
0
0
0
0
0
0
0
0
0
0
0
0
0
0
0
0
0
0
0
0
0
0
0
0
0
0
0
0
0
0
0
0
0
0
0
0.00165213
0.0162961
0.104985
0.406968
0.94952
1.61271
2.25056
2.63756
2.90078
2.89499
2.6764
2.50083
2.28163
2.01834
1.78612
1.55545
1.41843
1.29501
1.15635
1.02148
0.956712
0.872545
0.807204
0.728722
0.697298
0.688143
0.650179
0.61657
0.629023
0.610189
0.60407
0.585719
0.603794
0.622108
0.626687
0.6502
0.663926
0.690609
0.740945
0.772143
0.792267
0.83518
0.88811
0.916579
0.980859
1.01612
1.06936
1.10297
1.12246
1.15936
1.20744
1.19574
1.2432
1.26572
1.27178
1.28768
1.259
1.25191
1.21628
1.21986
1.20147
1.1584
1.12249
1.09783
1.06766
1.03188
1.01937
0.990467
0.946796
0.947332
0.90345
0.88428
0.871709
0.856754
0.844234
0.846281
0.842117
0.847934
0.845702
0.849425
0.867365
0.871636
0.900109
0.914305
0.909729
0.935532
0.949583
0.97169
0.980978
1.01357
1.02451
1.02529
1.05744
1.07879
1.07991
1.08683
1.09484
1.0863
1.0967
1.08999
1.09699
1.09122
1.09008
1.07548
1.07225
1.06475
1.05159
1.03636
1.01724
1.01911
1.01117
0.99741
0.98754
0.990183
0.960471
0.96724
0.960023
0.958072
0.940224
0.946388
0.940351
0.930819
0.932365
0.933734
0.929548
0.954221
0.958273
0.963722
0.969594
0.963359
0.974586
0.983805
0.994286
1.0054
1.00547
1.02357
1.01862
1.02509
1.03516
1.02572
1.03694
1.03521
1.04556
1.03397
1.03675
1.04358
1.0409
1.03488
1.0293
1.015
1.01825
1.02274
1.0123
1.01251
1.01568
0.998486
0.990269
0.993962
0.987957
0.978028
0.984233
0.982246
0.977349
0.985173
0.975701
0.973966
0.978467
0.969465
0.971343
0.976234
0.97665
0.978761
0.983579
0.990836
0.98302
0.999234
0.988025
0.999668
1.00625
1.01028
1.01097
1.00581
1.02353
1.00923
1.01786
1.0127
1.01336
1.01736
1.01877
1.01279
1.01306
1.00537
1.01785
1.02294
1.00122
1.01462
1.01071
1.00463
0.997672
1.00229
1.00414
0.999797
0.996761
0.991991
0.983435
0.986676
0.994102
0.987396
0.981319
0.970826
0.959439
0.950615
0.932839
0.927547
0.913132
0.913239
0.901037
0.882983
0.870676
0.863942
0.852681
0.843012
0.838868
0.824884
0.816072
0.809912
0.79408
0.788801
0.786351
0.775751
0.758106
0.74325
0.735244
0.731725
0.716918
0.709758
0.697155
0.684981
0.675946
0.665591
0.658382
0.647879
0.632002
0.631573
0.61784
0.610228
0.593863
0.585649
0.578217
0.571131
0.561966
0.556631
0.542856
0.534324
0.527308
0.517689
0.511179
0.503135
0.494395
0.485627
0.475443
0.468363
0.464304
0.451081
0.448534
0.43791
0.427812
0.424408
0.41685
0.40528
0.399084
0.399477
0.384621
0.379819
0.368902
0.364727
0.357518
0.350674
0.339774
0.333766
0.326382
0.320575
0.310913
0.302809
0.298083
0.291146
0.282591
0.277077
0.270476
0.260618
0.255256
0.250123
0.239482
0.234557
0.226401
0.222992
0.216268
0.207479
0.203001
0.194948
0.190843
0.183588
0.176137
0.170611
0.162403
0.15717
0.150741
0.148381
0.139301
0.134017
0.130432
0.12062
0.117004
0.11079
0.106232
0.100845
0.0979686
0.0943072
0.091565
0.0876643
0.0825638
0.0793171
0.0768236
0.0730978
0.0717886
0.0676642
0.063774
0.0605077
0.0582395
0.0557137
0.0546192
0.0512896
0.0476329
0.0478099
0.0447774
0.044003
0.041417
0.0382706
0.0374651
0.0359908
0.03411
0.0322414
0.0304457
0.0283134
0.0274612
0.0260742
0.0250637
0.0230992
0.0220809
0.0208585
0.0193576
0.0185592
0.0181264
0.0166804
0.0161091
0.014788
0.0131291
0.0133564
0.0124402
0.0109837
0.0108924
0.00968983
0.00896716
0.00812446
0.00772937
0.00678695
0.00629477
0.00594968
0.0051002
0.00490509
0.00442536
0.00387457
0.00347957
0.00309985
0.00280974
0.00225986
0.00212981
0.00187096
0.00150203
0.00123736
0.000936173
0.00082638
0.000651369
0.000510957
0.000377321
0.000239486
0.000162525
8.62768e-05
4.29382e-05
3.20546e-05
5.31775e-06
0
0
0
0
0
0
0
0
0
0
0
0
0
0
0
0
0
0
0
0
0
0
0
0
0
0
0
0
0
0
0
0
0
0
0
0
0
0
0
0
0
0
0
0
0
0
0
0
0
0
0
0
0
0
0
0
0
0
0
0
0
0
0
0
0
0
0
