0
0
0
0
0
0
0
0
0
0
0
0
0
0
0
0
0
0
0
0
0
0
0
0
0
0
0
0
0
0
0
0
0
0
0
0.00210481
0.00995527
0.0679061
0.216537
0.496429
0.805357
1.02114
1.22037
1.30229
1.2779
1.28257
1.30651
1.21798
1.17166
1.15836
1.1743
1.22115
1.20395
1.14731
1.07523
1.11692
1.11014
1.10235
1.11614
1.08419
1.09792
1.09196
1.04983
1.02821
1.05077
1.01275
1.00111
0.967592
1.03904
0.94181
0.943567
0.978066
0.976504
0.998232
0.970658
0.967917
0.972693
0.994567
0.966376
0.988803
0.971348
0.986394
0.941581
0.997156
0.959949
0.985885
1.01924
1.02275
1.01704
0.982186
0.972908
0.977738
1.01996
1.00432
0.997141
0.969388
1.00381
1.0249
1.04356
0.985986
1.00244
0.980211
1.01092
1.01624
1.00417
0.993087
0.998614
0.972088
0.991205
0.963007
1.01669
1.01369
1.01629
1.00916
1.01144
0.995793
1.029
1.00733
0.989081
0.987828
1.00621
0.990254
0.978395
1.01305
0.998039
1.01403
0.996733
0.993398
0.999041
1.00661
0.981737
1.00905
0.996744
1.00523
0.995328
1.01984
1.00567
1.00147
1.00836
0.981143
0.983351
1.01057
1.00362
0.99651
0.994325
0.998873
0.981081
0.994036
0.996331
0.997645
1.00094
1.00303
0.98775
1.01939
0.999903
0.991911
1.00494
1.00805
0.999803
0.9945
1.00923
0.999514
0.992775
0.988706
0.992602
0.995944
1.00134
1.00539
0.987609
0.977375
0.988117
0.998723
1.0083
0.991516
0.980794
1.00901
0.991986
0.994142
1.00435
1.0006
0.997438
1.0182
1.00978
1.00448
1.01146
1.00853
0.994235
0.989618
0.987582
0.999568
1.00087
1.0018
0.988126
0.992108
1.00626
1.00495
0.982518
0.994083
1.00873
0.988314
0.98917
0.994206
0.998836
0.997819
1.0068
0.99589
1.01519
0.996746
1.0049
0.988684
0.99356
0.994802
0.985637
0.995339
1.00868
1.00551
1.00445
1.00869
0.996977
0.987088
1.0068
1.0034
1.00175
1.00751
0.997871
0.993005
0.997855
0.996533
0.993367
0.993744
1.00985
1.0059
0.99599
0.996526
1.01404
1.0143
0.999006
1.0106
0.991228
1.00933
1.00187
1.00446
0.986584
0.993842
1.01013
1.00522
0.991189
0.998135
1.00279
0.987481
0.992463
0.990374
0.972726
0.956646
0.942959
0.927059
0.92174
0.909714
0.903523
0.892003
0.874184
0.874028
0.85206
0.849196
0.82872
0.826779
0.809606
0.799079
0.789936
0.788687
0.766263
0.757714
0.753877
0.748906
0.732582
0.720563
0.70804
0.695609
0.690246
0.689051
0.675011
0.655394
0.664024
0.639612
0.634927
0.632212
0.613748
0.610995
0.592297
0.591251
0.586087
0.57661
0.56821
0.554829
0.546144
0.540054
0.530684
0.515434
0.513266
0.506414
0.499847
0.482209
0.487346
0.466487
0.46011
0.451816
0.445992
0.439674
0.436215
0.419278
0.4135
0.410795
0.393013
0.393128
0.384893
0.380778
0.367916
0.367023
0.350131
0.347449
0.342082
0.329744
0.327447
0.319393
0.310878
0.303688
0.299492
0.283841
0.281624
0.27591
0.271596
0.261342
0.25531
0.251921
0.23752
0.237827
0.226108
0.22151
0.216962
0.209656
0.205246
0.199907
0.190103
0.184569
0.179208
0.170928
0.163602
0.157345
0.149651
0.146473
0.139312
0.131285
0.126421
0.121631
0.118497
0.108953
0.106131
0.101781
0.100182
0.0925857
0.0892561
0.0884179
0.0836917
0.0789156
0.076307
0.0736066
0.070658
0.0657174
0.0645212
0.0629679
0.058068
0.0555071
0.0563182
0.0522902
0.0482098
0.0473701
0.0460335
0.0429234
0.0425118
0.0374256
0.0381636
0.0367609
0.0338675
0.0313464
0.0309862
0.0289693
0.0269729
0.0255796
0.0246221
0.0240937
0.0225266
0.0211657
0.0200937
0.0177647
0.0168737
0.0165002
0.0155397
0.0143872
0.0133295
0.013346
0.0119564
0.0105147
0.010217
0.00969391
0.00854363
0.00854994
0.0083474
0.00664518
0.00624708
0.00586861
0.00524188
0.00526343
0.00388169
0.00361471
0.00387519
0.00302686
0.00269123
0.00261749
0.00186287
0.00195951
0.00148516
0.0010302
0.00105505
0.000769069
0.000603528
0.000424881
0.000291649
0.000362858
0.00026004
8.62768e-05
2.86255e-05
1.42465e-05
1.41807e-05
0
0
0
0
0
0
0
0
0
0
0
0
0
0
0
0
0
0
0
0
0
0
0
0
0
0
0
0
0
0
0
0
0
0
0
0
0
0
0
0
0
0
0
0
0
0
0
0
0
0
0
0
0
0
0
0
0
0
0
0
0
0
0
0
0
0
0
