0.179768
0.237935
0.141236
0.124036
0.127636
0.141658
0.107277
0.315009
0.236352
0.181027
0.131988
0.156901
0.213618
0.0817298
0.164247
0.150135
0.138512
0.223539
0.235979
0.0799298
0.144915
0.0814156
0.233437
0.268954
0.11437
0.183541
0.207929
0.291757
0.0836993
0.173352
0.149347
0.173501
0.149968
0.144592
0.298308
0.181991
0.242336
0.234686
0.0911386
0.21481
0.158476
0.144811
0.245578
0.35103
0.186697
0.155087
0.126759
0.154922
0.1243
0.08878
0.294792
0.142573
0.0593996
0.218046
0.127245
0.168687
0.155283
0.119632
0.144405
0.138495
