0.000000000000000000e+00
0.000000000000000000e+00
0.000000000000000000e+00
0.000000000000000000e+00
0.000000000000000000e+00
0.000000000000000000e+00
0.000000000000000000e+00
0.000000000000000000e+00
0.000000000000000000e+00
0.000000000000000000e+00
0.000000000000000000e+00
0.000000000000000000e+00
0.000000000000000000e+00
0.000000000000000000e+00
0.000000000000000000e+00
0.000000000000000000e+00
0.000000000000000000e+00
7.744573259090379257e-157
9.164807324140392092e-76
1.789884425495285408e-37
7.590235466736100351e-19
1.413807476400988693e-09
6.831715822917851515e-05
1.644029619245547871e-02
2.623955512525006362e-01
1.026066576054499579e+00
1.927074963344019176e+00
2.472623931794285301e+00
2.612039010986170862e+00
2.509041931540231030e+00
2.310349780430381639e+00
2.096687233698235175e+00
1.902041519036373751e+00
1.736542688336782492e+00
1.600156410415856767e+00
1.489294114903565003e+00
1.399632350099807798e+00
1.327171432770122284e+00
1.268543436959025827e+00
1.221026748605883450e+00
1.182462186265357040e+00
1.151148944072024394e+00
1.125748751224839417e+00
1.105206248318258533e+00
1.088685802948764936e+00
1.075522445515694647e+00
1.065184099371978554e+00
1.057241744143743389e+00
1.051338244292702173e+00
1.047134432067003962e+00
1.044227806412334036e+00
1.042103879445388515e+00
1.040192007840236021e+00
1.038223206087193873e+00
1.040139616496739805e+00
1.040805638384306286e+00
1.040359829814933468e+00
1.039024574112890509e+00
1.037043447205196811e+00
1.034641011760710327e+00
1.032003850357371189e+00
1.029276090034269231e+00
1.026562777112806746e+00
1.023936459278995903e+00
1.021444318613476288e+00
1.019114596090183067e+00
1.016961866620661681e+00
1.014991137949386335e+00
1.013200921758137696e+00
1.011585475253264033e+00
1.010136403847888165e+00
1.008843786327372261e+00
1.007696950647701817e+00
1.006684999388128166e+00
1.005797162684741508e+00
1.005023043258182369e+00
1.004352805840812213e+00
1.003777309674346974e+00
1.003287876523187627e+00
1.002875338634719116e+00
1.002529278850197603e+00
1.002238564709275970e+00
1.001992589531024658e+00
1.001782186187522017e+00
1.001599944735544589e+00
1.001440125113740365e+00
1.001298392852106423e+00
1.001171518381333891e+00
1.001057104834102596e+00
1.000953365875872247e+00
1.000858954606194784e+00
1.000772836542965338e+00
1.000694197668766439e+00
1.000622379051583133e+00
1.000556830976892408e+00
1.000497081085106599e+00
1.000442712392058953e+00
1.000393348189861475e+00
1.000348641684188911e+00
1.000308268859899430e+00
1.000271923525635653e+00
1.000239313813306108e+00
1.000210159649056907e+00
1.000184190939240159e+00
1.000161146480888386e+00
1.000140773828146701e+00
1.000122830313617150e+00
1.000107084640615929e+00
1.000093314133741806e+00
1.000081303690363743e+00
1.000070850038328851e+00
1.000061764726331015e+00
1.000053875860547947e+00
1.000047028760455037e+00
1.000041085778009764e+00
1.000035925529475733e+00
1.000031441757332384e+00
1.000027541993745661e+00
1.000024146150907844e+00
1.000021185123786571e+00
1.000018599459556956e+00
1.000016338124926962e+00
1.000014357386417307e+00
1.000012619807878256e+00
1.000011093362687786e+00
1.000009750654087259e+00
1.000008568234960427e+00
1.000007526017540282e+00
1.000006606763414796e+00
1.000005795644585804e+00
1.000005079866860491e+00
1.000004448347482366e+00
1.000003891439874781e+00
1.000003400700291811e+00
1.000002968693344929e+00
1.000002588833918127e+00
1.000002255261567718e+00
1.000001962741955630e+00
1.000001706589369155e+00
1.000001482604929048e+00
1.000001287026090147e+00
1.000001116484167119e+00
1.000000967967541898e+00
1.000000838788982049e+00
1.000000726556053099e+00
1.000000629143954933e+00
1.000000544670415437e+00
1.000000471472376695e+00
1.000000408084350978e+00
1.000000353218344795e+00
1.000000305745291751e+00
1.000000264677937567e+00
1.000000229155124654e+00
1.000000198427422493e+00
1.000000171844042329e+00
1.000000148840973546e+00
1.000000128930278231e+00
1.000000111690466875e+00
1.000000096757903911e+00
1.000000083819151397e+00
1.000000072604198653e+00
1.000000062880495921e+00
1.000000054447730768e+00
1.000000047133277725e+00
1.000000040788263878e+00
1.000000035284178246e+00
1.000000030509969884e+00
1.000000026369563200e+00
1.000000022779739428e+00
1.000000019668335183e+00
1.000000016972704131e+00
1.000000014638408485e+00
1.000000012618102341e+00
1.000000010870580436e+00
1.000000009359960140e+00
1.000000008054984457e+00
1.000000006928419838e+00
1.000000005956539484e+00
1.000000005118673929e+00
1.000000004396826903e+00
1.000000003775333157e+00
1.000000003240570701e+00
1.000000002780700115e+00
1.000000002385443176e+00
1.000000002045885239e+00
1.000000001754302481e+00
1.000000001504011138e+00
1.000000001289232276e+00
1.000000001104977221e+00
1.000000000946943413e+00
1.000000000811422929e+00
1.000000000695224545e+00
1.000000000595603789e+00
1.000000000510201659e+00
1.000000000436992886e+00
1.000000000374238862e+00
1.000000000320449001e+00
1.000000000274344325e+00
1.000000000234828157e+00
1.000000000200960804e+00
1.000000000171937353e+00
1.000000000147067247e+00
1.000000000125759181e+00
1.000000000107505338e+00
1.000000000091870733e+00
1.000000000078482776e+00
1.000000000067022610e+00
1.000000000057213123e+00
1.000000000048821613e+00
1.000000000041644466e+00
1.000000000035508041e+00
1.000000000030264014e+00
1.000000000025784708e+00
1.000000000021959545e+00
1.000000000018694823e+00
1.000000000015909718e+00
1.000000000013535173e+00
1.000000000011509904e+00
1.000000000009785284e+00
1.000000000008316237e+00
1.000000000007065681e+00
1.000000000006001866e+00
1.000000000005096368e+00
1.000000000004326983e+00
1.000000000003672174e+00
1.000000000003116174e+00
1.000000000002643219e+00
1.000000000002241984e+00
1.000000000001901590e+00
1.000000000001612488e+00
1.000000000001366462e+00
1.000000000001158185e+00
1.000000000000981215e+00
1.000000000000831557e+00
1.000000000000704103e+00
1.000000000000596412e+00
1.000000000000504929e+00
1.000000000000427658e+00
1.000000000000361267e+00
1.000000000000305977e+00
1.000000000000258460e+00
1.000000000000218936e+00
1.000000000000185185e+00
1.000000000000155875e+00
1.000000000000132117e+00
1.000000000000111466e+00
1.000000000000094369e+00
1.000000000000079492e+00
1.000000000000067280e+00
1.000000000000056621e+00
1.000000000000000000e+00
1.000000000000000000e+00
1.000000000000000000e+00
1.000000000000000000e+00
1.000000000000000000e+00
1.000000000000000000e+00
1.000000000000000000e+00
1.000000000000000000e+00
1.000000000000000000e+00
9.999999999999997780e-01
1.000000000000000000e+00
1.000000000000000000e+00
1.000000000000000000e+00
1.000000000000000000e+00
1.000000000000000000e+00
1.000000000000000000e+00
1.000000000000000000e+00
1.000000000000000000e+00
1.000000000000000000e+00
1.000000000000000000e+00
1.000000000000000000e+00
1.000000000000000000e+00
1.000000000000000000e+00
1.000000000000000000e+00
1.000000000000000000e+00
1.000000000000000000e+00
9.999999999999992228e-01
1.000000000000000000e+00
1.000000000000000000e+00
1.000000000000000000e+00
1.000000000000000000e+00
1.000000000000000000e+00
1.000000000000000000e+00
1.000000000000000000e+00
1.000000000000000000e+00
1.000000000000000000e+00
1.000000000000000000e+00
1.000000000000000000e+00
1.000000000000000000e+00
1.000000000000000000e+00
1.000000000000000000e+00
1.000000000000000000e+00
1.000000000000000000e+00
1.000000000000000000e+00
1.000000000000000000e+00
1.000000000000000000e+00
1.000000000000000000e+00
9.999999999999995559e-01
1.000000000000000000e+00
1.000000000000000000e+00
1.000000000000000000e+00
1.000000000000000000e+00
1.000000000000000000e+00
1.000000000000000000e+00
1.000000000000000000e+00
1.000000000000000000e+00
1.000000000000000000e+00
1.000000000000000000e+00
1.000000000000000000e+00
1.000000000000000000e+00
1.000000000000000000e+00
1.000000000000000000e+00
1.000000000000000000e+00
1.000000000000000000e+00
1.000000000000000000e+00
1.000000000000000000e+00
1.000000000000000000e+00
1.000000000000000000e+00
9.999999999999996669e-01
1.000000000000000000e+00
1.000000000000000000e+00
1.000000000000000000e+00
1.000000000000000000e+00
1.000000000000000000e+00
1.000000000000000000e+00
1.000000000000000000e+00
1.000000000000000000e+00
1.000000000000000000e+00
1.000000000000000000e+00
1.000000000000000000e+00
1.000000000000000000e+00
1.000000000000000000e+00
1.000000000000000000e+00
1.000000000000000000e+00
1.000000000000000000e+00
9.999999999999993339e-01
1.000000000000000000e+00
1.000000000000000000e+00
1.000000000000000000e+00
1.000000000000000000e+00
1.000000000000000000e+00
1.000000000000000000e+00
1.000000000000000000e+00
1.000000000000000000e+00
1.000000000000000000e+00
1.000000000000000000e+00
1.000000000000000000e+00
1.000000000000000000e+00
1.000000000000000000e+00
1.000000000000000000e+00
1.000000000000000000e+00
1.000000000000000000e+00
1.000000000000000000e+00
1.000000000000000000e+00
1.000000000000000000e+00
1.000000000000000000e+00
9.999999999999993339e-01
1.000000000000000000e+00
1.000000000000000000e+00
1.000000000000000000e+00
1.000000000000000000e+00
1.000000000000000000e+00
1.000000000000000000e+00
1.000000000000000000e+00
1.000000000000000000e+00
1.000000000000000000e+00
1.000000000000000000e+00
1.000000000000000000e+00
1.000000000000000000e+00
1.000000000000000000e+00
1.000000000000000000e+00
1.000000000000000000e+00
1.000000000000000000e+00
1.000000000000000000e+00
1.000000000000000000e+00
1.000000000000000000e+00
1.000000000000000000e+00
9.999999999999996669e-01
1.000000000000000000e+00
1.000000000000000000e+00
1.000000000000000000e+00
1.000000000000000000e+00
1.000000000000000000e+00
1.000000000000000000e+00
1.000000000000000000e+00
1.000000000000000000e+00
1.000000000000000000e+00
1.000000000000000000e+00
1.000000000000000000e+00
1.000000000000000000e+00
1.000000000000000000e+00
1.000000000000000000e+00
1.000000000000000000e+00
1.000000000000000000e+00
9.999999999999993339e-01
1.000000000000000000e+00
1.000000000000000000e+00
1.000000000000000000e+00
9.999999999999998890e-01
1.000000000000000000e+00
1.000000000000000000e+00
1.000000000000000000e+00
1.000000000000000000e+00
1.000000000000000000e+00
1.000000000000000000e+00
1.000000000000000000e+00
1.000000000000000000e+00
1.000000000000000000e+00
1.000000000000000000e+00
1.000000000000000000e+00
1.000000000000000000e+00
1.000000000000000000e+00
1.000000000000000000e+00
1.000000000000000000e+00
1.000000000000000000e+00
1.000000000000000000e+00
1.000000000000000000e+00
9.999999999999995559e-01
1.000000000000000000e+00
1.000000000000000000e+00
1.000000000000000000e+00
1.000000000000000000e+00
1.000000000000000000e+00
1.000000000000000000e+00
1.000000000000000000e+00
1.000000000000000000e+00
1.000000000000000000e+00
1.000000000000000000e+00
1.000000000000000000e+00
1.000000000000000000e+00
1.000000000000000000e+00
1.000000000000000000e+00
1.000000000000000000e+00
1.000000000000000000e+00
9.999999999999992228e-01
1.000000000000000000e+00
1.000000000000000000e+00
1.000000000000000000e+00
1.000000000000000000e+00
1.000000000000000000e+00
1.000000000000000000e+00
1.000000000000000000e+00
1.000000000000000000e+00
1.000000000000000000e+00
1.000000000000000000e+00
1.000000000000000000e+00
1.000000000000000000e+00
1.000000000000000000e+00
1.000000000000000000e+00
1.000000000000000000e+00
1.000000000000000000e+00
1.000000000000000000e+00
1.000000000000000000e+00
1.000000000000000000e+00
1.000000000000000000e+00
1.000000000000000000e+00
1.000000000000000000e+00
1.000000000000000000e+00
1.000000000000000000e+00
1.000000000000000000e+00
1.000000000000000000e+00
1.000000000000000000e+00
1.000000000000000000e+00
1.000000000000000000e+00
1.000000000000000000e+00
1.000000000000000000e+00
1.000000000000000000e+00
1.000000000000000000e+00
1.000000000000000000e+00
1.000000000000000000e+00
1.000000000000000000e+00
1.000000000000000000e+00
1.000000000000000000e+00
1.000000000000000000e+00
1.000000000000000000e+00
1.000000000000000000e+00
9.999999999999996669e-01
1.000000000000000000e+00
1.000000000000000000e+00
1.000000000000000000e+00
1.000000000000000000e+00
1.000000000000000000e+00
1.000000000000000000e+00
1.000000000000000000e+00
1.000000000000000000e+00
1.000000000000000000e+00
1.000000000000000000e+00
1.000000000000000000e+00
1.000000000000000000e+00
1.000000000000000000e+00
1.000000000000000000e+00
1.000000000000000000e+00
1.000000000000000000e+00
9.999999999999993339e-01
1.000000000000000000e+00
1.000000000000000000e+00
1.000000000000000000e+00
1.000000000000000000e+00
1.000000000000000000e+00
1.000000000000000000e+00
