0.000000000000000000e+00
4.008016032064128098e-02
8.016032064128256196e-02
1.202404809619238429e-01
1.603206412825651239e-01
2.004008016032063910e-01
2.404809619238476859e-01
2.805611222444889807e-01
3.206412825651302478e-01
3.607214428857715149e-01
4.008016032064127820e-01
4.408817635270541047e-01
4.809619238476953718e-01
5.210420841683366389e-01
5.611222444889779615e-01
6.012024048096191731e-01
6.412825651302604957e-01
6.813627254509018183e-01
7.214428857715430299e-01
7.615230460921843525e-01
8.016032064128255641e-01
8.416833667334668867e-01
8.817635270541082093e-01
9.218436873747494209e-01
9.619238476953907435e-01
1.002004008016031955e+00
1.042084168336673278e+00
1.082164328657314600e+00
1.122244488977955923e+00
1.162324649298597246e+00
1.202404809619238346e+00
1.242484969939879669e+00
1.282565130260520991e+00
1.322645290581162314e+00
1.362725450901803637e+00
1.402805611222444737e+00
1.442885771543086060e+00
1.482965931863727382e+00
1.523046092184368705e+00
1.563126252505010028e+00
1.603206412825651128e+00
1.643286573146292451e+00
1.683366733466933773e+00
1.723446893787575096e+00
1.763527054108216419e+00
1.803607214428857741e+00
1.843687374749498842e+00
1.883767535070140164e+00
1.923847695390781487e+00
1.963927855711422810e+00
2.004008016032063910e+00
2.044088176352705233e+00
2.084168336673346555e+00
2.124248496993987878e+00
2.164328657314629201e+00
2.204408817635270523e+00
2.244488977955911846e+00
2.284569138276553169e+00
2.324649298597194491e+00
2.364729458917835370e+00
2.404809619238476692e+00
2.444889779559118015e+00
2.484969939879759337e+00
2.525050100200400660e+00
2.565130260521041983e+00
2.605210420841683305e+00
2.645290581162324628e+00
2.685370741482965951e+00
2.725450901803607273e+00
2.765531062124248596e+00
2.805611222444889474e+00
2.845691382765530797e+00
2.885771543086172120e+00
2.925851703406813442e+00
2.965931863727454765e+00
3.006012024048096087e+00
3.046092184368737410e+00
3.086172344689378733e+00
3.126252505010020055e+00
3.166332665330661378e+00
3.206412825651302256e+00
3.246492985971943579e+00
3.286573146292584902e+00
3.326653306613226224e+00
3.366733466933867547e+00
3.406813627254508869e+00
3.446893787575150192e+00
3.486973947895791515e+00
3.527054108216432837e+00
3.567134268537074160e+00
3.607214428857715482e+00
3.647294589178356361e+00
3.687374749498997684e+00
3.727454909819639006e+00
3.767535070140280329e+00
3.807615230460921651e+00
3.847695390781562974e+00
3.887775551102204297e+00
3.927855711422845619e+00
3.967935871743486942e+00
4.008016032064127820e+00
4.048096192384769587e+00
4.088176352705410466e+00
4.128256513026052232e+00
4.168336673346693111e+00
4.208416833667334878e+00
4.248496993987975756e+00
4.288577154308616635e+00
4.328657314629258401e+00
4.368737474949899280e+00
4.408817635270541047e+00
4.448897795591181925e+00
4.488977955911823692e+00
4.529058116232464570e+00
4.569138276553106337e+00
4.609218436873747216e+00
4.649298597194388982e+00
4.689378757515029861e+00
4.729458917835670739e+00
4.769539078156312506e+00
4.809619238476953385e+00
4.849699398797595151e+00
4.889779559118236030e+00
4.929859719438877796e+00
4.969939879759518675e+00
5.010020040080160442e+00
5.050100200400801320e+00
5.090180360721443087e+00
5.130260521042083965e+00
5.170340681362724844e+00
5.210420841683366611e+00
5.250501002004007489e+00
5.290581162324649256e+00
5.330661322645290134e+00
5.370741482965931901e+00
5.410821643286572780e+00
5.450901803607214546e+00
5.490981963927855425e+00
5.531062124248497192e+00
5.571142284569138070e+00
5.611222444889778949e+00
5.651302605210420715e+00
5.691382765531061594e+00
5.731462925851703361e+00
5.771543086172344239e+00
5.811623246492986006e+00
5.851703406813626884e+00
5.891783567134268651e+00
5.931863727454909530e+00
5.971943887775551296e+00
6.012024048096192175e+00
6.052104208416833053e+00
6.092184368737474820e+00
6.132264529058115698e+00
6.172344689378757465e+00
6.212424849699398344e+00
6.252505010020040110e+00
6.292585170340680989e+00
6.332665330661322756e+00
6.372745490981963634e+00
6.412825651302604513e+00
6.452905811623246279e+00
6.492985971943887158e+00
6.533066132264528925e+00
6.573146292585169803e+00
6.613226452905811570e+00
6.653306613226452448e+00
6.693386773547094215e+00
6.733466933867735094e+00
6.773547094188376860e+00
6.813627254509017739e+00
6.853707414829658617e+00
6.893787575150300384e+00
6.933867735470941263e+00
6.973947895791583029e+00
7.014028056112223908e+00
7.054108216432865675e+00
7.094188376753506553e+00
7.134268537074148320e+00
7.174348697394789198e+00
7.214428857715430965e+00
7.254509018036071843e+00
7.294589178356712722e+00
7.334669338677354489e+00
7.374749498997995367e+00
7.414829659318637134e+00
7.454909819639278012e+00
7.494989979959919779e+00
7.535070140280560658e+00
7.575150300601202424e+00
7.615230460921843303e+00
7.655310621242485070e+00
7.695390781563125948e+00
7.735470941883766827e+00
7.775551102204408593e+00
7.815631262525049472e+00
7.855711422845691239e+00
7.895791583166332117e+00
7.935871743486973884e+00
7.975951903807614762e+00
8.016032064128255641e+00
8.056112224448897408e+00
8.096192384769539174e+00
8.136272545090179165e+00
8.176352705410820931e+00
8.216432865731462698e+00
8.256513026052104465e+00
8.296593186372744455e+00
8.336673346693386222e+00
8.376753507014027988e+00
8.416833667334669755e+00
8.456913827655309746e+00
8.496993987975951512e+00
8.537074148296593279e+00
8.577154308617233269e+00
8.617234468937875036e+00
8.657314629258516803e+00
8.697394789579158569e+00
8.737474949899798560e+00
8.777555110220440326e+00
8.817635270541082093e+00
8.857715430861723860e+00
8.897795591182363850e+00
8.937875751503005617e+00
8.977955911823647384e+00
9.018036072144287374e+00
9.058116232464929141e+00
9.098196392785570907e+00
9.138276553106212674e+00
9.178356713426852664e+00
9.218436873747494431e+00
9.258517034068136198e+00
9.298597194388777964e+00
9.338677354709417955e+00
9.378757515030059722e+00
9.418837675350701488e+00
9.458917835671341479e+00
9.498997995991983245e+00
9.539078156312625012e+00
9.579158316633266779e+00
9.619238476953906769e+00
9.659318637274548536e+00
9.699398797595190302e+00
9.739478957915832069e+00
9.779559118236472059e+00
9.819639278557113826e+00
9.859719438877755593e+00
9.899799599198395583e+00
9.939879759519037350e+00
9.979959919839679117e+00
1.002004008016032088e+01
1.006012024048096087e+01
1.010020040080160264e+01
1.014028056112224441e+01
1.018036072144288617e+01
1.022044088176352616e+01
1.026052104208416793e+01
1.030060120240480970e+01
1.034068136272544969e+01
1.038076152304609145e+01
1.042084168336673322e+01
1.046092184368737499e+01
1.050100200400801498e+01
1.054108216432865675e+01
1.058116232464929851e+01
1.062124248496994028e+01
1.066132264529058027e+01
1.070140280561122204e+01
1.074148296593186380e+01
1.078156312625250379e+01
1.082164328657314556e+01
1.086172344689378733e+01
1.090180360721442909e+01
1.094188376753506908e+01
1.098196392785571085e+01
1.102204408817635262e+01
1.106212424849699438e+01
1.110220440881763437e+01
1.114228456913827614e+01
1.118236472945891791e+01
1.122244488977955790e+01
1.126252505010019966e+01
1.130260521042084143e+01
1.134268537074148320e+01
1.138276553106212319e+01
1.142284569138276495e+01
1.146292585170340672e+01
1.150300601202404849e+01
1.154308617234468848e+01
1.158316633266533024e+01
1.162324649298597201e+01
1.166332665330661200e+01
1.170340681362725377e+01
1.174348697394789554e+01
1.178356713426853730e+01
1.182364729458917729e+01
1.186372745490981906e+01
1.190380761523046083e+01
1.194388777555110259e+01
1.198396793587174258e+01
1.202404809619238435e+01
1.206412825651302612e+01
1.210420841683366611e+01
1.214428857715430787e+01
1.218436873747494964e+01
1.222444889779559141e+01
1.226452905811623140e+01
1.230460921843687316e+01
1.234468937875751493e+01
1.238476953907815670e+01
1.242484969939879669e+01
1.246492985971943845e+01
1.250501002004008022e+01
1.254509018036072021e+01
1.258517034068136198e+01
1.262525050100200374e+01
1.266533066132264551e+01
1.270541082164328550e+01
1.274549098196392727e+01
1.278557114228456904e+01
1.282565130260520903e+01
1.286573146292585079e+01
1.290581162324649256e+01
1.294589178356713433e+01
1.298597194388777432e+01
1.302605210420841608e+01
1.306613226452905785e+01
1.310621242484969962e+01
1.314629258517033961e+01
1.318637274549098137e+01
1.322645290581162314e+01
1.326653306613226313e+01
1.330661322645290490e+01
1.334669338677354666e+01
1.338677354709418843e+01
1.342685370741482842e+01
1.346693386773547019e+01
1.350701402805611195e+01
1.354709418837675372e+01
1.358717434869739371e+01
1.362725450901803548e+01
1.366733466933867724e+01
1.370741482965931723e+01
1.374749498997995900e+01
1.378757515030060077e+01
1.382765531062124253e+01
1.386773547094188253e+01
1.390781563126252429e+01
1.394789579158316606e+01
1.398797595190380783e+01
1.402805611222444782e+01
1.406813627254508958e+01
1.410821643286573135e+01
1.414829659318637134e+01
1.418837675350701311e+01
1.422845691382765487e+01
1.426853707414829664e+01
1.430861723446893663e+01
1.434869739478957840e+01
1.438877755511022016e+01
1.442885771543086193e+01
1.446893787575150192e+01
1.450901803607214369e+01
1.454909819639278545e+01
1.458917835671342544e+01
1.462925851703406721e+01
1.466933867735470898e+01
1.470941883767535074e+01
1.474949899799599073e+01
1.478957915831663250e+01
1.482965931863727427e+01
1.486973947895791603e+01
1.490981963927855602e+01
1.494989979959919779e+01
1.498997995991983956e+01
1.503006012024047955e+01
1.507014028056112132e+01
1.511022044088176308e+01
1.515030060120240485e+01
1.519038076152304484e+01
1.523046092184368661e+01
1.527054108216432837e+01
1.531062124248497014e+01
1.535070140280561013e+01
1.539078156312625190e+01
1.543086172344689366e+01
1.547094188376753365e+01
1.551102204408817542e+01
1.555110220440881719e+01
1.559118236472945895e+01
1.563126252505009894e+01
1.567134268537074071e+01
1.571142284569138248e+01
1.575150300601202424e+01
1.579158316633266423e+01
1.583166332665330600e+01
1.587174348697394777e+01
1.591182364729458776e+01
1.595190380761522952e+01
1.599198396793587129e+01
1.603206412825651128e+01
1.607214428857715305e+01
1.611222444889779482e+01
1.615230460921843658e+01
1.619238476953907835e+01
1.623246492985972012e+01
1.627254509018035833e+01
1.631262525050100010e+01
1.635270541082164186e+01
1.639278557114228363e+01
1.643286573146292540e+01
1.647294589178356716e+01
1.651302605210420893e+01
1.655310621242485070e+01
1.659318637274548891e+01
1.663326653306613068e+01
1.667334669338677244e+01
1.671342685370741421e+01
1.675350701402805598e+01
1.679358717434869774e+01
1.683366733466933951e+01
1.687374749498997772e+01
1.691382765531061949e+01
1.695390781563126126e+01
1.699398797595190302e+01
1.703406813627254479e+01
1.707414829659318656e+01
1.711422845691382832e+01
1.715430861723446654e+01
1.719438877755510831e+01
1.723446893787575007e+01
1.727454909819639184e+01
1.731462925851703361e+01
1.735470941883767537e+01
1.739478957915831714e+01
1.743486973947895891e+01
1.747494989979959712e+01
1.751503006012023889e+01
1.755511022044088065e+01
1.759519038076152242e+01
1.763527054108216419e+01
1.767535070140280595e+01
1.771543086172344772e+01
1.775551102204408593e+01
1.779559118236472770e+01
1.783567134268536947e+01
1.787575150300601123e+01
1.791583166332665300e+01
1.795591182364729477e+01
1.799599198396793653e+01
1.803607214428857475e+01
1.807615230460921651e+01
1.811623246492985828e+01
1.815631262525050005e+01
1.819639278557114181e+01
1.823647294589178358e+01
1.827655310621242535e+01
1.831663326653306711e+01
1.835671342685370533e+01
1.839679358717434710e+01
1.843687374749498886e+01
1.847695390781563063e+01
1.851703406813627240e+01
1.855711422845691416e+01
1.859719438877755593e+01
1.863727454909819414e+01
1.867735470941883591e+01
1.871743486973947768e+01
1.875751503006011944e+01
1.879759519038076121e+01
1.883767535070140298e+01
1.887775551102204474e+01
1.891783567134268296e+01
1.895791583166332472e+01
1.899799599198396649e+01
1.903807615230460826e+01
1.907815631262525002e+01
1.911823647294589179e+01
1.915831663326653356e+01
1.919839679358717532e+01
1.923847695390781354e+01
1.927855711422845530e+01
1.931863727454909707e+01
1.935871743486973884e+01
1.939879759519038060e+01
1.943887775551102237e+01
1.947895791583166414e+01
1.951903807615230235e+01
1.955911823647294412e+01
1.959919839679358589e+01
1.963927855711422765e+01
1.967935871743486942e+01
1.971943887775551119e+01
1.975951903807615295e+01
1.979959919839679117e+01
1.983967935871743293e+01
1.987975951903807470e+01
1.991983967935871647e+01
1.995991983967935823e+01
2.000000000000000000e+01
