0
0
0
0
0
0
0
0
0
0
0
0
0
0
0
0
0
0
0
0
0
0
0
0
0
0
0
0
0
0
0
0
0
0
0
0.00315721
0.0258837
0.166936
0.47155
0.793947
1.21046
1.55097
1.80412
1.93941
1.95034
1.89502
1.84322
1.7676
1.71858
1.62928
1.52014
1.43868
1.3637
1.32247
1.25161
1.25858
1.16997
1.11479
1.11227
1.10142
1.05154
1.04497
1.04372
1.01702
0.998803
1.00162
0.943827
0.994955
0.985903
0.976956
0.968918
0.964575
0.985587
0.990867
0.986907
1.01934
1.01598
1.01599
1.00964
1.02028
1.01678
1.01794
1.05382
1.04395
1.04874
1.05701
1.05735
1.0593
1.07631
1.05554
1.07493
1.05663
1.03995
1.05712
1.0711
1.02916
1.02517
1.03201
1.04343
1.01439
1.01754
1.01948
1.02341
1.00782
1.01522
1.01048
1.01908
1.00617
1.0027
1.03115
0.995187
1.01635
0.997109
1.01019
1.00527
1.00007
1.01981
1.00532
0.998998
1.01476
1.0031
0.996903
1.00394
1.00653
1.01002
1.00544
1.01215
0.994948
0.993499
1.00858
1.01561
1.00352
0.995082
0.997644
1.01989
1.0054
1.01763
1.01116
1.01209
0.998386
1.01177
1.0013
1.00865
0.996381
0.98556
1.00207
1.01
1.01659
0.993204
0.998001
1.00129
0.998348
0.994308
1.00104
1.00607
1.00189
1.00911
1.00452
1.00656
0.988244
0.99543
0.994327
0.999506
1.00017
0.997797
1.00263
0.986552
0.996459
0.998166
0.996856
1.00053
0.999355
1.00755
0.993234
0.989897
1.00405
0.992028
0.997257
1.00231
0.990718
0.992553
1.00339
0.996045
0.997823
1.00574
0.999279
0.99515
0.994334
0.988814
1.00526
0.992683
1.00126
0.998148
0.992179
0.994344
0.985447
0.992651
0.994253
0.992272
1.00304
1.00405
1.00103
0.993402
0.993591
1.00451
1.0034
0.996594
0.989661
0.99093
1.00521
0.995895
0.995602
0.9958
0.995688
0.993949
0.997512
1.00261
0.984886
0.991949
1.00143
0.990431
0.997322
0.995745
1.0107
0.997661
0.999265
0.995735
0.989922
0.997178
0.993266
1.00399
0.995085
0.992309
0.993948
0.99639
0.999784
0.980961
0.993174
0.995518
1.00244
0.99437
0.99659
0.991297
0.997287
0.998109
0.999523
1.00062
0.999499
0.992717
0.990102
0.981726
0.966869
0.971062
0.961311
0.943164
0.940692
0.919905
0.901593
0.901161
0.888399
0.873168
0.859695
0.850713
0.839741
0.829934
0.819761
0.816478
0.797485
0.791886
0.777657
0.776431
0.755752
0.74784
0.738977
0.734483
0.720494
0.708734
0.696849
0.684689
0.679951
0.670965
0.661821
0.651394
0.641592
0.631715
0.624759
0.615703
0.605892
0.602528
0.589415
0.580178
0.568603
0.566675
0.54864
0.54359
0.54101
0.522869
0.521008
0.507327
0.499627
0.495015
0.48164
0.47549
0.469986
0.466418
0.453962
0.440416
0.43844
0.427937
0.418309
0.415564
0.40623
0.39884
0.393546
0.385805
0.375795
0.364858
0.356695
0.353674
0.344097
0.33409
0.332528
0.322129
0.318202
0.311785
0.302674
0.299156
0.288836
0.284155
0.277107
0.266241
0.262042
0.256426
0.247103
0.240887
0.235635
0.227303
0.218611
0.213432
0.212372
0.201586
0.195494
0.188735
0.179634
0.176838
0.16905
0.164916
0.155698
0.150361
0.144746
0.138631
0.133078
0.129314
0.121451
0.112988
0.111346
0.105421
0.102435
0.0973236
0.09158
0.0885825
0.0866723
0.0811078
0.0806622
0.0750193
0.0728123
0.0685845
0.067652
0.0644431
0.0614622
0.0585608
0.055411
0.0532595
0.050712
0.0488339
0.0466459
0.0441342
0.0427
0.0413175
0.0388438
0.0371009
0.0355671
0.0349734
0.0319326
0.0307978
0.0283982
0.0277897
0.0257828
0.0254305
0.0236129
0.0216482
0.0208368
0.0198441
0.0188697
0.0176833
0.0163645
0.0154638
0.0148069
0.0137471
0.0127394
0.0114438
0.01114
0.0101678
0.00918884
0.00889218
0.00864673
0.00738424
0.00687681
0.00620734
0.00593188
0.00537568
0.00458983
0.00407655
0.00400256
0.00350466
0.00315747
0.00249245
0.00235117
0.00214306
0.00174849
0.00138014
0.00113472
0.00112935
0.00105008
0.000691849
0.000615346
0.000539551
0.000355601
0.000252816
0.000100656
7.15637e-05
0
7.09033e-06
0
0
0
0
0
0
0
0
0
0
0
0
0
0
0
0
0
0
0
0
0
0
0
0
0
0
0
0
0
0
0
0
0
0
0
0
0
0
0
0
0
0
0
0
0
0
0
0
0
0
0
0
0
0
0
0
0
0
0
0
0
0
0
0
0
0
0
