0.129412
0.200506
0.177406
0.178677
0.193785
0.190694
0.198303
0.181617
0.189384
0.190045
0.110939
0.087444
0.132855
0.179039
0.217297
0.203775
0.160153
0.148749
0.193768
0.145936
0.1382
0.188684
0.172003
0.163036
0.099622
0.246024
0.108883
0.235849
0.107736
0.150355
0.167974
0.267825
0.251741
0.21482
0.200146
0.133417
0.18612
0.166285
0.124751
0.12345
0.242997
0.14563
0.0975061
0.181353
0.194778
0.214511
0.207596
0.260805
0.178822
0.109309
0.215292
0.116385
0.196151
0.15062
0.185452
0.183913
0.196942
0.0978732
0.125614
0.191818
