0
0
0
0
0
0
0
0
0
0
0
0
0
0
0
0
0
0
0
0
0
0
0
0
0
0
0
0
0
0
0
0
0
0
0
0
0
0
0
0
0
0
0.0220284
0.0630816
0.205951
0.706309
1.27431
1.78553
2.36813
2.53323
2.64062
2.63283
2.60206
2.21724
2.23709
1.82458
1.68578
1.57651
1.45912
1.2391
1.14684
1.08092
0.840338
0.828881
0.887063
0.804539
0.733288
0.650592
0.638095
0.63634
0.694467
0.642099
0.662357
0.626043
0.639817
0.574119
0.683287
0.632645
0.748995
0.725549
0.74908
0.82965
0.837427
0.89881
0.901345
0.913041
1.00373
1.0017
1.08079
1.07292
1.09549
1.14534
1.21372
1.1731
1.12501
1.18229
1.23055
1.21485
1.23029
1.23985
1.20151
1.23878
1.17496
1.21923
1.13862
1.10283
1.01469
1.03119
1.02241
0.969809
0.961297
0.915327
0.954144
0.856328
0.867232
0.885835
0.846506
0.928704
0.862801
0.864443
0.857005
0.88945
0.863719
0.911745
0.893307
0.923337
0.957903
0.975367
0.972896
0.984027
0.95849
0.988837
1.01929
1.05543
1.01505
1.03913
1.06507
1.0591
1.08328
1.07087
1.05971
1.06515
1.07328
1.07238
1.06283
1.07176
1.04791
1.03741
1.07852
1.02319
1.05839
0.962984
1.0415
1.00391
0.974289
0.995531
0.980818
0.971611
0.976416
0.961864
0.985827
0.966029
0.985442
0.941424
0.93038
0.962751
0.94548
0.933515
0.937883
1.01444
0.974521
0.975703
0.973449
0.988366
1.01986
0.990512
0.99784
0.971473
1.02556
0.98267
0.988299
1.02847
1.05038
1.04221
1.04936
1.0216
1.01324
0.992561
1.06492
1.03405
1.02651
1.00496
0.990793
1.02149
1.01049
1.0072
1.02557
0.989459
1.02066
0.983465
0.986052
1.00593
0.99772
0.983375
0.985436
0.988588
0.982303
1.00728
0.997642
0.992673
0.970243
0.992889
0.983346
0.963463
0.983903
1.00092
0.972812
1.00846
0.989463
0.980468
1.00597
1.00643
1.00163
1.00622
1.02471
0.996278
1.00941
1.01055
1.01773
1
1.01007
1.00192
0.984483
0.976798
0.976444
1.02933
0.984186
1.01401
1.03455
1.01656
1.0114
1.01122
1.01491
0.987467
1.026
0.986627
0.981912
1.01849
1.01321
0.987843
0.992654
0.972195
0.96841
0.968524
0.933898
0.908622
0.932091
0.914965
0.905666
0.904313
0.8559
0.852421
0.855756
0.837525
0.83419
0.831446
0.822837
0.78945
0.778751
0.782295
0.773803
0.774321
0.746947
0.737107
0.731878
0.717138
0.724321
0.700251
0.677276
0.683517
0.66386
0.689279
0.658233
0.638746
0.642743
0.63898
0.62047
0.616402
0.612136
0.589637
0.588885
0.576423
0.557025
0.550464
0.542833
0.52709
0.522409
0.520701
0.509069
0.505897
0.494604
0.497019
0.475041
0.478179
0.460882
0.453074
0.455628
0.435312
0.430822
0.421189
0.42302
0.403906
0.415484
0.397656
0.379844
0.37834
0.363838
0.366385
0.348203
0.343395
0.337963
0.333651
0.316474
0.315566
0.299548
0.30494
0.295703
0.291118
0.282435
0.273668
0.276295
0.267027
0.257685
0.252565
0.241278
0.232419
0.234553
0.221463
0.215122
0.211871
0.205138
0.199673
0.186638
0.183951
0.175928
0.172161
0.163961
0.156428
0.15414
0.142998
0.137973
0.129943
0.130167
0.121074
0.118017
0.107909
0.107461
0.104682
0.094269
0.0919751
0.0893224
0.0847947
0.0843275
0.0795731
0.0774151
0.0714075
0.0724254
0.0683492
0.0654149
0.0638956
0.0624642
0.0563624
0.0545547
0.0531934
0.050711
0.0473372
0.0439283
0.0409038
0.040688
0.0401975
0.0347649
0.0347196
0.0330425
0.0301651
0.0314213
0.0299867
0.0274346
0.0264982
0.0245826
0.0220961
0.0212655
0.0207676
0.0209202
0.0190153
0.018152
0.0172336
0.0160079
0.0146054
0.01353
0.0127144
0.0118448
0.0101815
0.0109906
0.0104474
0.00875438
0.00828779
0.00927043
0.00611005
0.00733198
0.00587256
0.0048995
0.00469949
0.00455981
0.0032579
0.00295271
0.00299614
0.00240835
0.00245389
0.0022718
0.00214793
0.00129389
0.00111979
0.000891593
0.000887387
0.000496806
0.000494474
0.000164053
0.000217715
0.00032505
0.000161769
5.36727e-05
0
0
0
0
0
0
0
0
0
0
0
0
0
0
0
0
0
0
0
0
0
0
0
0
0
0
0
0
0
0
0
0
0
0
0
0
0
0
0
0
0
0
0
0
0
0
0
0
0
0
0
0
0
0
0
0
0
0
0
0
0
0
0
0
0
0
0
0
0
