0
0
0
0
0
0
0
0
0
0
0
0
0
0
0
0
0
0
0
0
0
0
0
0
0
0
0
0
0
0
0
0
0
0
0
0
0
0.00094314
0.000894782
0.0229514
0.17223
0.58604
1.13887
1.97095
2.66966
2.98732
3.21414
3.30302
3.2105
3.04962
2.78858
2.68134
2.4334
2.22836
2.12412
1.92641
1.7562
1.69846
1.62383
1.51614
1.42983
1.40615
1.32519
1.32259
1.24938
1.21956
1.17746
1.21735
1.17387
1.16944
1.15891
1.16356
1.15641
1.16886
1.20651
1.22293
1.23536
1.2368
1.25607
1.27021
1.30618
1.31706
1.38002
1.39377
1.40835
1.41841
1.4872
1.48856
1.52454
1.53371
1.55992
1.54455
1.54962
1.5215
1.53789
1.54017
1.4862
1.48586
1.43015
1.44147
1.41818
1.39655
1.36842
1.35523
1.35626
1.32662
1.32509
1.30756
1.31105
1.30049
1.2902
1.29479
1.30007
1.27118
1.27467
1.27417
1.24692
1.29678
1.27007
1.249
1.28069
1.28278
1.27589
1.29183
1.28862
1.31187
1.27289
1.29747
1.28748
1.30595
1.29956
1.30349
1.30059
1.28229
1.30113
1.30467
1.29061
1.28944
1.27974
1.286
1.27548
1.27043
1.26965
1.26618
1.25101
1.2459
1.24236
1.23154
1.2268
1.22154
1.22855
1.22631
1.21735
1.21584
1.20621
1.18718
1.20086
1.19609
1.18442
1.18322
1.19411
1.19422
1.19011
1.18413
1.18571
1.18537
1.17074
1.1933
1.18497
1.17306
1.17787
1.16246
1.16711
1.16952
1.17048
1.16717
1.16147
1.16518
1.16798
1.14158
1.16345
1.17003
1.14661
1.13659
1.14211
1.12805
1.13326
1.14067
1.12733
1.13194
1.12845
1.12035
1.10849
1.10762
1.11014
1.10298
1.11651
1.10609
1.09985
1.10448
1.10111
1.08315
1.08775
1.08362
1.08059
1.09115
1.08241
1.07853
1.07294
1.07586
1.06579
1.07726
1.06394
1.07349
1.0614
1.06503
1.05903
1.06314
1.05565
1.0569
1.05841
1.06496
1.03955
1.04168
1.04961
1.0404
1.0379
1.04655
1.03843
1.02595
1.02541
1.02325
1.03022
1.03175
1.02241
1.01844
1.01983
1.01662
1.01303
1.01661
1.00412
1.00942
1.00167
1.00854
1.00885
1.00192
1.00016
0.995277
0.993168
0.985287
0.979253
0.964289
0.952298
0.93545
0.917056
0.918668
0.90019
0.884631
0.865891
0.855508
0.837011
0.8358
0.817799
0.801995
0.791506
0.775752
0.763069
0.754261
0.732648
0.729248
0.722379
0.699255
0.697383
0.675502
0.664587
0.649706
0.642413
0.634277
0.624225
0.617389
0.600656
0.588663
0.58304
0.571228
0.560895
0.552579
0.540084
0.533316
0.517436
0.511667
0.506705
0.492308
0.482375
0.473243
0.462817
0.456454
0.450861
0.441871
0.430193
0.425018
0.41698
0.405275
0.398179
0.392118
0.38444
0.374467
0.364503
0.356595
0.350511
0.344622
0.337989
0.327758
0.323763
0.313671
0.309507
0.30058
0.29164
0.291937
0.280196
0.274417
0.265348
0.263199
0.256405
0.247332
0.240772
0.235164
0.230367
0.221357
0.217836
0.209321
0.204219
0.198113
0.19456
0.186502
0.181631
0.176391
0.170272
0.164153
0.159967
0.153203
0.149113
0.143863
0.138501
0.133818
0.12627
0.121463
0.116057
0.112831
0.108012
0.102618
0.0981032
0.0949695
0.0868317
0.0829129
0.0781293
0.0773126
0.0708059
0.0676189
0.065622
0.0622916
0.0592829
0.0555048
0.0539272
0.0522056
0.049923
0.0470391
0.0461015
0.0427674
0.0414807
0.0397605
0.0370341
0.0363064
0.0353566
0.0321347
0.030838
0.0295546
0.0275453
0.0263106
0.0246905
0.0237502
0.0222331
0.0214605
0.0209133
0.0193976
0.0182652
0.0170103
0.0167537
0.0153513
0.0140246
0.013839
0.0128028
0.0122875
0.0119495
0.0110751
0.0102435
0.00976784
0.00863878
0.00837713
0.00804282
0.00732118
0.00704488
0.00635163
0.00608269
0.00553123
0.00525263
0.00445242
0.00429409
0.00393759
0.00369579
0.00319531
0.00314827
0.00242024
0.00230719
0.00231931
0.00194532
0.00177463
0.00165144
0.00129353
0.00116619
0.000851635
0.000922597
0.000724128
0.000549816
0.000451089
0.000478406
0.000336975
0.000196863
0.000145143
7.22333e-05
2.87589e-05
7.15637e-06
2.13697e-05
0
0
0
0
0
0
0
0
0
0
0
0
0
0
0
0
0
0
0
0
0
0
0
0
0
0
0
0
0
0
0
0
0
0
0
0
0
0
0
0
0
0
0
0
0
0
0
0
0
0
0
0
0
0
0
0
0
0
0
0
0
0
0
0
0
0
0
0
