0
0
0
0
0
0
0
0
0
0
0
0
0
0
0
0
0
0
0
0
0
0
0
0
0
0
0
0
0
0
0
0
0
0
0
0
0
0
0
0
0
0.00404298
0.0280862
0.148768
0.433502
0.910033
1.45878
1.98745
2.43663
2.56002
2.59694
2.47268
2.322
2.17311
1.99999
1.76354
1.56643
1.48354
1.31902
1.20987
1.0895
1.02621
0.938123
0.889813
0.842112
0.769297
0.766578
0.721546
0.696605
0.697914
0.68486
0.668367
0.667088
0.672444
0.661861
0.664862
0.680228
0.712471
0.723975
0.744593
0.76136
0.811679
0.836258
0.857579
0.924192
0.941752
0.986443
1.03574
1.05539
1.08211
1.1091
1.14249
1.17558
1.1822
1.19808
1.23366
1.22691
1.2362
1.21348
1.2085
1.18644
1.15352
1.14239
1.1312
1.09098
1.05574
1.04477
1.01802
0.975601
0.968897
0.935961
0.939731
0.934574
0.90258
0.909949
0.884567
0.890408
0.893256
0.888657
0.887778
0.889682
0.89794
0.900177
0.903267
0.926613
0.9174
0.947896
0.951075
0.978679
0.994763
0.99558
1.01812
1.02609
1.02652
1.04018
1.0523
1.0451
1.06368
1.05045
1.06576
1.07568
1.07216
1.05976
1.0719
1.05992
1.05814
1.05449
1.03768
1.02349
1.01273
1.01653
1.01417
0.99659
0.995974
0.995208
0.987098
0.977691
0.977626
0.958637
0.966361
0.969764
0.960499
0.959638
0.95642
0.974528
0.959046
0.962237
0.969076
0.969344
0.962926
0.978833
0.979592
0.986085
0.99319
0.99569
1.01583
0.994934
1.02098
1.00848
1.01293
1.00985
1.02602
1.02228
1.02207
1.02624
1.02755
1.02831
1.02816
1.01719
1.01274
1.02393
1.02466
1.01608
1.01334
0.996263
1.00627
0.999426
1.00586
0.994712
0.988014
0.986522
0.988636
0.986343
0.987314
0.990907
0.983854
0.994386
0.98531
0.983112
0.978281
0.986025
0.984573
0.989646
0.991156
0.990238
0.992143
0.997302
0.996669
1.00615
0.997769
0.999296
1.01097
1.00215
1.00598
1.01583
1.00461
1.01218
0.999422
1.01083
1.00727
1.01478
1.0086
1.01521
1.00249
0.999779
1.00515
1.00119
1.00498
1.00232
1.0054
0.995918
1.002
1.00058
1.0049
1.00283
0.997206
0.998463
0.986059
0.992765
0.996376
0.983269
0.97707
0.965086
0.949748
0.941162
0.933368
0.918091
0.906654
0.896675
0.8822
0.881069
0.870415
0.859595
0.850533
0.834119
0.827057
0.814223
0.811372
0.790479
0.788787
0.77674
0.766359
0.754382
0.744913
0.738096
0.720376
0.711414
0.703286
0.691576
0.684382
0.677994
0.664813
0.654979
0.650998
0.63838
0.626923
0.621561
0.604789
0.601392
0.588141
0.578265
0.570897
0.563966
0.558305
0.54453
0.537092
0.524457
0.519892
0.512462
0.500396
0.495463
0.486678
0.478052
0.470047
0.463457
0.455376
0.444944
0.441992
0.427467
0.426173
0.414322
0.408119
0.402853
0.395318
0.381474
0.37762
0.371633
0.36305
0.3534
0.345773
0.339513
0.33291
0.327998
0.318436
0.30924
0.305344
0.297691
0.289282
0.281071
0.279541
0.268563
0.263931
0.254455
0.25151
0.241954
0.236616
0.227341
0.220957
0.214974
0.208333
0.202487
0.196569
0.189885
0.18116
0.1769
0.171211
0.165021
0.157779
0.15183
0.145409
0.138499
0.133969
0.12751
0.122451
0.117059
0.111687
0.107539
0.101794
0.0987503
0.0950999
0.090991
0.0853123
0.0824881
0.0802732
0.0763744
0.0726585
0.0702556
0.0661396
0.0641476
0.0614403
0.0584062
0.0566363
0.0543468
0.0517958
0.0496117
0.047182
0.0446792
0.0425511
0.0417503
0.0396312
0.0383101
0.0354851
0.0344635
0.0314772
0.0306341
0.0290764
0.0276543
0.0266042
0.0240553
0.0235189
0.0220352
0.0212024
0.019984
0.0191245
0.0174937
0.0165659
0.0151094
0.0144291
0.0134924
0.0125025
0.0116402
0.0109714
0.0107818
0.00957375
0.00921034
0.00840878
0.00750062
0.00700859
0.00655705
0.00563529
0.00556064
0.00467599
0.00420906
0.00369422
0.0034043
0.00319204
0.00272373
0.00236829
0.00214117
0.00165051
0.00147953
0.00136054
0.00101976
0.000798649
0.000695529
0.000499968
0.000366384
0.000283029
0.00019503
9.16691e-05
5.36727e-05
3.20546e-05
5.31775e-06
0
0
0
0
0
0
0
0
0
0
0
0
0
0
0
0
0
0
0
0
0
0
0
0
0
0
0
0
0
0
0
0
0
0
0
0
0
0
0
0
0
0
0
0
0
0
0
0
0
0
0
0
0
0
0
0
0
0
0
0
0
0
0
0
0
0
0
