0
0
0
0
0
0
0
0
0
0
0
0
0
0
0
0
0
0
0
0
0
0
0
0
0
0
0
0
0
0
0
0
0
0
0
0
0
0
0
0
0
0.000577569
0.013217
0.0725439
0.274267
0.736579
1.40634
2.08312
2.46708
2.69318
2.72994
2.58557
2.37253
2.17519
1.90956
1.72447
1.55366
1.39659
1.29054
1.18262
1.07591
0.983344
0.953402
0.875258
0.851437
0.798742
0.777375
0.765428
0.733916
0.696679
0.685661
0.677317
0.659329
0.677232
0.681217
0.690165
0.685157
0.72986
0.728333
0.74837
0.798354
0.796104
0.823543
0.853441
0.908171
0.919981
0.976738
1.013
1.04244
1.0908
1.09124
1.13845
1.18442
1.20086
1.20176
1.21795
1.20662
1.20868
1.21184
1.20468
1.18861
1.1541
1.1423
1.09702
1.10992
1.04456
1.04784
1.02586
0.987431
0.973377
0.961623
0.947572
0.936067
0.910611
0.898189
0.902164
0.895904
0.886268
0.884407
0.901082
0.902493
0.904207
0.910053
0.916962
0.936432
0.921126
0.936085
0.954991
0.968739
0.979994
0.992718
1.00017
1.02757
1.02027
1.03281
1.04444
1.06026
1.05247
1.04552
1.06049
1.06707
1.06575
1.06412
1.06253
1.06069
1.05471
1.04782
1.04317
1.03287
1.0361
1.01636
1.01269
0.995691
0.98998
0.98804
0.979199
0.988616
0.975501
0.987383
0.963037
0.971617
0.957563
0.971241
0.96401
0.961479
0.945137
0.977486
0.964006
0.974319
0.971616
0.977361
0.980742
0.999892
0.994148
1.00311
0.997811
0.997297
1.00481
1.00523
1.01175
1.01123
1.02488
1.01612
1.01761
1.01613
1.02567
1.02431
1.01347
1.01963
1.03025
1.02146
1.00342
1.02279
1.01772
1.00618
1.01233
1.00174
0.994993
1.00385
1.00021
0.997385
0.997383
0.987605
0.985369
0.993333
0.992357
0.97864
0.989815
0.98675
0.98125
0.981333
0.983505
0.984095
0.988035
0.98533
0.998826
0.997875
1.00174
0.998193
1.00594
0.995368
0.991206
1.00114
1.0017
1.01011
1.00815
1.01591
1.00667
1.01051
1.00034
1.00381
1.00828
1.01161
1.00464
1.00761
1.00809
1.00453
1.00373
0.999313
0.998373
1.00281
1.00873
1.00133
0.995402
1.00413
1.00754
0.99257
0.997524
0.999515
0.999844
0.985108
0.976692
0.968332
0.953246
0.946584
0.927288
0.922037
0.909759
0.894487
0.880176
0.87198
0.863928
0.860216
0.846336
0.832995
0.821017
0.814167
0.802864
0.795019
0.782391
0.779187
0.765752
0.755561
0.743237
0.728432
0.720402
0.716775
0.709461
0.69668
0.686636
0.673557
0.668253
0.657161
0.645713
0.636955
0.627875
0.619646
0.612792
0.601249
0.591821
0.579691
0.569329
0.560594
0.554864
0.548659
0.537866
0.530329
0.519858
0.512485
0.500917
0.4912
0.489195
0.477019
0.469853
0.45967
0.453798
0.4445
0.445337
0.429808
0.423681
0.415818
0.40814
0.400001
0.391512
0.383877
0.376131
0.371415
0.361461
0.356302
0.347429
0.340888
0.333631
0.324029
0.31606
0.312773
0.305015
0.30119
0.28854
0.283246
0.275125
0.268281
0.262836
0.25729
0.250445
0.242807
0.236926
0.228922
0.222101
0.216181
0.208436
0.203079
0.193848
0.190708
0.18186
0.177344
0.170094
0.162444
0.157466
0.153255
0.144154
0.140143
0.133534
0.129271
0.121766
0.11611
0.110884
0.107344
0.102378
0.0974036
0.0951769
0.0907843
0.0864388
0.0820112
0.0797387
0.0778493
0.0715118
0.0697076
0.0667583
0.063796
0.0622417
0.0590584
0.056002
0.0545045
0.0517673
0.0496046
0.0469139
0.0453458
0.0435074
0.0414448
0.0389336
0.0362558
0.0361139
0.0340556
0.0320183
0.0307485
0.0284673
0.0275211
0.0256172
0.0243453
0.0244565
0.0229093
0.020826
0.0197192
0.0183472
0.0178836
0.0160381
0.0154068
0.0151342
0.0139747
0.0124215
0.0121363
0.0112552
0.0103889
0.00957375
0.00890029
0.00840274
0.00754276
0.0069427
0.00644976
0.00562342
0.00540716
0.0050167
0.00403368
0.00410728
0.00342746
0.00305952
0.00271799
0.00224845
0.00201622
0.00185965
0.00155266
0.00116458
0.00112006
0.00089848
0.000662409
0.000477992
0.000404663
0.000304801
0.00015169
9.16691e-05
4.29382e-05
5.34243e-06
5.31775e-06
0
0
0
0
0
0
0
0
0
0
0
0
0
0
0
0
0
0
0
0
0
0
0
0
0
0
0
0
0
0
0
0
0
0
0
0
0
0
0
0
0
0
0
0
0
0
0
0
0
0
0
0
0
0
0
0
0
0
0
0
0
0
0
0
0
0
0
