0
0
0
0
0
0
0
0
0
0
0
0
0
0
0
0
0
0
0
0
0
0
0
0
0
0
0
0
0
0
0
0
0
0
0
0
0.119463
0.141471
0.429496
0.357021
0.776247
0.693083
0.660851
1.11444
0.763526
1.21082
1.60093
0.969919
1.13332
1.12047
0.982919
1.14014
1.01051
1.1816
1.00468
1.03339
1.0096
0.746133
0.999878
0.899117
1.04357
0.978347
0.865803
1.05584
0.899018
0.8996
0.890742
0.934408
1.10236
1.15324
1.02469
1.10519
0.976504
0.994304
0.903271
0.956284
1.08782
1.05993
1.05247
1.07022
0.98854
0.886557
0.987959
1.07286
1.08106
0.800102
0.925289
0.992607
0.949982
1.04809
1.13679
1.11683
0.930051
0.964879
1.00249
1.05141
1.00409
1.07568
0.980134
0.972589
0.941512
0.984846
1.03389
1.0103
0.961903
1.02955
0.961195
1.0157
0.949745
0.899293
1.0558
0.953733
0.924278
0.945126
1.01974
1.00216
0.979162
0.936629
1.05406
0.933403
1.01388
0.991871
1.08711
1.04609
0.931811
1.00797
0.917499
0.988829
1.02169
1.04393
0.932206
0.93649
1.0108
1.0225
1.04254
0.964365
0.958829
0.936515
0.970748
0.973237
0.961448
1.01547
0.928771
0.997025
1.0252
0.969804
0.960317
1.01501
0.968906
1.01652
0.931029
0.913578
0.973493
0.957473
1.00013
1.01528
1.01209
0.981636
0.98671
0.964992
0.999342
1.00379
0.937225
1.01808
0.951333
0.995072
0.95445
0.981379
1.06646
1.0096
0.999158
0.93884
0.982809
1.02438
0.973477
1.00246
0.957926
1.04819
1.01775
0.999033
1.03807
1.00612
0.964069
0.974859
0.968996
0.980546
1.03526
1.03783
0.97198
0.981692
0.964835
0.94068
1.04582
0.963841
0.989716
1.00148
0.927422
1.01088
0.977495
0.921733
0.969968
1.01622
1.05182
0.983855
0.968548
1.01191
0.971339
0.990647
1.01595
0.978168
1.00122
0.961535
0.994801
0.973283
0.969418
1.02213
0.938857
0.968934
1.01926
1.00173
1.01394
0.986968
0.993387
1.01319
0.979714
1.00313
0.975673
0.957121
0.986102
1.00321
1.02448
1.02456
1.03932
0.990299
0.971741
0.949875
0.995212
1.03129
0.984886
0.992633
0.954815
0.985129
0.973638
0.994513
1.03165
1.00412
1.02349
1.06526
0.998065
1.00095
0.953024
0.969364
0.951716
0.928124
0.916544
0.929497
0.90654
0.912714
0.877681
0.870338
0.842561
0.857076
0.855756
0.824631
0.814995
0.798707
0.796086
0.792369
0.803035
0.762026
0.749877
0.791864
0.703009
0.729261
0.718677
0.721332
0.726012
0.738357
0.676635
0.669765
0.697868
0.661286
0.671071
0.645058
0.638073
0.627265
0.653433
0.620975
0.596122
0.586314
0.572854
0.566121
0.571558
0.539956
0.522532
0.530849
0.515054
0.54981
0.511748
0.490593
0.503637
0.511244
0.47091
0.463492
0.470752
0.468954
0.434133
0.422478
0.414726
0.426173
0.382988
0.421128
0.417215
0.393506
0.362044
0.403722
0.383301
0.346946
0.35693
0.327414
0.345129
0.338751
0.332063
0.311003
0.317402
0.315079
0.290384
0.290098
0.276904
0.271195
0.267006
0.237518
0.248328
0.243264
0.236477
0.24214
0.204509
0.21308
0.227102
0.204018
0.199046
0.182188
0.193336
0.183782
0.185063
0.171994
0.163049
0.168043
0.14513
0.1329
0.147042
0.143308
0.125204
0.122905
0.117147
0.104525
0.105191
0.101491
0.0953526
0.0926678
0.0860312
0.0928631
0.0784231
0.0852193
0.0721742
0.0744604
0.0696113
0.0668762
0.0600674
0.0562456
0.0524641
0.0614076
0.0564903
0.0541917
0.0502146
0.0431749
0.0440687
0.0513741
0.045826
0.0381255
0.0360016
0.0341728
0.03617
0.03517
0.0296047
0.0305222
0.0269019
0.0246433
0.0245166
0.0236041
0.0234834
0.0215464
0.013172
0.0182444
0.0186633
0.0147535
0.0144261
0.0128427
0.0137805
0.0117172
0.0143874
0.0125881
0.0076136
0.0117304
0.00802485
0.00653344
0.00698292
0.00814674
0.00715315
0.0056946
0.00519465
0.00540441
0.00467673
0.00418872
0.00416854
0.00322661
0.0027524
0.00205442
0.00159026
0.00248708
0.000675071
0.0015677
0.000445797
0.00110923
0.00154562
0.000439533
0.000656211
0
0
0.000215692
0
0
0
0
0
0
0
0
0
0
0
0
0
0
0
0
0
0
0
0
0
0
0
0
0
0
0
0
0
0
0
0
0
0
0
0
0
0
0
0
0
0
0
0
0
0
0
0
0
0
0
0
0
0
0
0
0
0
0
0
0
0
0
0
0
0
0
0
0
0
