0
0
0
0
0
0
0
0
0
0
0
0
0
0
0
0
0
0
0
0
0
0
0
0
0
0
0
0
0
0
0
0
0
0
0
0
0
0
0.00178956
0.017001
0.0857106
0.258751
0.547772
0.803239
1.14395
1.2531
1.49298
1.34848
1.35434
1.4106
1.25543
1.35617
1.30981
1.27798
1.20562
1.27107
1.15834
1.16252
1.16652
1.11041
1.15879
1.10669
1.09872
1.08215
1.06033
1.08508
1.0263
1.02232
0.994383
1.00881
1.00334
0.946415
0.965906
0.993322
0.966835
0.957215
0.94867
0.91728
0.936674
0.935922
0.968073
0.930086
0.977826
0.977753
0.956605
0.980805
0.965349
0.979442
0.989268
0.974239
1.01695
0.964748
1.00135
0.998255
1.00308
1.00982
0.987855
1.02239
0.988336
0.998042
1.02503
1.04201
1.0041
0.988752
1.00465
0.994994
1.01662
1.00262
1.01216
1.02163
1.01604
1.01945
1.02132
1.01678
1.00315
0.994799
0.99558
1.01579
0.960179
0.977426
1.01206
1.00229
1.00509
1.00801
1.00814
0.987924
1.02259
0.974633
1.00049
0.990789
1.00058
0.985577
0.98511
1.01491
1.00105
0.991526
1.01435
0.98057
0.99315
0.999681
1.01789
1.00262
1.02126
0.9911
0.975778
0.994487
0.985159
1.00635
0.986828
0.996339
0.98853
1.00164
0.982161
0.995299
0.984568
1.00036
1.00267
0.993719
1.01733
1.0091
0.981631
1.01823
1.01487
1.00786
0.99368
0.983451
1.01502
1.01135
1.01171
0.991963
0.998884
1.0182
0.990208
1.00033
0.994296
1.02055
0.996413
0.999951
1.00485
1.00825
0.993856
0.998234
1.00891
0.991718
1.0064
0.980315
0.986227
0.987581
0.989747
1.00134
0.995753
1.00882
1.0003
1.00004
0.994203
0.997176
1.00237
0.998231
1.01075
0.992913
0.997286
0.983296
1.00543
1.00198
1.00654
0.999156
1.00773
1.00229
0.998862
1.00138
0.987813
1.00601
0.996798
1.01285
0.99098
0.996255
0.994374
1.00903
1.00026
0.997714
1.00723
1.00308
0.997942
1.00926
0.992292
0.990397
1.00649
1.0117
0.994739
0.993744
0.997173
0.993229
1.00232
0.993412
0.995811
0.989142
0.995876
0.991551
1.01249
0.996795
1.00256
1.01378
1.0003
1.00064
0.990388
0.993163
0.990447
1.00407
0.989216
0.997069
0.99445
0.975864
0.965237
0.955491
0.943246
0.954893
0.936899
0.909434
0.906182
0.885149
0.881025
0.869024
0.857334
0.845872
0.838389
0.826892
0.807029
0.793555
0.789863
0.784012
0.775543
0.767718
0.755735
0.748304
0.73994
0.718292
0.710434
0.694955
0.694282
0.684399
0.678955
0.658474
0.650862
0.650239
0.638794
0.623946
0.614168
0.615166
0.599213
0.584256
0.586999
0.570523
0.569016
0.552982
0.540669
0.53896
0.519339
0.516213
0.514904
0.502718
0.496851
0.494465
0.483955
0.480022
0.463028
0.449912
0.443282
0.443489
0.429052
0.424623
0.417957
0.397372
0.393557
0.391212
0.386234
0.378966
0.370908
0.359997
0.358655
0.346617
0.339448
0.332079
0.327319
0.318987
0.312213
0.303738
0.300238
0.284311
0.28477
0.275568
0.270503
0.25987
0.252767
0.250562
0.243708
0.234975
0.229247
0.222139
0.213536
0.20724
0.201334
0.198951
0.186168
0.182456
0.174849
0.173483
0.167181
0.158927
0.153867
0.147363
0.140866
0.135149
0.127275
0.122544
0.114424
0.111094
0.104816
0.10147
0.0964877
0.0962185
0.0901746
0.086246
0.0833283
0.0786747
0.0752888
0.0746987
0.0697693
0.0665226
0.0638375
0.0600147
0.0594786
0.0553533
0.0542727
0.0519479
0.0488339
0.0492514
0.0442932
0.0432212
0.0395307
0.0398752
0.0373024
0.0346467
0.0345927
0.0317252
0.0302506
0.0292906
0.0282692
0.0251556
0.0242706
0.0239363
0.0220396
0.0215464
0.0207652
0.0175249
0.018169
0.0176533
0.0169739
0.0142025
0.0137471
0.0129637
0.0116422
0.0108109
0.010086
0.0100035
0.00953255
0.00814664
0.00735213
0.0064535
0.00634246
0.00601097
0.00486408
0.00458983
0.00422465
0.00380088
0.00365905
0.00296541
0.00285944
0.00226747
0.00195374
0.00174849
0.00162017
0.00147812
0.00111449
0.000828228
0.000574088
0.000527439
0.000408309
0.000275772
0.000202253
0.000129415
5.72509e-05
4.27394e-05
0
0
0
0
0
0
0
0
0
0
0
0
0
0
0
0
0
0
0
0
0
0
0
0
0
0
0
0
0
0
0
0
0
0
0
0
0
0
0
0
0
0
0
0
0
0
0
0
0
0
0
0
0
0
0
0
0
0
0
0
0
0
0
0
0
0
0
0
