0
0
0
0
0
0
0
0
0
0
0
0
0
0
0
0
0
0
0
0
0
0
0
0
0
0
0
0
0
0
0
0
0
0
0
0
0
0
0
0
0
0
0
0.00315408
0.0673108
0.331533
0.805988
1.64005
2.35798
2.92133
3.08918
3.00788
2.7558
2.35347
2.09108
1.86527
1.70946
1.49287
1.3324
1.20706
1.09248
1.03358
0.914695
0.861937
0.79764
0.788773
0.753532
0.702116
0.662686
0.637163
0.627221
0.653774
0.660843
0.616837
0.653079
0.640431
0.675809
0.646557
0.681198
0.727753
0.7675
0.78023
0.802351
0.850588
0.875433
0.891542
0.966235
0.990009
1.04574
1.08757
1.10448
1.15984
1.1614
1.17879
1.22504
1.23747
1.25576
1.26445
1.29037
1.26698
1.24406
1.22797
1.18689
1.12024
1.12076
1.09622
1.05679
1.02345
1.00703
0.9645
0.961786
0.93373
0.930408
0.88845
0.884076
0.877483
0.855301
0.864869
0.859401
0.867089
0.866322
0.873278
0.872734
0.886049
0.883809
0.923589
0.915137
0.934982
0.94904
0.97335
0.990849
1.01369
1.02292
1.02719
1.05046
1.06557
1.06507
1.06026
1.08639
1.08201
1.07644
1.08234
1.07063
1.0917
1.07912
1.06227
1.04717
1.05341
1.07094
1.05621
1.03107
1.00641
1.00959
1.00678
0.997375
0.974468
0.980006
0.983641
0.968892
0.947241
0.955708
0.947799
0.954704
0.957499
0.939276
0.94343
0.948781
0.94167
0.963739
0.953578
0.966035
0.973268
0.978464
0.996627
0.988699
0.981404
1.00723
1.00273
1.01831
1.01583
1.03587
1.01838
1.03509
1.02585
1.03229
1.03605
1.0399
1.03291
1.02052
1.02585
1.03226
1.02563
1.01817
1.01283
1.02195
1.0235
0.994403
1.01634
0.993702
0.997511
0.990258
0.984276
0.990928
0.976553
0.982915
0.976858
0.982489
0.985333
0.979336
0.986871
0.984521
0.983861
0.97383
0.990174
0.981568
0.983318
0.975062
0.984872
0.989004
0.996158
0.998069
1.00984
1.00946
1.00905
1.00052
1.01412
1.01864
1.00232
1.02299
1.01556
1.01632
1.01706
1.01128
1.01102
1.00701
1.01161
1.00272
1.01351
1.0087
0.995755
1.0041
1.0059
0.997015
1.00652
0.99721
1.00135
0.995958
0.998709
0.993587
0.998549
0.981304
0.961941
0.965882
0.950599
0.936325
0.928309
0.91924
0.912204
0.893966
0.885612
0.877331
0.858211
0.844496
0.844745
0.834247
0.824841
0.820624
0.799153
0.795391
0.796402
0.777175
0.765549
0.757235
0.752532
0.737211
0.732393
0.71066
0.70919
0.698155
0.681861
0.665023
0.666633
0.650181
0.64585
0.636377
0.63095
0.623718
0.608917
0.59648
0.590966
0.582284
0.572934
0.566117
0.550788
0.547787
0.539279
0.518833
0.51942
0.509046
0.508358
0.49912
0.48903
0.478824
0.472607
0.45717
0.455546
0.444319
0.437458
0.428272
0.423889
0.415344
0.407453
0.401936
0.390146
0.382258
0.376361
0.371306
0.364076
0.353341
0.342947
0.343851
0.3334
0.330667
0.317904
0.310884
0.303982
0.299548
0.289819
0.285237
0.276692
0.272452
0.262791
0.253511
0.247879
0.244158
0.236501
0.229528
0.223751
0.217292
0.209627
0.203233
0.189233
0.188147
0.184558
0.174737
0.170278
0.165551
0.157302
0.149455
0.14606
0.138734
0.133727
0.129559
0.121376
0.117716
0.110428
0.106569
0.102923
0.0982937
0.0927756
0.0902562
0.085358
0.0836765
0.078745
0.0741658
0.0725393
0.0701001
0.0678926
0.0663232
0.061841
0.059812
0.0566795
0.0539812
0.0515391
0.0501153
0.0482967
0.0453598
0.0425372
0.0418961
0.0389405
0.0361528
0.0359498
0.0339128
0.03191
0.0300622
0.0282464
0.0275278
0.026114
0.0249384
0.0239451
0.0228311
0.0209104
0.0202229
0.0183857
0.0175256
0.0176533
0.0158687
0.0136611
0.0139434
0.0124402
0.0124526
0.0111195
0.0104503
0.00951876
0.00835314
0.00807001
0.00751266
0.00735603
0.00646168
0.00550478
0.00551342
0.00468774
0.00423244
0.00351387
0.00347378
0.00305375
0.00280974
0.00221421
0.00205597
0.00223837
0.00166517
0.00129895
0.00102533
0.000798649
0.000563047
0.000505462
0.0004156
0.000315686
0.000140855
6.47076e-05
2.14691e-05
4.27394e-05
1.06355e-05
0
0
0
0
0
0
0
0
0
0
0
0
0
0
0
0
0
0
0
0
0
0
0
0
0
0
0
0
0
0
0
0
0
0
0
0
0
0
0
0
0
0
0
0
0
0
0
0
0
0
0
0
0
0
0
0
0
0
0
0
0
0
0
0
0
0
0
