0
0
0
0
0
0
0
0
0
0
0
0
0
0
0
0
0
0
0
0
0
0
0
0
0
0
0
0
0
0
0
0
0
0
0
0
0
0
0.00626348
0.0595035
0.206191
0.482078
0.862043
1.26794
1.59135
1.81046
2.0438
2.01097
1.98471
1.9167
1.84154
1.79773
1.68803
1.53933
1.4972
1.42005
1.34987
1.33542
1.25799
1.17147
1.14937
1.08845
1.08073
1.05353
1.05459
0.971011
1.00321
0.997866
0.975727
0.968719
0.944368
0.939929
0.949505
0.915251
0.92884
0.950002
0.952976
0.973589
0.964654
1.00517
0.973395
0.980205
0.996728
1.01066
1.0309
1.03542
1.05026
1.03297
1.06598
1.06067
1.05809
1.07659
1.07173
1.08261
1.07986
1.10332
1.07502
1.06103
1.05723
1.06302
1.04499
1.05836
1.05775
1.03345
1.04388
1.05267
1.03323
1.02523
1.01148
1.01643
1.01267
1.01667
1.01754
1.03161
1.00234
1.0126
1.00623
1.02107
1.01694
1.00677
1.01882
1.00723
1.0073
1.01027
1.01395
1.02994
1.02359
1.01306
1.00458
1.02258
1.0206
1.02423
1.01216
1.01201
1.00962
1.00756
0.99741
1.00042
1.00843
1.0095
1.01204
1.00249
1.01185
1.00347
1.00284
1.00739
1.0045
1.03128
1.01299
1.00293
1.01447
1.02112
1.00788
1.00188
1.00207
1.01363
1.01236
1.00676
1.00086
1.00091
1.00429
0.991836
0.996643
1.00101
1.01118
1.00989
1.00521
1.00081
0.991066
1.01634
1.01444
0.991508
1.00287
0.997816
0.997084
0.996045
1.0097
1.00109
0.992983
0.992282
1.00407
1.00878
0.996005
1.00239
0.993503
0.992996
1.00453
0.996107
1.00098
0.999642
1.0058
0.99746
1.00119
0.994056
1.00251
1.00051
0.994781
0.993811
1.00425
1.00444
0.997813
1.00247
0.996637
0.988787
1.00768
0.998466
1.00788
0.996376
1.00075
0.999351
0.977876
0.9924
0.996651
0.999587
1.00418
0.992657
0.992166
0.992092
0.993838
0.988244
0.996241
0.994835
1.00485
0.994528
0.988477
0.999995
0.988625
0.990203
0.994256
1.0014
0.999669
0.994887
0.990567
0.99458
0.993158
1.00258
0.992675
0.992868
0.993606
0.998922
0.992513
1.0033
0.995357
0.98901
0.998486
0.99039
0.988723
0.997507
0.999053
0.991806
0.99445
0.978024
0.957894
0.961187
0.943696
0.92964
0.916095
0.908054
0.894849
0.890132
0.883741
0.858337
0.850924
0.839091
0.833251
0.81581
0.80828
0.801321
0.789311
0.774334
0.769761
0.756616
0.74509
0.738995
0.728657
0.721734
0.701604
0.70193
0.693769
0.680613
0.674336
0.659093
0.646558
0.638473
0.631404
0.622335
0.614249
0.605395
0.597189
0.583291
0.572461
0.568556
0.561094
0.558032
0.545165
0.536423
0.525298
0.513725
0.512194
0.507168
0.498114
0.488264
0.475954
0.467668
0.464201
0.448022
0.443296
0.439197
0.428007
0.416855
0.410405
0.400379
0.398894
0.387015
0.375641
0.374809
0.367797
0.356905
0.356446
0.349983
0.335949
0.330257
0.320828
0.313044
0.306608
0.299444
0.294627
0.284051
0.280272
0.275947
0.269107
0.263394
0.255538
0.244766
0.241989
0.232878
0.227244
0.222255
0.215075
0.206434
0.20329
0.192639
0.191448
0.181748
0.174123
0.169628
0.16158
0.155632
0.15248
0.144268
0.136461
0.134323
0.124585
0.120241
0.115775
0.110097
0.104273
0.0993424
0.0948469
0.0925036
0.088358
0.0847541
0.0828438
0.0801804
0.0760075
0.0712437
0.06815
0.0655111
0.0641501
0.0603839
0.0579714
0.0562567
0.053422
0.0524233
0.0481152
0.0480192
0.044602
0.0418531
0.0402436
0.0382821
0.0367803
0.0350659
0.0330697
0.0319416
0.0308068
0.0287819
0.0277098
0.0261449
0.0240773
0.0231495
0.0221353
0.020309
0.0196977
0.0180302
0.0179645
0.0161017
0.014966
0.0148488
0.0134047
0.0128557
0.0112784
0.0109097
0.010176
0.00913997
0.00848689
0.00765462
0.00750463
0.00668512
0.00626298
0.00584488
0.00550161
0.00471515
0.00427921
0.00359144
0.00361273
0.00358768
0.00289002
0.0021229
0.00187802
0.0019369
0.00142515
0.00126163
0.000913883
0.000894782
0.000640328
0.000571392
0.000342688
0.000275772
0.000223923
0.000122225
5.00946e-05
7.12324e-06
7.09033e-06
0
0
0
0
0
0
0
0
0
0
0
0
0
0
0
0
0
0
0
0
0
0
0
0
0
0
0
0
0
0
0
0
0
0
0
0
0
0
0
0
0
0
0
0
0
0
0
0
0
0
0
0
0
0
0
0
0
0
0
0
0
0
0
0
0
0
0
