0.122464
0.185777
0.0692944
0.069022
0.112768
0.0624537
0.166343
0.125153
0.103537
0.121718
0.110147
0.103892
0.184508
0.124375
0.172562
0.152936
0.155365
0.134409
0.192826
0.127954
0.241715
0.140884
0.110527
0.188038
0.158157
0.121171
0.248991
0.0896547
0.159088
0.215302
0.113814
0.156275
0.0988627
0.0895203
0.105112
0.160819
0.241958
0.183359
0.171855
0.060977
0.112017
0.123358
0.0955682
0.175107
0.100558
0.285755
0.0292352
0.153254
0.192681
0.184305
0.149381
0.196296
0.0977143
0.0599332
0.0399273
0.123366
0.118619
0.0711936
0.0244345
0.1812
