0
0
0
0
0
0
0
0
0
0
0
0
0
0
0
0
0
0
0
0
0
0
0
0
0
0
0
0
0
0
0
0
0
0
0
0
0.0199105
0.130153
0.424127
1.00136
1.59535
2.1655
2.60816
2.89054
2.79156
2.8073
2.59891
2.38835
2.32358
2.12293
2.03137
1.91074
1.71786
1.61671
1.57936
1.47387
1.4392
1.38355
1.31651
1.30896
1.2791
1.21084
1.18089
1.17721
1.20634
1.13578
1.15347
1.15971
1.15154
1.11727
1.17919
1.15241
1.17836
1.17451
1.18883
1.22851
1.234
1.24409
1.26145
1.28007
1.28879
1.29709
1.34398
1.36676
1.35021
1.37904
1.35514
1.34963
1.3801
1.34198
1.3541
1.33908
1.3261
1.28696
1.27739
1.26969
1.28894
1.24255
1.22182
1.23771
1.22804
1.22095
1.23095
1.21235
1.19036
1.20841
1.20968
1.1929
1.19265
1.1964
1.17876
1.18673
1.19485
1.19129
1.18352
1.2006
1.19366
1.18861
1.17741
1.18714
1.19035
1.18261
1.1716
1.19436
1.19903
1.188
1.18405
1.19076
1.17631
1.17332
1.1558
1.18346
1.15456
1.16613
1.16073
1.17501
1.16106
1.15938
1.14575
1.13994
1.14279
1.13815
1.14196
1.14052
1.13369
1.12755
1.12772
1.12212
1.1438
1.11793
1.11237
1.11623
1.11014
1.11244
1.12586
1.13518
1.10556
1.09883
1.11352
1.09512
1.11328
1.08886
1.1092
1.08977
1.10293
1.09211
1.09769
1.10859
1.09879
1.10359
1.09314
1.08129
1.07494
1.08968
1.09199
1.08789
1.08399
1.07038
1.07786
1.07185
1.06375
1.05637
1.06454
1.0831
1.0613
1.0438
1.05494
1.05586
1.05272
1.06856
1.05006
1.05218
1.05595
1.05452
1.04472
1.04728
1.05489
1.0389
1.04566
1.0397
1.03909
1.04412
1.04244
1.02783
1.03937
1.02441
1.03513
1.03245
1.02699
1.02884
1.02562
1.02469
1.03328
1.02123
1.03223
1.0209
1.01712
1.03075
1.02056
1.01203
1.00475
1.01533
1.00761
1.01009
1.01224
1.01194
0.99938
1.01265
0.997355
0.998176
0.993403
0.994293
0.988555
1.00083
0.995811
0.996244
1.0038
1.00357
0.993793
0.993142
0.997856
0.994907
0.987711
0.982568
0.989412
0.984647
0.989203
0.986335
0.9855
0.985713
0.971137
0.962801
0.950135
0.937205
0.92021
0.9053
0.901097
0.889771
0.874525
0.860018
0.851806
0.842278
0.824728
0.819645
0.801478
0.794699
0.782043
0.766624
0.753289
0.745445
0.734669
0.723545
0.713761
0.704988
0.69201
0.676266
0.668313
0.665055
0.650148
0.641939
0.631605
0.626489
0.610561
0.600073
0.590996
0.577686
0.574258
0.561204
0.560364
0.545675
0.535183
0.52429
0.521084
0.514228
0.501965
0.49309
0.487355
0.474794
0.467301
0.461273
0.452597
0.443852
0.436197
0.426977
0.414422
0.411912
0.406349
0.39622
0.388499
0.381534
0.372767
0.368901
0.356385
0.352644
0.346275
0.335556
0.333796
0.323356
0.31836
0.307562
0.299938
0.294264
0.284217
0.282818
0.276959
0.269113
0.260226
0.25629
0.252471
0.244539
0.234477
0.228696
0.223399
0.217983
0.212782
0.206084
0.201698
0.19034
0.188673
0.179807
0.174085
0.168973
0.164438
0.158187
0.153828
0.147695
0.140757
0.138345
0.132463
0.125398
0.120473
0.113176
0.108147
0.102272
0.100356
0.0938729
0.0896945
0.0854264
0.0824635
0.0798606
0.0762647
0.0743717
0.070177
0.0666597
0.0623314
0.0620404
0.058987
0.0557989
0.0541974
0.0521365
0.0496042
0.0475981
0.0453356
0.0425262
0.041193
0.0385753
0.0386045
0.0344821
0.0344204
0.0315134
0.0308533
0.0291426
0.0279026
0.0269817
0.0258817
0.0240697
0.0235991
0.0209159
0.0202724
0.0196788
0.0180561
0.0172804
0.0161593
0.0151865
0.0146835
0.0132527
0.0129329
0.0124566
0.0111247
0.0107283
0.010096
0.00918189
0.0078592
0.00777142
0.00725479
0.00652538
0.00617226
0.00563882
0.00546819
0.00461896
0.0046988
0.0033993
0.00367123
0.00297865
0.00311868
0.00238154
0.00227837
0.00198594
0.00166598
0.00135659
0.00122263
0.00103767
0.000787574
0.000598987
0.000625608
0.00047616
0.000291649
0.000246743
0.00015169
5.75178e-05
4.29382e-05
1.42465e-05
0
0
0
0
0
0
0
0
0
0
0
0
0
0
0
0
0
0
0
0
0
0
0
0
0
0
0
0
0
0
0
0
0
0
0
0
0
0
0
0
0
0
0
0
0
0
0
0
0
0
0
0
0
0
0
0
0
0
0
0
0
0
0
0
0
0
0
0
