-0.0158807
0.0835068
0.0693181
0.0168399
0.0917895
-0.03084
-0.0374893
0.0518478
0.0183973
0.0296319
-0.0214031
0.00108379
0.00489337
0.0294948
0.107174
-0.0167416
-0.00163114
0.00515235
0.118315
0.0225362
0.0236608
0.00312923
-0.00824544
0.104246
0.0551533
0.0411201
0.15777
0.0690017
0.0879285
0.0169543
0.0984857
0.0904366
-0.0302874
0.00758202
0.0853698
0.0606917
0.111772
0.0599926
-0.00891922
0.073235
-0.00936621
0.00219828
0.00356618
0.0923063
0.029708
0.0831011
-0.0196918
0.0635326
0.0381771
-0.0386035
0.159286
0.00426848
0.0211275
0.0463237
0.0633043
0.0160556
0.0436609
0.0592967
0.0726804
0.0260424
