0
0
0
0
0
0
0
0
0
0
0
0
0
0
0
0
0
0
0
0
0
0
0
0
0
0
0
0
0
0
0
0
0
0
0
0.00315721
0.0438032
0.158448
0.449181
0.83645
1.2614
1.55174
1.74244
1.82586
1.87399
1.8758
1.73527
1.76702
1.6357
1.53185
1.53263
1.39467
1.37092
1.29606
1.24491
1.21466
1.18077
1.14046
1.10762
1.07257
1.07799
1.00815
1.03183
0.997946
1.0039
0.987396
1.00051
0.946342
1.01049
0.979153
0.946503
0.974434
1.03731
0.956987
0.961339
1.00096
1.00669
0.981538
1.01695
1.00811
1.01965
1.03931
1.0207
1.01047
1.05078
1.06408
1.0226
1.04839
1.06073
1.0461
1.061
1.03002
1.01531
1.05211
1.04779
1.05882
1.04255
1.03466
1.01486
1.02698
1.02831
1.01394
1.0296
1.02391
1.00988
1.03074
1.01452
1.02419
1.00247
0.996302
1.00583
1.03566
1.00727
1.01606
0.99819
1.00335
0.989521
1.0032
1.03243
1.0012
0.988581
1.02341
1.00668
1.02427
1.00309
1.00637
1.01256
0.996988
1.00643
1.00147
0.996845
0.994244
0.992287
1.00643
1.01182
1.01645
1.01407
1.00737
1.00642
1.00895
0.98624
1.00898
1.00748
1.01815
1.00036
1.00865
1.01278
0.995804
1.00668
0.995271
0.993039
1.00713
1.00332
0.992147
0.997625
1.00551
0.987939
0.99142
0.993204
1.00753
1.00326
1.00445
0.989159
0.986721
0.987357
0.997542
1.00296
0.999768
1.00457
0.996626
0.99414
1.00842
0.992259
1.0013
0.997432
1.00444
1.0034
1.0053
0.996563
0.993229
0.989297
1.00081
0.99055
0.993332
1.00367
0.994191
0.997514
0.995089
1.00535
1.00042
0.999517
1.0001
0.991204
1.00571
1.00476
0.997349
0.994403
0.987317
1.00234
0.993712
0.99105
0.996133
0.995699
0.985681
1.00407
0.995199
0.996968
0.995637
1.00194
0.993942
0.992243
0.996136
0.98922
0.997172
0.996947
0.994256
0.997147
0.98912
1.00398
0.988327
0.999051
1.00486
0.991619
1.00281
0.988582
0.990866
0.999949
0.993842
0.985798
0.99173
0.999719
0.999787
0.990077
0.989326
0.992314
0.990075
0.997275
0.996959
0.988034
1.00096
1.00049
0.994657
0.994229
1.00149
0.997953
0.994285
0.998851
0.991813
1.00773
0.990464
0.9883
0.980183
0.958102
0.959144
0.94687
0.929518
0.922808
0.903213
0.893857
0.885307
0.877096
0.866134
0.853215
0.843446
0.832512
0.818162
0.813079
0.787364
0.788189
0.781035
0.770667
0.757516
0.755056
0.738924
0.728727
0.723464
0.705958
0.706908
0.692298
0.680206
0.673241
0.661386
0.653804
0.642978
0.631289
0.618999
0.610888
0.60103
0.593843
0.590966
0.579078
0.566792
0.560831
0.556461
0.543529
0.533887
0.528964
0.517262
0.509113
0.503398
0.490829
0.485974
0.479244
0.468733
0.462241
0.451006
0.443155
0.436686
0.431979
0.420538
0.410639
0.406612
0.397835
0.392305
0.386556
0.374929
0.368101
0.362444
0.351974
0.348891
0.337163
0.33127
0.324284
0.315743
0.314644
0.301059
0.295784
0.291396
0.28434
0.279575
0.267892
0.262067
0.253475
0.246328
0.241883
0.234575
0.226483
0.218855
0.218721
0.206814
0.203233
0.196199
0.190544
0.182433
0.175654
0.17125
0.163171
0.156708
0.151672
0.143574
0.141438
0.135235
0.126634
0.120835
0.116788
0.110255
0.107759
0.101117
0.0979222
0.0928012
0.0909196
0.0866621
0.0822181
0.0792569
0.0759077
0.0733385
0.0697693
0.0658745
0.0649021
0.0632496
0.0595656
0.0558723
0.0543779
0.0521761
0.0490798
0.0468622
0.0453037
0.0436959
0.0392808
0.0391109
0.0378429
0.0355033
0.0331241
0.0317432
0.0306902
0.0286124
0.0278696
0.0269222
0.0247627
0.023438
0.0228832
0.0203176
0.0193619
0.0187069
0.0178111
0.0163052
0.0152782
0.0146306
0.0139726
0.0132712
0.0114686
0.0111153
0.0102333
0.00954727
0.00913536
0.00804178
0.00736818
0.00741992
0.00662858
0.00556806
0.00582431
0.00490313
0.00413111
0.00377761
0.00335027
0.00318051
0.00281356
0.0024577
0.0020219
0.00189922
0.00133514
0.00117951
0.00119622
0.000828228
0.000662409
0.000461509
0.000364562
0.000217715
9.39032e-05
9.34665e-05
7.15637e-06
7.12324e-06
7.09033e-06
0
0
0
0
0
0
0
0
0
0
0
0
0
0
0
0
0
0
0
0
0
0
0
0
0
0
0
0
0
0
0
0
0
0
0
0
0
0
0
0
0
0
0
0
0
0
0
0
0
0
0
0
0
0
0
0
0
0
0
0
0
0
0
0
0
0
0
