0.234628
0.195007
0.232606
0.19219
0.370371
0.240097
0.195976
0.138067
0.17847
0.30832
0.13052
0.15154
0.242245
0.257435
0.306313
0.171953
0.197027
0.176258
0.207298
0.166452
0.224988
0.258571
0.207707
0.208188
0.180411
0.191848
0.150171
0.140008
0.1983
0.191501
0.279691
0.285347
0.145395
0.136739
0.220255
0.223685
0.243147
0.271656
0.174728
0.291106
0.192521
0.213015
0.183029
0.192808
0.156015
0.159005
0.193112
0.205983
0.274578
0.159745
0.268645
0.163421
0.241005
0.231965
0.25381
0.191856
0.172255
0.194413
0.202915
0.13715
