0.109744
0.103438
0.126976
0.174317
0.170982
0.10304
0.130226
0.164109
0.0388761
0.174448
0.109064
0.130233
0.165057
0.0675013
0.154352
0.0911433
0.120705
0.245306
0.211594
0.0244354
0.068213
0.0896036
0.15308
0.12173
0.0139167
0.103713
0.237361
0.243964
0.148536
0.0719187
0.242997
0.0940814
0.0309769
0.15162
0.20159
0.100407
0.10277
0.171179
0.076252
0.0532183
0.0825009
0.0410322
0.0493128
0.286891
0.148351
0.200208
0.132056
0.235894
0.137257
0.100729
0.106365
0.181743
0.112353
0.215159
0.154428
0.138778
0.0822264
0.0837322
0.0828263
0.155378
