0
0
0
0
0
0
0
0
0
0
0
0
0
0
0
0
0
0
0
0
0
0
0
0
0
0
0
0
0
0
0
0
0
0
0
0
0
0
0
0
0
0
0.00991276
0.0851602
0.332536
0.743787
1.35711
2.01479
2.50429
2.73053
2.71863
2.55782
2.45265
2.13036
1.86804
1.72189
1.58793
1.36891
1.28008
1.16436
1.05335
1.04304
0.942197
0.921636
0.854546
0.804075
0.743185
0.759752
0.71314
0.708005
0.675254
0.690743
0.679768
0.675022
0.700752
0.692433
0.694165
0.705184
0.733498
0.757026
0.769035
0.799099
0.821643
0.866281
0.909425
0.945154
0.971819
0.998584
1.02923
1.1067
1.1193
1.12419
1.18116
1.19927
1.16534
1.20432
1.21538
1.22469
1.22271
1.20649
1.18201
1.15343
1.14334
1.12711
1.0672
1.07388
1.04556
1.01243
0.972052
0.950231
0.964393
0.940611
0.922706
0.919645
0.914577
0.890159
0.884031
0.921067
0.904029
0.909162
0.897423
0.899288
0.895802
0.914484
0.929116
0.92801
0.950817
0.963251
0.972535
0.995771
1.00054
0.975376
1.03085
1.02629
1.04254
1.04856
1.02834
1.06437
1.0673
1.0538
1.07372
1.05651
1.06299
1.03383
1.05911
1.04837
1.04087
1.02543
1.0252
1.03138
1.02492
1.01014
1.00078
1.00737
0.978623
0.984671
0.987804
0.986688
0.970872
0.976801
0.966057
0.96725
0.967135
0.970671
0.961258
0.95803
0.969736
0.97209
0.98455
0.971859
0.980817
0.98152
0.997719
0.985259
0.992097
1.0002
1.0085
1.01081
1.02381
1.0049
1.00558
1.02092
1.00749
1.02685
1.02481
1.01876
1.01994
1.01684
1.02534
1.01809
1.01346
1.00496
1.00083
1.01506
1.00102
1.01007
1.00105
0.997823
0.994611
0.996862
0.985408
0.988343
0.997526
0.990149
0.987244
0.984961
1.00078
0.997162
0.981807
0.989681
1.00926
0.994846
0.989779
0.982449
0.982217
0.99527
1.00409
1.00573
1.00088
0.989056
0.997987
1.01474
1.0001
1.00427
1.00584
1.01134
1.00852
1.00263
1.01262
1.00181
1.00142
0.99605
1.00535
1.00694
1.0068
0.98858
1.00339
1.00565
1.00996
1.00304
0.995987
0.988813
1.00584
0.993708
1.00343
1.00075
0.996122
0.997313
0.996003
1.00063
0.98812
0.983989
0.968691
0.955614
0.94514
0.9284
0.914704
0.905513
0.910102
0.893471
0.879178
0.858531
0.854687
0.84741
0.848238
0.821991
0.814209
0.807132
0.794067
0.777612
0.775163
0.758856
0.766934
0.742479
0.735891
0.733704
0.71373
0.705263
0.690537
0.675902
0.670459
0.665503
0.660925
0.638795
0.633993
0.624214
0.619573
0.60651
0.596791
0.587358
0.584901
0.568345
0.567744
0.55021
0.548361
0.535953
0.531461
0.519307
0.507126
0.50461
0.502756
0.484238
0.481933
0.468633
0.462255
0.459106
0.442414
0.439877
0.432808
0.425696
0.414621
0.403024
0.404686
0.395065
0.387669
0.379739
0.371663
0.364411
0.353184
0.347079
0.338447
0.336384
0.326764
0.315718
0.310336
0.305259
0.294453
0.295013
0.284223
0.274548
0.266933
0.259804
0.253151
0.242119
0.236584
0.235406
0.224521
0.224328
0.216059
0.208178
0.207094
0.196773
0.189622
0.182551
0.178023
0.172844
0.164938
0.161387
0.151764
0.145832
0.140596
0.132503
0.12759
0.124131
0.119347
0.112096
0.105708
0.102316
0.0986187
0.0955771
0.0882509
0.085221
0.0827227
0.0807023
0.0727133
0.072718
0.0689449
0.0659923
0.0631587
0.0621324
0.0602902
0.0551659
0.0539955
0.0521381
0.0497039
0.0479721
0.0448265
0.042956
0.0416739
0.0399903
0.0379116
0.0351433
0.0339264
0.0319371
0.0308158
0.029478
0.0273813
0.0267235
0.0251889
0.0239188
0.0220222
0.0214685
0.0202487
0.0192208
0.0176535
0.0169538
0.0146792
0.0148572
0.0139935
0.012677
0.0122541
0.0108726
0.00995908
0.00935991
0.00824371
0.00793692
0.00747654
0.00674502
0.00659282
0.00580138
0.00566689
0.00489922
0.0041506
0.00360696
0.00380958
0.00262738
0.00277534
0.00259085
0.00195374
0.00175226
0.0014514
0.00146692
0.00111449
0.000831926
0.00076177
0.000527439
0.000404663
0.000293915
0.00015169
0.0001402
4.29382e-05
0
0
0
0
0
0
0
0
0
0
0
0
0
0
0
0
0
0
0
0
0
0
0
0
0
0
0
0
0
0
0
0
0
0
0
0
0
0
0
0
0
0
0
0
0
0
0
0
0
0
0
0
0
0
0
0
0
0
0
0
0
0
0
0
0
0
0
0
0
