0
0
0
0
0
0
0
0
0
0
0
0
0
0
0
0
0
0
0
0
0
0
0
0
0
0
0
0
0
0
0
0
0
0
0
0.00631442
0.0433054
0.226354
0.495262
0.911679
1.42393
1.68419
1.88783
2.01861
2.07759
1.96709
1.87972
1.87547
1.79808
1.68801
1.59997
1.55344
1.484
1.48673
1.4387
1.31628
1.33741
1.26843
1.22369
1.22168
1.18706
1.1635
1.12707
1.16438
1.15581
1.11383
1.13592
1.10906
1.09049
1.10093
1.07592
1.03942
1.05296
1.05764
1.03589
1.04982
1.05315
1.02813
1.0331
1.0101
1.02139
1.02583
1.04993
1.03634
1.05765
1.03415
1.04494
1.02041
1.04752
1.04759
0.999546
1.02249
1.04189
1.04612
1.03167
1.04443
1.02994
1.02839
1.03673
1.0168
1.01301
0.99817
1.01723
1.02088
1.01546
1.00185
1.01066
1.00021
1.01684
0.982917
1.00822
1.00542
0.994699
1.02605
1.02338
1.00544
0.982387
1.00191
1.0049
0.985646
0.997167
0.978125
1.00703
0.959615
1.00407
1.0062
1.01522
0.999476
0.99892
1.00621
1.00311
1.01047
0.993004
0.985216
0.998114
1.00088
0.989687
1.00702
0.993565
0.986936
0.993698
0.988049
1.01489
0.984272
0.993563
1.00147
0.997302
0.983002
0.980634
0.998357
0.979073
1.01031
0.983673
0.995468
0.985207
0.98681
0.978544
0.984122
0.983543
0.977348
0.98073
0.991124
0.996291
0.990839
0.980814
0.985267
0.992485
0.969679
0.986862
0.991178
1.00306
0.992884
0.986286
0.980303
1.00536
0.990576
0.981683
0.984102
0.986094
0.995884
0.98317
0.998576
0.991724
0.989098
0.996231
0.988178
0.988076
0.97847
0.986481
0.984185
0.988407
0.996827
0.984243
0.977443
0.982406
0.980502
0.992033
0.999608
0.982342
0.993263
0.996692
1.00084
0.984815
0.995193
0.989955
0.995937
0.990607
0.975999
0.984233
0.982157
0.979537
0.984928
0.981716
0.989563
0.983687
0.985374
0.983253
0.98113
0.991046
0.98757
0.985261
0.988671
0.982698
0.991368
0.989108
0.982585
0.984088
0.99333
0.976691
0.983004
0.985877
0.994305
0.983378
0.99216
1.00155
0.970321
0.980842
0.983921
0.992685
0.986945
0.994061
0.98298
0.994274
0.98391
0.980637
0.969859
0.987609
0.983964
0.987852
0.983209
0.987676
0.972918
0.954649
0.949361
0.933407
0.918282
0.9167
0.899573
0.892984
0.872141
0.859594
0.853556
0.83901
0.824545
0.821507
0.818858
0.805441
0.788004
0.78714
0.782295
0.767631
0.745793
0.749224
0.73833
0.723984
0.710848
0.69908
0.693895
0.681355
0.677175
0.669777
0.653905
0.649159
0.636468
0.625267
0.622286
0.611115
0.597604
0.587995
0.583346
0.578724
0.559846
0.554328
0.550279
0.546411
0.524789
0.522477
0.507641
0.508176
0.496205
0.48751
0.47811
0.46417
0.469604
0.45451
0.448405
0.442392
0.432661
0.424488
0.418697
0.414085
0.399252
0.395377
0.386178
0.382178
0.369846
0.363481
0.3593
0.348458
0.342323
0.338409
0.327357
0.31875
0.313893
0.301627
0.299344
0.291728
0.284255
0.278158
0.271598
0.266733
0.259804
0.254212
0.247127
0.240193
0.233585
0.225347
0.216206
0.210955
0.205243
0.19999
0.192492
0.187367
0.178943
0.173396
0.166861
0.16232
0.156016
0.148718
0.146891
0.138718
0.129492
0.126277
0.120676
0.11349
0.110743
0.10383
0.101133
0.0958325
0.0912054
0.0894755
0.0844446
0.0802095
0.0777061
0.0737465
0.0711544
0.0682636
0.0666699
0.0632759
0.060005
0.0582323
0.0549065
0.0519309
0.0495141
0.0483847
0.0483672
0.0438581
0.0438774
0.0406046
0.0378078
0.0369635
0.034829
0.0338584
0.0328299
0.0290933
0.0288355
0.0278341
0.0253588
0.0243189
0.0232894
0.0219961
0.0197941
0.0201325
0.0186812
0.0176023
0.0163179
0.014869
0.014127
0.0134423
0.011979
0.0112123
0.010848
0.0101678
0.0100931
0.00874223
0.00753766
0.00685048
0.00645749
0.00592519
0.00581324
0.00517104
0.0045585
0.00437274
0.00392111
0.0031843
0.00312289
0.00267212
0.00235117
0.00214685
0.00191053
0.0014514
0.00142213
0.00112564
0.000820833
0.000552007
0.000516451
0.000262484
0.000250372
0.00013002
6.47076e-05
9.66109e-05
4.27394e-05
0
0
0
0
0
0
0
0
0
0
0
0
0
0
0
0
0
0
0
0
0
0
0
0
0
0
0
0
0
0
0
0
0
0
0
0
0
0
0
0
0
0
0
0
0
0
0
0
0
0
0
0
0
0
0
0
0
0
0
0
0
0
0
0
0
0
0
0
