0
0
0
0
0
0
0
0
0
0
0
0
0
0
0
0
0
0
0
0
0
0
0
0
0
0
0
0
0
0
0
0
0
0
0
0
0
0
0
0
0
0
0.00715922
0.052568
0.225039
0.633756
1.23106
1.9319
2.47934
2.83811
2.79976
2.67821
2.45373
2.18423
1.94741
1.76516
1.60944
1.44984
1.31902
1.17082
1.07944
1.04199
0.937614
0.852563
0.833266
0.799902
0.744759
0.733554
0.722044
0.711094
0.681258
0.662724
0.663493
0.650164
0.655051
0.668701
0.678358
0.706674
0.708801
0.74837
0.768882
0.808234
0.807467
0.836321
0.914162
0.916579
0.985512
1.01586
1.02847
1.09167
1.11869
1.14451
1.16466
1.20451
1.20343
1.23911
1.24903
1.22929
1.21225
1.21855
1.19255
1.19427
1.17345
1.12553
1.0826
1.05145
1.04626
1.01811
0.973404
0.959191
0.945004
0.938211
0.941726
0.925745
0.897202
0.877707
0.892533
0.879855
0.888019
0.882832
0.89989
0.877523
0.899116
0.900984
0.920453
0.937799
0.940374
0.959702
0.972294
0.981951
0.97905
1.00943
1.01646
1.0307
1.02929
1.0491
1.0592
1.05379
1.06098
1.06284
1.0783
1.07971
1.0576
1.07697
1.06459
1.05767
1.04986
1.04285
1.04171
1.02653
1.02562
1.01603
1.00964
0.991035
0.973997
0.978582
0.977691
0.967401
0.973723
0.963898
0.965864
0.962826
0.962238
0.956271
0.960449
0.963223
0.971171
0.96858
0.971061
0.973936
0.978354
0.977496
0.985417
0.987374
0.987131
0.996099
1.00585
1.00074
1.01822
1.022
1.02082
1.02131
1.01804
1.02585
1.02826
1.02706
1.02591
1.0189
1.02355
1.01709
1.01357
1.01796
1.00773
1.01642
1.01517
1.00671
1.00133
1.00055
0.998398
0.997186
0.989343
0.985158
0.993378
0.989668
0.989337
0.978907
0.987388
0.991432
0.987139
0.989681
0.990313
0.991466
0.987069
0.985613
0.988141
0.98109
0.9917
0.99772
0.991546
0.998388
1.00302
1.00962
0.999013
1.00804
1.00602
1.00553
1.00102
1.01143
1.00856
1.01672
1.00722
1.00231
1.00785
1.01201
1.00826
1.0098
1.01102
0.997183
1.01023
1.00845
1.00154
0.999114
0.998266
1.00582
0.993982
1.00042
0.995811
0.992912
0.994908
0.992461
0.979972
0.974664
0.961966
0.956296
0.939012
0.928644
0.923413
0.910269
0.902421
0.887296
0.870383
0.865542
0.855784
0.848413
0.835142
0.831996
0.817024
0.803601
0.795695
0.783295
0.776114
0.764497
0.754074
0.745338
0.734795
0.729615
0.716345
0.70906
0.691884
0.689501
0.676894
0.664173
0.652574
0.64356
0.632174
0.628095
0.617477
0.607509
0.601464
0.590254
0.582119
0.5703
0.56242
0.556758
0.548785
0.532717
0.530601
0.517105
0.505318
0.502758
0.495232
0.484489
0.477421
0.469108
0.463553
0.455813
0.448417
0.441655
0.428021
0.426443
0.41361
0.40895
0.403097
0.395631
0.388292
0.376231
0.37061
0.362023
0.352527
0.348891
0.343338
0.329859
0.323398
0.318122
0.31523
0.306517
0.295302
0.289847
0.28402
0.277122
0.269319
0.263207
0.25459
0.246144
0.243758
0.236289
0.228448
0.22128
0.216624
0.207815
0.202478
0.194505
0.189292
0.18229
0.176967
0.172277
0.164118
0.158068
0.150421
0.145213
0.139568
0.132648
0.126253
0.122133
0.116062
0.112348
0.106702
0.10181
0.0977829
0.0945227
0.0895903
0.0852438
0.0832677
0.0804539
0.0774376
0.073619
0.0709443
0.0656977
0.0649314
0.0614257
0.0590366
0.0580633
0.0538808
0.0518885
0.0485549
0.0473866
0.045016
0.0431096
0.0400492
0.0386366
0.0384063
0.0352254
0.0343751
0.0327149
0.0316433
0.0292103
0.0272215
0.0262796
0.0250505
0.0232632
0.0220483
0.0208195
0.0197192
0.0188547
0.0177046
0.0166931
0.015603
0.0149768
0.0133796
0.013132
0.0116774
0.0110269
0.0104933
0.00993422
0.00867535
0.00803977
0.00739828
0.00668512
0.00611594
0.00551665
0.00521236
0.00472298
0.00440197
0.00384548
0.00352589
0.00322661
0.00250583
0.00244819
0.00211845
0.00182009
0.00151891
0.00138853
0.000969608
0.00097058
0.000690009
0.000549416
0.000388258
0.000321129
0.000167942
8.62768e-05
5.904e-05
1.06849e-05
5.31775e-06
0
0
0
0
0
0
0
0
0
0
0
0
0
0
0
0
0
0
0
0
0
0
0
0
0
0
0
0
0
0
0
0
0
0
0
0
0
0
0
0
0
0
0
0
0
0
0
0
0
0
0
0
0
0
0
0
0
0
0
0
0
0
0
0
0
0
0
