0.0105567
0.03167
0.0527834
0.0738967
0.09501
0.116123
0.137237
0.15835
0.179463
0.200577
0.22169
0.242803
0.263917
0.28503
0.306143
0.327257
0.34837
0.369484
0.390597
0.41171
0.432824
0.453937
0.47505
0.496164
0.517277
0.53839
0.559504
0.580617
0.60173
0.622844
0.643957
0.66507
0.686184
0.707297
0.72841
0.749524
0.770637
0.79175
0.812864
0.833977
0.85509
0.876204
0.897317
0.91843
0.939544
0.960657
0.98177
1.00288
1.024
1.04511
1.06622
1.08734
1.10845
1.12956
1.15068
1.17179
1.1929
1.21402
1.23513
1.25624
1.27736
1.29847
1.31958
1.3407
1.36181
1.38292
1.40404
1.42515
1.44626
1.46738
1.48849
1.5096
1.53072
1.55183
1.57294
1.59406
1.61517
1.63628
1.6574
1.67851
1.69962
1.72074
1.74185
1.76296
1.78408
1.80519
1.8263
1.84742
1.86853
1.88964
1.91076
1.93187
1.95298
1.9741
1.99521
2.01632
2.03744
2.05855
2.07966
2.10078
2.12189
2.143
2.16412
2.18523
2.20634
2.22746
2.24857
2.26968
2.2908
2.31191
2.33302
2.35414
2.37525
2.39636
2.41748
2.43859
2.4597
2.48082
2.50193
2.52304
2.54416
2.56527
2.58638
2.6075
2.62861
2.64972
2.67084
2.69195
2.71306
2.73418
2.75529
2.7764
2.79752
2.81863
2.83974
2.86086
2.88197
2.90308
2.9242
2.94531
2.96642
2.98754
3.00865
3.02976
3.05088
3.07199
3.0931
3.11422
3.13533
3.15644
3.17756
3.19867
3.21978
3.2409
3.26201
3.28312
3.30424
3.32535
3.34646
3.36758
3.38869
3.40981
3.43092
3.45203
3.47315
3.49426
3.51537
3.53649
3.5576
3.57871
3.59983
3.62094
3.64205
3.66317
3.68428
3.70539
3.72651
3.74762
3.76873
3.78985
3.81096
3.83207
3.85319
3.8743
3.89541
3.91653
3.93764
3.95875
3.97987
4.00098
4.02209
4.04321
4.06432
4.08543
4.10655
4.12766
4.14877
4.16989
4.191
4.21211
4.23323
4.25434
4.27545
4.29657
4.31768
4.33879
4.35991
4.38102
4.40213
4.42325
4.44436
4.46547
4.48659
4.5077
4.52881
4.54993
4.57104
4.59215
4.61327
4.63438
4.65549
4.67661
4.69772
4.71883
4.73995
4.76106
4.78217
4.80329
4.8244
4.84551
4.86663
4.88774
4.90885
4.92997
4.95108
4.97219
4.99331
5.01442
5.03553
5.05665
5.07776
5.09887
5.11999
5.1411
5.16221
5.18333
5.20444
5.22555
5.24667
5.26778
5.28889
5.31001
5.33112
5.35223
5.37335
5.39446
5.41557
5.43669
5.4578
5.47891
5.50003
5.52114
5.54225
5.56337
5.58448
5.60559
5.62671
5.64782
5.66893
5.69005
5.71116
5.73227
5.75339
5.7745
5.79561
5.81673
5.83784
5.85895
5.88007
5.90118
5.92229
5.94341
5.96452
5.98563
6.00675
6.02786
6.04897
6.07009
6.0912
6.11231
6.13343
6.15454
6.17565
6.19677
6.21788
6.23899
6.26011
6.28122
6.30233
6.32345
6.34456
6.36567
6.38679
6.4079
6.42901
6.45013
6.47124
6.49235
6.51347
6.53458
6.55569
6.57681
6.59792
6.61903
6.64015
6.66126
6.68237
6.70349
6.7246
6.74571
6.76683
6.78794
6.80905
6.83017
6.85128
6.87239
6.89351
6.91462
6.93573
6.95685
6.97796
6.99907
7.02019
7.0413
7.06241
7.08353
7.10464
7.12575
7.14687
7.16798
7.18909
7.21021
7.23132
7.25243
7.27355
7.29466
7.31577
7.33689
7.358
7.37911
7.40023
7.42134
7.44245
7.46357
7.48468
7.50579
7.52691
7.54802
7.56913
7.59025
7.61136
7.63247
7.65359
7.6747
7.69581
7.71693
7.73804
7.75915
7.78027
7.80138
7.82249
7.84361
7.86472
7.88583
7.90695
7.92806
7.94917
7.97029
7.9914
8.01251
8.03363
8.05474
8.07585
8.09697
8.11808
8.13919
8.16031
8.18142
8.20253
8.22365
8.24476
8.26587
8.28699
8.3081
8.32921
8.35033
8.37144
8.39255
8.41367
8.43478
8.45589
8.47701
8.49812
8.51923
8.54035
8.56146
8.58257
8.60369
8.6248
8.64591
8.66703
8.68814
8.70925
8.73037
8.75148
8.77259
8.79371
8.81482
8.83593
8.85705
8.87816
8.89927
8.92039
8.9415
8.96261
8.98373
9.00484
9.02595
9.04707
9.06818
9.08929
9.11041
9.13152
9.15263
9.17375
9.19486
9.21597
9.23709
9.2582
9.27931
9.30043
9.32154
9.34265
9.36377
9.38488
9.40599
9.42711
9.44822
9.46933
9.49045
9.51156
9.53267
9.55379
9.5749
9.59601
9.61713
9.63824
9.65935
9.68047
9.70158
9.72269
9.74381
9.76492
9.78603
9.80715
9.82826
9.84937
9.87049
9.8916
9.91271
9.93383
9.95494
9.97605
9.99717
10.0183
10.0394
10.0605
10.0816
10.1027
10.1238
10.145
10.1661
10.1872
10.2083
10.2294
10.2505
10.2716
10.2928
10.3139
10.335
10.3561
10.3772
10.3983
10.4194
10.4405
10.4617
10.4828
10.5039
10.525
10.5461
