0
0
0
0
0
0
0
0
0
0
0
0
0
0
0
0
0
0
0
0
0
0
0
0
0
0
0
0
0
0
0
0
0
0
0
0.0015786
0.0134396
0.0990297
0.417416
1.04301
1.72351
2.41193
2.96392
3.28024
3.42682
3.19136
3.09698
2.87449
2.74195
2.49507
2.32468
2.24503
2.0802
2.0122
1.87407
1.75935
1.70198
1.56929
1.57364
1.46107
1.44741
1.38336
1.39445
1.30845
1.34135
1.28541
1.32802
1.29813
1.27025
1.20554
1.1836
1.22544
1.20587
1.19537
1.19683
1.19675
1.17383
1.19308
1.15933
1.15395
1.16752
1.18906
1.15661
1.20469
1.18303
1.15117
1.15767
1.14332
1.17579
1.15265
1.17298
1.14415
1.14094
1.1021
1.13147
1.10398
1.10236
1.11021
1.1087
1.09256
1.09416
1.06885
1.07631
1.08625
1.03933
1.08871
1.04363
1.05151
1.0628
1.06654
1.06818
1.05711
1.02174
1.04906
1.02262
1.0454
1.04937
1.04427
1.02134
1.01602
1.04211
1.02462
1.04561
1.0217
1.03282
1.01731
1.03138
1.01392
1.01121
1.01879
1.00755
1.03025
1.0253
1.01201
1.02286
0.999581
1.00389
1.0066
1.00331
1.01382
1.00468
1.01686
0.998919
0.991615
1.02053
0.993109
1.0113
0.999096
1.00932
1.00396
0.993126
0.998001
0.988976
0.999014
0.989541
0.986645
1.00226
0.992463
1.00793
0.98986
0.976714
0.990209
0.97934
1.01577
0.982579
0.991586
0.98538
0.988682
0.988894
0.983838
0.991151
0.982738
0.994376
0.973628
0.993861
0.981921
0.981427
0.968632
0.992088
0.978719
0.974011
1.00196
0.978942
0.987621
0.96321
0.976268
0.979611
0.979319
0.985249
0.971166
0.979691
0.97746
0.971197
0.970536
0.965683
0.968113
0.974103
0.981553
0.972193
0.986864
0.977342
0.981924
0.978605
0.95825
0.982392
0.966635
0.976844
0.969808
0.96547
0.978803
0.973162
0.974966
0.970614
0.980223
0.983168
0.97822
0.966615
0.971457
0.963627
0.966511
0.96914
0.969735
0.978559
0.960781
0.969688
0.980003
0.962682
0.967922
0.960231
0.96019
0.980485
0.976079
0.979514
0.970996
0.964433
0.971792
0.96537
0.969919
0.967539
0.97328
0.970637
0.959341
0.971507
0.964919
0.975912
0.978276
0.972483
0.978411
0.966783
0.964002
0.955053
0.955745
0.9456
0.929826
0.915623
0.911486
0.894566
0.88079
0.874257
0.868389
0.845434
0.851229
0.822726
0.828872
0.818038
0.810081
0.801576
0.78856
0.777123
0.765094
0.756266
0.745362
0.735802
0.731016
0.712815
0.707676
0.69744
0.684207
0.674917
0.670019
0.660143
0.651469
0.633529
0.63377
0.614329
0.616257
0.597493
0.589421
0.580155
0.577768
0.566348
0.560151
0.549444
0.543836
0.540975
0.525655
0.519309
0.510114
0.499535
0.491636
0.49011
0.474455
0.469953
0.462844
0.451527
0.438728
0.438729
0.431882
0.421729
0.414771
0.404551
0.393614
0.389367
0.382778
0.374756
0.365609
0.359012
0.356695
0.343319
0.336983
0.332831
0.327703
0.322977
0.310585
0.306992
0.294894
0.288761
0.28368
0.280849
0.271469
0.259357
0.255423
0.252377
0.24541
0.234166
0.229149
0.220304
0.216398
0.210712
0.203138
0.199424
0.191656
0.186858
0.180764
0.172542
0.168194
0.158691
0.157186
0.149717
0.142884
0.137406
0.129557
0.125252
0.118431
0.114629
0.110475
0.104237
0.100697
0.093588
0.0914517
0.0889091
0.0843532
0.0830861
0.0774652
0.0758728
0.0723308
0.0683524
0.066228
0.062309
0.0608647
0.0580439
0.0560885
0.0526478
0.0518957
0.048101
0.0471115
0.0437038
0.0442543
0.0414378
0.0374486
0.0362764
0.0351707
0.034076
0.0310984
0.030883
0.0284874
0.0274213
0.0264717
0.0239762
0.0237877
0.0215134
0.020495
0.0204295
0.0188225
0.0176279
0.0162034
0.0159699
0.0152475
0.0134423
0.0128391
0.0118076
0.0110578
0.0101678
0.00943323
0.00873007
0.00878385
0.00776549
0.0066971
0.00618747
0.00605052
0.00524188
0.00428828
0.00458319
0.00367677
0.00332325
0.00265043
0.0027868
0.00224845
0.00212413
0.00177487
0.00146265
0.00143333
0.00106991
0.00108705
0.00073969
0.000417556
0.0004156
0.000261258
0.00015169
8.62768e-05
7.51418e-05
3.20546e-05
0
0
0
0
0
0
0
0
0
0
0
0
0
0
0
0
0
0
0
0
0
0
0
0
0
0
0
0
0
0
0
0
0
0
0
0
0
0
0
0
0
0
0
0
0
0
0
0
0
0
0
0
0
0
0
0
0
0
0
0
0
0
0
0
0
0
0
0
