0
0
0
0
0
0
0
0
0
0
0
0
0
0
0
0
0
0
0
0
0
0
0
0
0
0
0
0
0
0
0
0
0
0
0
0.00315721
0.0388256
0.213621
0.552976
0.956307
1.39725
1.66455
2.03983
2.05436
2.09568
2.12854
2.09226
1.93808
1.9038
1.81061
1.73337
1.6052
1.49483
1.51454
1.41928
1.48744
1.33242
1.35748
1.26729
1.24528
1.2338
1.20295
1.18309
1.17918
1.15199
1.1565
1.13322
1.07981
1.11465
1.10546
1.11915
1.05849
1.0329
1.06317
1.06206
1.07425
1.08544
1.0586
1.05247
1.03686
1.02937
1.05608
1.05139
1.04262
1.07688
1.03632
1.0702
1.0451
1.03253
1.0461
1.0474
1.0339
1.04654
1.05477
1.04771
1.00451
1.05152
1.01436
1.01376
1.02242
1.03507
1.00126
1.02423
1.00212
1.01565
1.00774
1.00294
1.03274
0.994021
1.02141
1.00154
0.971975
1.00036
0.99439
0.996369
1.00201
1.00203
1.01286
1.04018
0.986899
1.00772
0.997936
1.02069
1.00566
1.00189
0.980808
0.988362
0.985035
1.00699
1.00158
1.01573
1.00701
0.988245
0.988118
1.01296
1.00814
0.993851
0.998599
0.986408
0.995115
1.00831
0.995998
1.0145
0.972003
1.00366
0.99123
0.999249
0.991049
0.997143
0.998001
1.00656
0.98864
0.989404
1.00264
0.996458
0.973481
0.994465
1.00233
0.982513
0.985246
0.997489
0.993717
0.985518
0.98429
0.992136
0.983161
0.995284
0.988044
0.982447
0.992702
0.984718
0.987811
0.976792
0.982682
1.00817
1.00524
0.981236
0.996668
1.00039
0.996748
0.989398
0.9868
0.995726
0.98963
1.00073
0.973088
0.975607
0.998503
1.00367
1.00363
0.994657
0.995363
0.980431
0.98908
0.994449
0.99518
0.97874
0.988745
0.981585
0.989214
0.988922
0.980013
0.97356
0.988419
0.988052
0.99688
0.994153
1.00303
0.991784
0.991449
0.993905
0.982438
0.988589
0.985547
0.983514
0.979677
0.977354
0.980373
0.99213
0.992649
0.978878
0.982103
0.986917
0.99093
0.984727
0.981725
0.985096
0.984566
0.981949
0.982249
0.985053
0.985433
0.98555
0.992488
0.982739
0.982123
0.978566
0.987343
0.990832
0.992737
1.00242
0.985402
0.987982
0.991627
0.977575
0.975602
0.982862
0.979742
0.987144
0.988962
0.978482
0.971597
0.95209
0.939269
0.942099
0.917307
0.912678
0.903563
0.87771
0.875597
0.87736
0.853527
0.843889
0.829617
0.817526
0.809234
0.797598
0.795622
0.784491
0.765066
0.757843
0.750139
0.74049
0.732107
0.716829
0.712552
0.705976
0.691467
0.67997
0.675265
0.658879
0.652373
0.639287
0.638102
0.627307
0.62541
0.610412
0.605908
0.586131
0.577721
0.577121
0.559893
0.559652
0.549263
0.539461
0.530143
0.525577
0.511103
0.501701
0.495096
0.486607
0.484544
0.466692
0.46049
0.451098
0.451134
0.438411
0.431672
0.421415
0.411573
0.412083
0.400215
0.39611
0.384073
0.386764
0.369466
0.359409
0.35709
0.348379
0.338991
0.332986
0.325066
0.319859
0.310642
0.305934
0.299138
0.290198
0.288725
0.279503
0.273338
0.265604
0.255857
0.249012
0.246573
0.238238
0.230863
0.227437
0.215735
0.213073
0.204691
0.201706
0.191877
0.187926
0.176819
0.17685
0.163228
0.161343
0.150926
0.149651
0.143242
0.136629
0.128961
0.124644
0.120947
0.112382
0.109483
0.104518
0.100448
0.094656
0.0920675
0.0882968
0.0834855
0.0807092
0.0785342
0.0730577
0.0712735
0.0676711
0.0677747
0.0620013
0.0583147
0.0587685
0.0555984
0.0533073
0.0500132
0.0484982
0.0458416
0.0432687
0.0422719
0.040188
0.0378354
0.0363039
0.0355944
0.032689
0.0315448
0.0299949
0.027711
0.0270617
0.0262332
0.0246089
0.0233943
0.0214482
0.0205729
0.0193706
0.018527
0.0164518
0.0161398
0.0155144
0.014127
0.0136051
0.0123155
0.0114603
0.0110084
0.0100819
0.00912775
0.00849905
0.00767075
0.00759693
0.00676898
0.00630669
0.00561156
0.00505298
0.00465249
0.00397522
0.00373494
0.00309166
0.00296156
0.00274093
0.00207725
0.00163569
0.00201227
0.00178894
0.00129895
0.000847013
0.00103159
0.000574088
0.00071424
0.000295295
0.000293915
0.00015169
0.000107846
6.44073e-05
2.13697e-05
1.06355e-05
0
0
0
0
0
0
0
0
0
0
0
0
0
0
0
0
0
0
0
0
0
0
0
0
0
0
0
0
0
0
0
0
0
0
0
0
0
0
0
0
0
0
0
0
0
0
0
0
0
0
0
0
0
0
0
0
0
0
0
0
0
0
0
0
0
0
0
