0
0
0
0
0
0
0
0
0
0
0
0
0
0
0
0
0
0
0
0
0
0
0
0
0
0
0
0
0
0
0
0
0
0
0
0
0
0.00094314
0.00805304
0.0535532
0.195679
0.455124
0.911974
1.35345
1.67842
1.86619
2.00025
1.99921
2.02813
1.92266
1.90915
1.78972
1.73278
1.63942
1.52131
1.39895
1.35818
1.26802
1.24442
1.20744
1.14684
1.13229
1.10449
1.08281
1.04248
1.03809
1.00531
0.981274
1.00145
0.940437
0.93823
0.954198
0.98155
0.945939
0.964684
0.975596
0.957282
0.972485
0.984024
0.955228
0.978921
1.00337
0.995559
1.01675
1.01734
1.04467
1.04476
1.05047
1.08901
1.07689
1.06586
1.06598
1.0832
1.08033
1.0815
1.09416
1.08442
1.07275
1.06967
1.08566
1.05996
1.0608
1.06318
1.06391
1.05542
1.03301
1.05685
1.04118
1.03345
1.03325
1.01865
1.02788
1.01136
1.01431
1.00932
1.02572
1.01258
1.02578
1.00514
1.00195
1.0348
1.01227
1.00783
1.02348
1.01421
1.01504
1.01563
1.02513
1.03045
1.01317
1.02901
1.0148
1.0225
1.02458
1.02033
1.01833
1.02916
1.01607
1.01196
1.02551
1.02736
1.0156
0.998919
1.01545
1.03422
1.0151
1.0092
1.02397
1.02087
1.02565
1.01816
0.997886
1.0206
1.00926
1.00835
1.0138
0.999907
0.990351
1.00646
1.02521
0.996614
1.01223
1.0094
0.99714
1.01843
1.00853
1.0032
1.00799
1.0105
0.984531
1.00878
1.0127
1.00862
0.993807
1.01093
1.00892
1.00007
1.00084
0.997812
0.99821
1.00061
1.00524
1.00608
0.992742
0.986646
1.01096
1.00831
1.00286
1.0114
0.995062
1.01512
0.998979
1.00574
1.00217
0.997534
1.00085
0.991827
0.989323
0.999946
0.999811
0.999331
0.99757
1.00792
1.01226
0.999755
0.995702
0.999051
0.989907
0.986109
0.990376
1.00389
0.996966
1.00159
1.00061
0.997581
1.00174
0.994204
0.994194
0.99381
0.992511
1.00467
0.991023
0.996736
0.995404
0.999292
0.993214
0.990125
0.997763
0.996949
0.995104
0.997822
0.994343
0.991107
0.997572
0.99393
0.988903
0.995236
0.990846
1.00431
0.998367
0.997557
0.995772
0.995199
0.998942
0.988946
0.989664
0.992542
0.994303
0.993726
0.995599
0.990223
0.97513
0.963261
0.956502
0.940359
0.922326
0.917507
0.904053
0.902153
0.876168
0.86879
0.854516
0.852907
0.830018
0.832341
0.818237
0.804919
0.797726
0.792383
0.777347
0.759701
0.756274
0.750894
0.731548
0.720965
0.718501
0.706097
0.695385
0.684535
0.675605
0.671825
0.653687
0.652391
0.641658
0.632387
0.620057
0.61963
0.602394
0.598894
0.589004
0.580414
0.569446
0.562691
0.547901
0.545425
0.530469
0.522296
0.517202
0.502683
0.49463
0.491666
0.483362
0.470345
0.465422
0.454331
0.4521
0.439865
0.433895
0.429289
0.420026
0.415633
0.404084
0.392307
0.383034
0.381554
0.374036
0.362792
0.357142
0.350236
0.346864
0.335742
0.328114
0.323404
0.311966
0.306369
0.299056
0.293532
0.287142
0.282607
0.270572
0.26799
0.260498
0.253235
0.24857
0.23771
0.233397
0.227865
0.221079
0.210746
0.209679
0.196495
0.194777
0.18878
0.177881
0.173218
0.168872
0.162541
0.15829
0.148603
0.145333
0.137044
0.132047
0.125983
0.120527
0.113991
0.107726
0.103877
0.101273
0.0951772
0.0942687
0.0899603
0.0861851
0.0824401
0.0790762
0.0733921
0.0734477
0.0697298
0.0663557
0.0641403
0.0608113
0.0579714
0.0566987
0.0540911
0.0510543
0.0486542
0.046928
0.0438535
0.0425977
0.0403732
0.0394056
0.0364413
0.0355489
0.0340941
0.0319416
0.0302865
0.0296119
0.0263869
0.0260742
0.0241388
0.0227998
0.0222222
0.0200927
0.0196891
0.0179018
0.0181179
0.0159575
0.0154975
0.0146894
0.0136887
0.0126812
0.0115844
0.0110166
0.0106017
0.00954727
0.00851931
0.00859027
0.00755279
0.00701259
0.00642989
0.00582115
0.00547013
0.00472298
0.0042948
0.00392499
0.0035201
0.00296541
0.00250774
0.00239683
0.00215063
0.00170327
0.00157517
0.0012243
0.000965893
0.00070991
0.000610888
0.000512788
0.000430183
0.000188686
0.00019503
0.000115036
3.57818e-05
0
0
0
0
0
0
0
0
0
0
0
0
0
0
0
0
0
0
0
0
0
0
0
0
0
0
0
0
0
0
0
0
0
0
0
0
0
0
0
0
0
0
0
0
0
0
0
0
0
0
0
0
0
0
0
0
0
0
0
0
0
0
0
0
0
0
0
0
0
