0
0
0
0
0
0
0
0
0
0
0
0
0
0
0
0
0
0
0
0
0
0
0
0
0
0
0
0
0
0
0
0
0
0
0
0
0
0
0.00894782
0.0595035
0.223171
0.49825
0.870855
1.23009
1.60206
1.75728
1.92173
1.92808
1.87364
1.87719
1.7781
1.67521
1.60863
1.5157
1.50613
1.39551
1.33741
1.26762
1.23396
1.17335
1.10807
1.0853
1.06035
1.08215
1.06479
1.02264
1.0329
0.979818
0.990143
0.986567
0.939031
0.968207
0.964644
0.907395
0.968029
0.939531
0.945271
0.959456
0.958197
0.962153
0.965003
0.976211
0.98601
1.00286
1.00453
1.01655
1.01339
1.0302
1.04295
1.03385
1.03201
1.07817
1.06785
1.05591
1.05343
1.07264
1.03884
1.06243
1.07077
1.06315
1.04249
1.03634
1.04588
1.03568
1.01133
1.01728
1.022
1.02832
1.02331
1.00117
1.00724
1.02073
1.01817
1.01565
1.01539
1.00723
0.999977
1.00829
1.01213
0.998695
1.00721
0.991332
0.999872
1.00322
1.00557
1.00519
0.99922
1.02212
0.999844
1.02068
0.991939
1.01741
1.02182
1.0059
1.00984
1.00699
1.01407
1.00772
1.00878
1.00036
1.00982
1.00699
1.00819
0.997476
1.00271
1.00194
1.00475
0.993549
1.00758
0.991354
1.0109
1.00222
1.01501
1.00864
0.998959
0.986755
0.998607
0.994575
1.00155
1.01713
0.991774
0.989954
0.997145
1.00046
0.999954
0.999285
1.00794
0.996884
0.997886
0.983377
1.00732
0.998588
0.994131
1.00178
0.991727
1.00151
0.999819
1.0026
1.00064
1.00335
1.0011
1.00335
1.00054
0.994869
0.993075
0.999394
0.998582
1.00022
0.991016
0.989929
1.00065
0.991854
1.0018
1.00373
0.988208
0.995892
0.995399
0.996259
0.989848
0.992313
1.01167
1.00613
0.995311
0.996698
0.994617
0.996581
1.00017
0.980728
0.999167
0.995967
0.996284
0.998953
0.992863
0.996677
1.00113
0.994513
0.988601
0.998428
0.999339
0.991795
1.00508
0.98659
1.00167
0.994315
0.993266
1.0002
1.00675
0.99005
0.990522
0.994701
0.990707
0.992264
0.99729
1.00317
1.00056
0.995431
0.995402
0.994867
0.988967
0.991546
0.99664
0.994202
0.995334
1.004
0.988236
1.00307
0.99645
0.989583
1.00079
1.00026
0.986968
0.969657
0.968212
0.953468
0.939744
0.929558
0.928896
0.908274
0.90253
0.881821
0.877253
0.868636
0.855544
0.840142
0.832588
0.813195
0.816907
0.798485
0.787729
0.783665
0.775271
0.757498
0.745483
0.737062
0.727196
0.716108
0.703078
0.699347
0.689169
0.684416
0.672904
0.659227
0.656014
0.645668
0.638581
0.622546
0.614007
0.606598
0.595118
0.586583
0.577443
0.567479
0.564582
0.549148
0.540592
0.537517
0.528481
0.516378
0.519384
0.503043
0.4955
0.480546
0.474693
0.469338
0.455346
0.456449
0.441065
0.440039
0.421987
0.421064
0.413569
0.409209
0.396979
0.392818
0.385912
0.378673
0.369121
0.366536
0.354668
0.347527
0.340081
0.33077
0.323047
0.316656
0.309102
0.30524
0.292873
0.290308
0.281402
0.27084
0.268366
0.259049
0.256258
0.250168
0.242155
0.233573
0.225944
0.222604
0.214392
0.206273
0.201346
0.195744
0.189594
0.183198
0.175531
0.171128
0.162983
0.160322
0.150285
0.142803
0.139312
0.134613
0.126496
0.12196
0.115046
0.109583
0.107539
0.101698
0.0970553
0.0924318
0.0892765
0.085495
0.0832072
0.0809131
0.0767263
0.0733981
0.070105
0.0672886
0.0646775
0.0616176
0.0593241
0.0558627
0.0531162
0.0504648
0.0497323
0.0468434
0.0439096
0.0434818
0.0413453
0.0376006
0.0374215
0.0348107
0.0335049
0.0326901
0.0310131
0.0289069
0.0275056
0.0266042
0.0243233
0.0231058
0.0223788
0.0206984
0.01956
0.0186127
0.0177515
0.0170089
0.015624
0.0146306
0.0140896
0.0126729
0.0116836
0.011066
0.0105362
0.00919699
0.00936233
0.00794499
0.00720766
0.00691674
0.00612786
0.00573415
0.0050215
0.004582
0.00435715
0.00377761
0.00322676
0.00306528
0.00276769
0.00242726
0.00192345
0.00195198
0.00145515
0.00123176
0.000980752
0.000791254
0.00075073
0.000564067
0.000459348
0.000254001
0.00017336
0.000179743
6.44073e-05
1.42465e-05
1.41807e-05
0
0
0
0
0
0
0
0
0
0
0
0
0
0
0
0
0
0
0
0
0
0
0
0
0
0
0
0
0
0
0
0
0
0
0
0
0
0
0
0
0
0
0
0
0
0
0
0
0
0
0
0
0
0
0
0
0
0
0
0
0
0
0
0
0
0
0
