0.178589
0.176122
0.119579
0.136669
0.259645
0.125509
0.180602
0.14752
0.220809
0.130136
0.110715
0.178053
0.0648692
0.0879944
0.107244
0.113016
0.207079
0.178428
0.112963
-0.0196521
0.0955531
0.0743334
0.197512
0.100738
0.133728
0.209169
0.208134
0.0805036
0.183738
0.0964319
0.212915
0.120502
0.108967
0.188724
0.205726
0.170812
0.211714
0.18779
0.0456838
0.0984374
0.164638
0.123834
0.16372
0.245429
0.15551
0.159031
0.12099
0.0874129
0.217266
0.129598
0.210577
0.172802
0.100533
0.135329
0.0832962
0.0350682
0.118055
0.118291
0.231746
0.0433176
