0
0
0
0
0
0
0
0
0
0
0
0
0
0
0
0
0
0
0
0
0
0
0
0
0
0
0
0
0
0
0
0
0
0
0
0.00631442
0.0268792
0.166936
0.49392
0.953757
1.2711
1.73733
2.00238
2.10693
2.06956
2.10451
2.1309
1.92926
1.84206
1.77976
1.64912
1.6187
1.58217
1.46241
1.503
1.38733
1.42341
1.37313
1.351
1.26775
1.19684
1.1393
1.15203
1.15747
1.15916
1.09529
1.10038
1.04007
1.04978
1.08899
1.13756
1.04993
1.07491
1.08858
1.03589
1.09589
1.05723
1.09438
1.02277
1.10737
1.09415
1.03032
1.04525
1.0352
1.03202
1.03415
1.00133
1.06277
0.994179
1.01928
1.03282
1.05552
1.01515
1.0336
0.982883
1.02043
1.02417
1.02797
1.01868
1.02805
1.00809
1.02076
1.02783
0.995067
1.00818
0.959127
1.0496
0.989188
1.02005
0.994532
1.00529
1.01038
0.989354
1.02203
1.01519
0.989331
1.01141
0.976976
0.991159
0.965445
0.990591
1.02502
1.00836
0.996006
0.982381
1.00266
1.02093
0.979283
0.970848
0.973232
0.990849
1.00092
1.00808
0.998388
0.975899
0.984736
0.974845
0.992916
0.993565
0.994297
0.982209
0.988049
0.996176
0.99432
0.976032
0.992733
0.992946
1.00989
1.00716
0.997111
0.995498
0.988293
1.00189
0.980945
0.947285
1.01725
0.987885
0.978268
0.980058
0.980007
0.973548
0.999209
1.00578
0.985481
0.99618
0.993184
0.98129
0.991306
0.985601
0.975113
0.989988
0.97293
0.987356
0.982219
0.968511
0.968486
1.00033
0.980629
1.00789
1.00187
0.990314
0.986558
0.992142
0.992939
0.987815
1.00124
0.996256
0.973887
0.968172
0.988673
0.994328
0.984621
0.973237
1.00677
0.975517
0.992109
0.984819
0.972526
0.996176
1.00281
0.990951
0.995251
0.972735
0.991254
0.990621
0.988918
0.977311
0.99
0.99096
0.994939
0.982545
0.977101
0.991629
0.982187
0.99467
0.98606
1.0015
0.986513
0.97917
0.990749
0.992176
0.997268
0.984627
0.989456
0.98224
0.975269
0.978698
0.990947
0.978634
0.984024
1.00329
0.969174
0.980066
0.986066
0.981292
0.990266
0.983403
0.981135
0.995169
0.989026
0.997878
0.982536
0.980607
0.994916
0.990255
0.984845
0.972025
0.98692
0.988593
0.988355
0.990117
0.968169
0.954836
0.954562
0.922257
0.911395
0.911257
0.897953
0.878157
0.881092
0.864197
0.858124
0.842706
0.847496
0.819545
0.819197
0.813957
0.789922
0.779137
0.778242
0.771465
0.747656
0.748501
0.735857
0.71403
0.711739
0.714563
0.708389
0.684586
0.68372
0.658221
0.651896
0.628742
0.633127
0.634976
0.612767
0.596572
0.60509
0.594974
0.580379
0.580398
0.564997
0.557513
0.549702
0.544874
0.532171
0.522296
0.508046
0.505764
0.507848
0.486761
0.476928
0.474867
0.463579
0.457277
0.447936
0.434472
0.430978
0.431574
0.422726
0.407461
0.409934
0.393054
0.380227
0.380347
0.368067
0.358039
0.360524
0.34932
0.344136
0.337189
0.328127
0.317105
0.317353
0.311886
0.298405
0.291131
0.288503
0.275282
0.269069
0.264602
0.259677
0.249804
0.243049
0.234913
0.236095
0.225171
0.219158
0.21533
0.206745
0.197433
0.190854
0.183229
0.179533
0.175877
0.167961
0.162453
0.155259
0.146965
0.143324
0.134605
0.128687
0.126581
0.118893
0.113062
0.110003
0.105379
0.0966962
0.0944238
0.0935606
0.0900725
0.0884179
0.0828136
0.0761553
0.0730427
0.0716011
0.0669454
0.0641363
0.0632613
0.0593347
0.056667
0.0539118
0.0546551
0.0519099
0.0474343
0.0459686
0.0428055
0.0406525
0.0414101
0.0376006
0.0344351
0.0332707
0.0341576
0.0321129
0.0293086
0.0285142
0.0272215
0.0250143
0.0246485
0.0237615
0.0213177
0.0210272
0.0187507
0.0173707
0.0174361
0.0159745
0.015894
0.0139003
0.0128535
0.0128141
0.0117084
0.0109837
0.011273
0.00901778
0.00924074
0.00788853
0.00676621
0.00699661
0.00660474
0.00626406
0.00443907
0.0046055
0.00420906
0.00363023
0.00331167
0.0028809
0.00277534
0.00230552
0.00224908
0.00192183
0.00164267
0.00109739
0.00118136
0.000798649
0.000485766
0.000659299
0.000503095
0.000174172
0.0002167
0.000107846
4.29382e-05
6.41091e-05
2.1271e-05
0
0
0
0
0
0
0
0
0
0
0
0
0
0
0
0
0
0
0
0
0
0
0
0
0
0
0
0
0
0
0
0
0
0
0
0
0
0
0
0
0
0
0
0
0
0
0
0
0
0
0
0
0
0
0
0
0
0
0
0
0
0
0
0
0
0
0
