0.0499235
0.0470118
0.0685584
0.0478778
0.0443347
0.0474266
0.0458749
0.0546928
0.0462375
0.0568362
0.0610403
0.0522174
0.0541718
0.0612858
0.0565585
0.0493348
0.0613118
0.0459964
0.0575581
0.0516288
0.0489896
0.0451533
0.0638879
0.0502543
0.0623313
0.0557749
0.0530786
0.0503308
0.0649692
0.0540881
0.0466083
0.0455755
0.0556326
0.0669497
0.0712426
0.0493849
0.061291
0.0503055
0.0627277
0.0682445
0.0595073
0.0458818
0.0481096
0.0659617
0.0698326
0.0544204
0.0465399
0.0396521
0.0455908
0.0507365
0.0532253
0.0547725
0.0631346
0.062869
0.0691395
0.0491311
0.0503666
0.0737805
0.0393969
0.0597169
0.0467909
0.051855
0.077807
0.0576733
0.0482598
0.049416
0.0648747
0.0492084
0.0586647
0.0422693
0.0475554
0.049692
0.0536133
0.0790393
0.0585254
0.0601109
0.0681088
0.0726735
0.0565513
0.0513758
0.058656
0.0471942
0.0548502
0.0509279
0.0477935
0.049277
0.0580036
0.0595356
0.074463
0.0585362
0.0486807
0.0644373
0.0458966
0.0648607
0.0454523
0.0633717
0.0576463
0.0524744
0.0532123
0.0531409
0.0571754
0.0573749
0.0545681
0.0421855
0.0636761
0.0530749
0.0566787
0.0598406
0.0559927
0.0454183
0.0433008
0.0630459
0.0560993
0.0444459
0.0657492
0.0827797
0.0429618
0.0498318
0.0539728
0.0500481
0.0600191
0.0440474
0.0511366
0.0379679
0.0445178
0.053939
0.0601697
0.0725972
0.0454083
0.0423404
0.0486948
0.0675252
0.0452903
0.056912
0.0508494
0.0522015
0.0525882
0.0523539
0.0638981
0.0578795
0.0601448
0.056951
0.0566655
0.0554977
0.0539493
0.0572248
0.050987
0.0479518
0.056029
0.0508671
0.0498222
0.0543757
0.0559732
0.0736954
0.042031
0.0490093
0.0570479
0.0532582
0.056864
0.0523678
0.0608967
0.0558004
0.0524146
0.0567435
0.0626008
0.0484576
0.0573757
0.0765298
0.0601399
0.0654912
0.0654283
0.0565365
0.0534501
0.059127
0.0504154
0.050199
0.0393537
0.0614372
0.0585903
0.065318
0.0569268
0.0502244
0.0573981
0.0520773
0.0578092
0.0525955
0.0535806
0.0598521
0.050168
0.0572778
0.042238
0.0525868
0.0435149
0.0542442
0.0768898
0.0600446
0.0656857
0.046435
0.0533287
0.0528901
0.0516809
0.0616017
0.0656444
0.0616217
0.0524888
0.0681309
0.0688516
0.0527065
0.052777
0.0490679
0.0571741
0.0469164
0.0521472
0.0491665
0.0642585
0.0483995
0.0546552
0.0574871
0.0558768
0.0540141
0.069265
0.0457414
0.0611171
0.055567
0.0543448
0.0575837
0.0462555
0.0455983
0.0511996
0.0440457
0.0621871
0.0486732
0.0461139
0.0429268
0.0397525
0.0477316
0.0536686
0.0609348
0.0524564
0.0440492
0.0465149
0.054718
0.0672806
0.0535133
0.0515316
0.0832872
0.0550565
0.0566618
0.0589671
0.0473781
0.0393567
0.0481289
0.0573892
0.0567266
0.0450667
0.0446067
0.048877
0.0525817
0.0397107
0.0512035
0.0524804
0.0685809
0.0456222
0.0447843
0.091275
0.0636215
0.0662369
0.0553948
0.0516544
0.05031
0.0395825
0.0516834
0.0472942
0.0478084
0.0627362
0.0570693
0.0559296
0.0535011
0.0647522
0.0539877
0.0547696
0.075783
0.0491426
0.0513253
0.0478268
0.0631266
0.0424528
0.0546938
0.0467144
0.049977
0.0409147
0.0647059
0.0485688
0.0474755
0.0500536
0.0454138
0.0465114
0.0519905
0.0600994
0.0682724
0.0830966
0.0538247
0.0582844
0.0436176
0.0535027
0.0526966
0.0605006
0.0622574
0.0800833
0.055058
0.0494691
0.0511805
0.0617173
0.0440576
0.0586534
0.0442345
0.064721
0.0439706
0.0592728
0.0583134
0.0462605
0.0667304
0.0486209
0.0453578
0.0562247
0.046893
0.0470427
0.0722789
0.055691
0.0463212
0.0705688
0.0476849
0.0592611
0.0545161
0.0520886
0.0460759
0.0523133
0.0502998
0.056637
0.0563727
0.0533457
0.0551512
0.0438967
0.0497172
0.0508504
0.0526699
0.0470199
0.0551807
0.0420436
0.0540348
0.0814145
0.0493925
0.051746
0.0485335
0.0672119
0.049981
0.0544821
0.0500376
0.0553951
0.0516724
0.0404626
0.0495552
0.0499054
0.0561692
0.0534381
0.0566338
0.0610154
0.0559604
0.050318
0.0577062
0.046017
0.0627638
0.0662762
0.0527721
0.0624618
0.0466654
0.0486105
0.0542055
0.0477889
0.0640859
0.0538791
0.0566502
0.0413524
0.049178
0.0528637
0.0505382
0.039749
0.0590851
0.0525628
0.0440055
0.0716532
0.0651213
0.0556342
0.0490562
0.0626044
0.0563955
0.0537224
0.0571427
0.0602763
0.0492817
0.0481187
0.0461395
0.055288
0.0460036
0.0388321
0.0535551
0.0507799
0.0594078
0.0528197
0.0548435
0.0477181
0.0563744
0.0545873
0.0518289
0.0555523
0.0419003
0.0580593
0.0453527
0.0427022
0.0442099
0.0587835
0.0469822
0.0514762
0.0544959
0.0539635
0.0594168
0.060737
0.0596233
0.0519907
0.0640875
0.0458217
0.0509995
0.0604777
0.042665
0.0444854
0.0474747
0.0534471
0.0483557
0.0546518
0.0532873
0.0500753
0.0647226
0.0407994
0.0544511
0.052311
0.0465031
0.0464342
0.041703
0.0507331
0.0651448
0.0552128
0.0691304
0.0505565
0.05256
0.0667506
0.056992
0.0603942
0.0633843
0.0463176
0.0841868
0.0704669
0.0620197
0.0509344
0.0493437
0.0457084
0.0465485
0.0536027
0.052741
0.0598423
0.043877
0.0769577
0.0666265
0.0500426
0.0551962
0.0516739
0.0523455
0.0657323
0.0563447
0.0422884
0.0533555
0.0384119
0.0561438
0.0527352
0.0544481
0.0558269
0.0575794
0.0563299
0.0581494
0.0503212
0.0570099
0.052987
0.0476068
0.0545304
0.0594641
0.0550096
0.0380386
0.0708673
0.0545972
0.0527617
0.0531169
