0
0
0
0
0
0
0
0
0
0
0
0
0
0
0
0
0
0
0
0
0
0
0
0
0
0
0
0
0
0
0
0
0
0
0
0
0
0
0
0
0
0
0
0.0110393
0.0788642
0.317118
0.804147
1.44209
2.13596
2.66273
2.91326
2.90774
2.86551
2.59188
2.35598
2.07518
1.86495
1.63096
1.44343
1.31608
1.18461
1.02463
0.935576
0.879946
0.814855
0.763269
0.69055
0.664346
0.629828
0.599889
0.600203
0.584699
0.582306
0.591795
0.594654
0.595758
0.611729
0.610784
0.638421
0.683842
0.705026
0.733356
0.788175
0.8309
0.87
0.936582
0.970224
1.02574
1.07381
1.1098
1.15804
1.15817
1.18512
1.23022
1.2413
1.26234
1.28812
1.26393
1.26033
1.27944
1.24248
1.23028
1.20791
1.19304
1.15811
1.11445
1.0831
1.05478
1.01945
0.974289
0.959668
0.926689
0.906672
0.88096
0.863363
0.843929
0.842549
0.83677
0.821574
0.826201
0.841728
0.836892
0.849467
0.853897
0.882397
0.887906
0.909666
0.916441
0.947896
0.967834
0.992601
1.01685
1.02864
1.03433
1.07031
1.08079
1.07959
1.10288
1.11149
1.10649
1.10128
1.11275
1.09503
1.09045
1.09165
1.08671
1.06849
1.06763
1.05014
1.04424
1.01579
1.01599
1.00459
0.997536
0.98279
0.981174
0.967172
0.966518
0.949926
0.947906
0.942888
0.940858
0.94069
0.939935
0.936004
0.930974
0.937012
0.942592
0.950881
0.951916
0.966788
0.958692
0.984648
0.977791
0.989288
0.994
1.0124
1.01785
1.0101
1.02642
1.03449
1.03801
1.03951
1.0514
1.03901
1.0433
1.04376
1.03732
1.04527
1.03499
1.0333
1.04031
1.02164
1.01902
1.02214
1.00523
1.00515
0.999047
0.986962
0.992063
0.986423
0.982708
0.979527
0.987122
0.975137
0.967154
0.966907
0.976415
0.965035
0.972389
0.984364
0.973966
0.981033
0.974222
0.979925
0.987088
0.985142
0.995008
0.986962
1.00002
1.00797
1.01209
1.00307
1.00867
1.01806
1.013
1.01428
1.01607
1.01537
1.02421
1.02366
1.01981
1.01346
1.02113
1.01684
1.00906
1.01536
1.01727
1.00486
1.00267
1.00637
1.00604
0.996693
0.989681
0.994581
0.992074
0.990818
0.98325
0.990913
0.993085
0.977991
0.964284
0.95752
0.952673
0.93482
0.931646
0.914342
0.904433
0.890111
0.879571
0.876994
0.864713
0.866236
0.845533
0.835612
0.823459
0.814517
0.803434
0.799972
0.792471
0.782177
0.769544
0.757449
0.748849
0.739574
0.72647
0.715109
0.709409
0.693333
0.688699
0.677324
0.668554
0.654618
0.649439
0.636672
0.627802
0.620288
0.609855
0.594831
0.589103
0.580492
0.571646
0.561048
0.550118
0.54414
0.537069
0.523552
0.516992
0.511033
0.500862
0.493348
0.484741
0.477247
0.465954
0.460035
0.45236
0.447369
0.438794
0.431616
0.425903
0.417975
0.405946
0.399889
0.397635
0.385054
0.37773
0.374235
0.361392
0.356616
0.348112
0.341488
0.337539
0.326602
0.320328
0.30924
0.3054
0.297289
0.292648
0.285882
0.274264
0.270121
0.260247
0.253808
0.248657
0.241029
0.236528
0.22655
0.221891
0.21316
0.20722
0.202324
0.194871
0.187401
0.182644
0.176984
0.169253
0.16527
0.159657
0.152682
0.149366
0.141965
0.133574
0.128839
0.122706
0.115413
0.110782
0.106999
0.100619
0.0976358
0.0933605
0.0908685
0.0874512
0.082208
0.0802281
0.0760375
0.0730457
0.0703001
0.0669277
0.0643967
0.0611634
0.0586526
0.0560957
0.0533862
0.052024
0.0498032
0.0466106
0.0451423
0.0424115
0.0409588
0.0389336
0.0380147
0.0349998
0.0339468
0.0321806
0.0305466
0.0285543
0.0281471
0.0266506
0.0248594
0.0234664
0.0228702
0.0209428
0.0196159
0.0183986
0.0180306
0.0162861
0.0153562
0.0148824
0.0139998
0.0135122
0.0119626
0.0109467
0.0102415
0.00951876
0.0089854
0.00806396
0.00761499
0.00667314
0.00675376
0.00561156
0.00538355
0.00485809
0.0042909
0.00386293
0.0032943
0.0031978
0.00252877
0.00244819
0.00203894
0.00175226
0.00150766
0.00131575
0.00113678
0.000865203
0.000629288
0.000565898
0.000366384
0.000266701
0.000205865
0.000124023
4.29382e-05
2.67121e-05
5.31775e-06
0
0
0
0
0
0
0
0
0
0
0
0
0
0
0
0
0
0
0
0
0
0
0
0
0
0
0
0
0
0
0
0
0
0
0
0
0
0
0
0
0
0
0
0
0
0
0
0
0
0
0
0
0
0
0
0
0
0
0
0
0
0
0
0
0
0
0
