0
0
0
0
0
0
0
0
0
0
0
0
0
0
0
0
0
0
0
0
0
0
0
0
0
0
0
0
0
0
0
0
0
0
0
0
0
0
0.00536869
0.0323019
0.0970309
0.41893
0.653508
0.881741
1.13323
1.33382
1.36049
1.41079
1.38366
1.39652
1.36361
1.31316
1.3204
1.31135
1.20919
1.17548
1.1708
1.14808
1.16265
1.12839
1.11241
1.1102
1.06952
1.0736
1.06288
1.05541
1.06289
0.989715
0.975162
1.00936
0.974521
0.941745
0.98155
0.95846
0.983084
0.974432
0.9319
0.941129
0.959488
0.961943
0.912404
0.957242
0.950935
0.961774
0.967379
0.959034
0.989456
0.965583
0.997735
1.02358
0.978737
1.00404
1.01686
1.02799
0.997141
0.982185
1.00609
0.98667
1.00201
1.01492
1.00375
0.971457
1.02758
0.985781
0.987651
0.991181
1.01288
1.02924
0.996162
1.01035
1.01735
1.00963
1.00539
1.01617
0.981093
0.995595
0.987371
1.00157
0.986059
0.992658
1.0232
0.990434
1.00279
1.02731
1.00369
0.999881
0.980157
0.983607
0.979121
1.00107
1.01382
1.0046
0.990247
1.00643
0.999433
1.01406
1.00296
0.98983
0.995501
1.00691
1.00767
1.01388
0.990297
1.02691
0.992293
0.99975
0.99517
1.01354
0.994286
0.986845
0.991223
0.993205
1.0044
1.00329
0.983679
0.996957
0.99108
1.01767
0.998325
1.01024
0.976998
0.988734
1.01025
1.00339
1.00505
1.01241
0.995977
1.00246
0.987236
0.99621
1.00062
0.981407
0.997785
1.01161
1.00588
0.989457
1.01183
1.0077
0.995772
0.996728
1.00403
1.00025
0.982705
0.984943
1.00656
0.994808
0.997971
1.01029
0.998556
0.999125
1.00606
0.996158
0.993208
0.992817
0.995325
1.01612
1.001
0.994015
0.995671
0.993179
0.990159
0.998191
0.994761
0.994296
1.00749
0.997146
0.989192
0.992988
1.01186
1.00101
1.00805
1.00619
1.00355
1.00261
1.01808
0.992999
0.999071
0.999381
1.00337
0.999861
1.0092
0.999728
1.0055
0.984836
1.0025
1.00938
0.9977
0.98413
1.00048
0.990168
0.99183
0.999762
1.00168
0.996769
1.00305
1.00665
1.00446
1.00825
1.00363
0.991939
0.998383
0.995726
1.00521
1.00628
0.9899
1.00733
0.992542
0.993762
1.00816
1.00244
0.985066
0.971083
0.963781
0.95871
0.946768
0.931285
0.926376
0.916875
0.905587
0.892003
0.87778
0.862623
0.863532
0.844153
0.83236
0.826591
0.819578
0.801859
0.791776
0.779447
0.771519
0.753071
0.757664
0.74724
0.743742
0.70959
0.706201
0.695058
0.697292
0.687557
0.675752
0.654725
0.650929
0.65179
0.640203
0.626842
0.614524
0.603132
0.601412
0.591346
0.582064
0.574206
0.568675
0.555137
0.54388
0.539537
0.5283
0.524095
0.506508
0.502747
0.491505
0.48218
0.472243
0.471843
0.464058
0.456022
0.445908
0.437626
0.437636
0.419278
0.418755
0.411041
0.400592
0.39912
0.385858
0.372784
0.374536
0.361155
0.356354
0.34498
0.343657
0.336621
0.323902
0.317872
0.308812
0.307193
0.29556
0.288688
0.282091
0.278426
0.269532
0.265011
0.256678
0.249155
0.239322
0.232407
0.230582
0.2247
0.214485
0.206756
0.201037
0.196154
0.188452
0.18639
0.175408
0.171928
0.165214
0.157258
0.1507
0.146212
0.140672
0.133282
0.125268
0.122162
0.115289
0.111052
0.108823
0.101387
0.0964465
0.0932014
0.0910114
0.0867535
0.0819758
0.0793171
0.0755284
0.0742817
0.0684067
0.0686438
0.0647751
0.0637644
0.05944
0.0538926
0.0538139
0.0500655
0.0506307
0.0478593
0.0445739
0.0431654
0.0403825
0.039028
0.035965
0.036451
0.0339037
0.0325729
0.0308606
0.0291121
0.0273991
0.0268339
0.0255887
0.0219431
0.0214655
0.0213387
0.0201626
0.0192722
0.0187315
0.0166189
0.0156409
0.0148069
0.0145322
0.0124984
0.0107823
0.0108438
0.0107409
0.00953098
0.00817076
0.00834022
0.00756082
0.00670908
0.00584969
0.00586861
0.0051002
0.00474648
0.00424023
0.00376985
0.0035201
0.00345708
0.00269123
0.00231313
0.00218092
0.00195951
0.00175518
0.00129895
0.000995612
0.000872598
0.00075073
0.000366277
0.000320814
0.000188686
0.000202253
7.18973e-05
0.000128815
0
0
0
0
0
0
0
0
0
0
0
0
0
0
0
0
0
0
0
0
0
0
0
0
0
0
0
0
0
0
0
0
0
0
0
0
0
0
0
0
0
0
0
0
0
0
0
0
0
0
0
0
0
0
0
0
0
0
0
0
0
0
0
0
0
0
0
0
0
