0
0
0
0
0
0
0
0
0
0
0
0
0
0
0
0
0
0
0
0
0
0
0
0
0
0
0
0
0
0
0
0
0
0
0
0
0.0179195
0.073565
0.270224
0.574634
0.887833
1.12125
1.18513
1.34013
1.31541
1.34279
1.26725
1.16861
1.27428
1.15078
1.22319
1.13514
1.12503
1.12136
1.12971
1.14448
1.11679
1.04459
1.02778
1.10591
1.01965
1.03936
1.00841
1.01571
1.00996
0.958955
1.0305
0.976907
1.01926
1.02144
0.960645
0.99934
1.02697
0.952568
0.97018
0.945581
0.976319
0.980434
0.994786
0.974534
0.966027
0.980804
0.991077
0.999058
1.0023
0.977539
1.0086
0.98741
0.979108
1.00007
0.993959
1.0072
1.00756
0.992187
0.997438
1.01214
0.987001
0.97523
0.977947
1.00072
1.00691
1.01085
1.01218
0.995686
0.978664
0.975213
0.994404
1.0079
0.986248
0.99066
1.04407
1.01177
0.976465
1.0001
0.996267
1.00514
0.983462
1.00022
1.00646
1.00993
0.988855
1.00876
1.01322
1.00522
0.978188
0.994492
1.01646
0.988829
1
0.992687
1.00261
0.981742
0.97121
0.994072
0.997527
1.01955
0.98716
1.00709
0.996745
0.992593
1.00499
1.00275
1.00075
0.992001
1.01122
0.983712
1.00518
1.00647
1.01678
1.00299
0.986656
1.00014
0.999384
0.990233
1.00824
0.999041
1.00343
0.991688
1.01321
1.00555
1.00501
0.998396
0.986246
1.00299
1.00446
0.996138
0.983634
0.987808
1.00564
0.988732
0.99195
1.01911
1.00973
0.992573
1.00545
1.00401
1.00561
0.995742
0.983867
1.00331
0.99638
1.00001
1.00373
0.981004
1.00032
0.997428
1.00506
0.994749
0.995495
0.996023
0.995826
1.00657
0.997217
1.00876
0.995325
1.00564
0.995983
0.999863
1.00059
1.00178
0.997945
0.994925
0.987775
1.01223
1.01143
1.00305
1.00151
0.996869
0.98977
1.00984
1.00074
1.00482
1.00461
0.999412
0.999858
0.999568
0.991884
0.987213
0.994755
0.994135
0.986939
0.997187
1.01203
1.00082
0.992977
1.00412
0.98984
1.0032
0.999667
0.98765
1.00341
0.997634
0.995744
1.00874
1.00797
0.993207
0.993457
0.989059
1.00797
0.993697
0.996136
0.99327
1.00418
0.998673
0.988968
1.00263
1.00031
1.02009
0.997292
1.01245
0.996522
0.982029
0.97489
0.959907
0.946645
0.935592
0.919039
0.905753
0.912653
0.894327
0.883448
0.869218
0.860106
0.838652
0.836076
0.826064
0.799484
0.804936
0.795235
0.782295
0.771012
0.760556
0.746483
0.73263
0.732124
0.72266
0.728025
0.697331
0.687613
0.682362
0.676764
0.663796
0.649034
0.646411
0.640859
0.622611
0.621375
0.615134
0.600201
0.582073
0.58791
0.573832
0.570225
0.555322
0.546878
0.536925
0.533611
0.513636
0.51931
0.503989
0.497262
0.486353
0.478273
0.463751
0.4636
0.45426
0.453673
0.434035
0.4283
0.428333
0.409923
0.409155
0.401271
0.389619
0.380548
0.373183
0.372471
0.360734
0.354446
0.348177
0.340145
0.326613
0.323519
0.318835
0.308963
0.306692
0.292549
0.290271
0.281107
0.278817
0.271159
0.260932
0.259389
0.246364
0.243542
0.236177
0.227748
0.221813
0.21423
0.210462
0.204377
0.198019
0.189854
0.185738
0.180482
0.173905
0.164971
0.159762
0.153015
0.143845
0.140521
0.132745
0.127189
0.120464
0.114867
0.112983
0.107195
0.103068
0.0957035
0.0922368
0.0909298
0.0859212
0.0815116
0.0796785
0.0744103
0.072177
0.0700261
0.0670922
0.063857
0.0611027
0.0589376
0.0579865
0.0529919
0.0505789
0.0485502
0.0463919
0.0455095
0.0462739
0.0420118
0.0383097
0.036991
0.0368884
0.0330335
0.0314546
0.030735
0.029362
0.0285178
0.0256149
0.0242882
0.0236741
0.0216221
0.0209753
0.0203692
0.0185356
0.0171294
0.0163645
0.0160121
0.0143704
0.013246
0.0129139
0.0123864
0.0110742
0.0114122
0.00912368
0.00912726
0.00784013
0.00748055
0.0071883
0.00646963
0.00607424
0.00565115
0.0048718
0.0041467
0.0039405
0.00328851
0.00284249
0.00255361
0.00246531
0.0019386
0.00180878
0.00127513
0.00140346
0.000876733
0.000857808
0.000677129
0.000527439
0.000524969
0.000246743
0.000158913
0.000115036
0
1.42465e-05
0
0
0
0
0
0
0
0
0
0
0
0
0
0
0
0
0
0
0
0
0
0
0
0
0
0
0
0
0
0
0
0
0
0
0
0
0
0
0
0
0
0
0
0
0
0
0
0
0
0
0
0
0
0
0
0
0
0
0
0
0
0
0
0
0
0
0
0
