0
0
0
0
0
0
0
0
0
0
0
0
0
0
0
0
0
0
0
0
0
0
0
0
0
0
0
0
0
0
0
0
0
0
0
0
0
0.0282942
0.322122
0.408024
0.873278
0.600672
1.12345
1.24061
1.14529
0.826429
1.12249
0.93465
1.03183
1.20166
1.21695
1.06513
1.01051
1.04259
0.897515
0.994638
0.972205
1.05903
1.12777
1.21381
0.923992
1.19926
1.06952
0.976895
1.05204
1.03871
0.935729
1.0392
0.856447
0.848453
1.00868
1.05849
0.878096
1.04586
1.06815
1.08193
1.14901
0.940687
0.82002
1.14577
0.9517
1.04829
0.993805
0.981557
1.07548
0.968831
0.962513
0.961426
0.985542
0.988478
1.00562
1.00752
1.01376
1.02405
0.949022
0.946702
1.081
0.971044
1.04985
1.0811
0.913936
0.942362
0.973297
1.04744
1.04206
1.0796
0.982243
1.05702
1.1086
0.922522
0.993883
1.00174
1.04689
1.03779
0.962074
0.906713
1.05538
1.00868
1.03423
0.961266
0.97552
0.997262
1.0712
0.957398
1.03192
1.01302
1.05674
0.961905
1.01687
0.977502
0.985942
1.05614
0.945071
0.997942
1.10633
1.04455
1.03784
0.995442
0.995639
1.04889
1.04409
1.00951
0.911136
0.987364
1.02901
1.07505
0.991833
1.02964
0.963493
0.957767
1.05926
1.01239
0.935853
0.989557
1.07347
0.993885
1.00884
1.0073
1.01363
1.00253
1.08429
0.974801
0.992976
0.961517
0.991033
0.905008
0.991767
1.01116
0.997793
0.998518
1.01148
1.01324
1.0042
1.02703
1.02836
1.00892
0.961758
0.93706
0.981536
0.981744
1.02341
0.983176
0.987961
0.976041
1.01692
0.982859
0.979211
1.03896
1.00893
0.998312
0.998823
0.91464
1.0179
0.951089
0.988664
0.97233
0.928453
1.0068
0.969416
0.947726
1.00065
1.01622
0.997478
1.01844
1.0028
0.979873
1.01706
0.974937
0.977506
1.01443
0.987754
1.0407
0.965724
0.978521
0.959906
1.00585
0.993185
0.975662
0.990921
1.02981
1.00003
1.04212
1.0183
0.953453
1.02471
1.00938
0.961713
0.978646
0.975434
0.956376
0.989284
1.01342
0.987059
1.00198
0.977529
0.952027
1.00659
0.996019
0.973694
0.952401
0.994026
0.958522
0.995966
0.962973
0.965761
1.0094
1.02546
1.01069
0.9884
1.01884
1.01833
0.973767
0.967942
0.959082
0.965074
0.945954
0.948874
0.925916
0.846718
0.877429
0.851943
0.864059
0.829194
0.839531
0.829213
0.814512
0.817935
0.806826
0.787582
0.732443
0.77761
0.747062
0.75177
0.771814
0.719733
0.708751
0.707797
0.690304
0.656628
0.692175
0.696351
0.661788
0.626698
0.628721
0.6248
0.620919
0.606897
0.608459
0.62337
0.537889
0.594071
0.565653
0.586905
0.564898
0.536754
0.540874
0.515959
0.504405
0.509515
0.493255
0.455608
0.492423
0.468301
0.452693
0.450583
0.45318
0.44091
0.430893
0.433957
0.416204
0.421782
0.407186
0.400103
0.385409
0.375721
0.368547
0.380918
0.36155
0.344378
0.337159
0.337382
0.335672
0.308344
0.306441
0.299265
0.309446
0.263511
0.274888
0.27801
0.259101
0.255714
0.260329
0.221336
0.253996
0.251057
0.230474
0.221025
0.231593
0.22988
0.219552
0.206253
0.205388
0.194693
0.181422
0.170647
0.169994
0.163712
0.162442
0.139889
0.134529
0.133762
0.122375
0.117519
0.12195
0.106382
0.0991726
0.101435
0.111453
0.0938047
0.0985173
0.0903174
0.0837291
0.0856901
0.0785944
0.0748695
0.071482
0.073166
0.0595109
0.0662207
0.0600342
0.0565221
0.055065
0.0613651
0.0453499
0.0510657
0.0440215
0.0421038
0.047186
0.0383272
0.037573
0.0420477
0.0358131
0.0367139
0.0257012
0.0255677
0.0315932
0.0285
0.0257033
0.0282073
0.0228173
0.0250489
0.021806
0.0209202
0.0200431
0.0125274
0.017806
0.0126545
0.0146054
0.0120267
0.00947349
0.0131471
0.0111071
0.0120344
0.00855345
0.0075385
0.0070174
0.00650134
0.00646947
0.00572252
0.00593188
0.00377793
0.00469949
0.00865195
0.00209436
0.00301061
0.00437897
0.0027524
0.00159788
0.00340769
0.00248708
0.000900095
0.0015677
0.00156029
0.00110923
0.000220803
0.000439533
0.000656211
0.00043543
0.0004334
0.000431384
0
0
0
0
0
0
0
0
0
0
0
0
0
0
0
0
0
0
0
0
0
0
0
0
0
0
0
0
0
0
0
0
0
0
0
0
0
0
0
0
0
0
0
0
0
0
0
0
0
0
0
0
0
0
0
0
0
0
0
0
0
0
0
0
0
0
0
0
0
0
