0
0
0
0
0
0
0
0
0
0
0
0
0
0
0
0
0
0
0
0
0
0
0
0
0
0
0
0
0
0
0
0
0
0
0
0
0
0
0
0
0
0.00231028
0.0319411
0.168218
0.467157
0.979223
1.64234
2.11619
2.38504
2.62579
2.57587
2.45731
2.25632
2.03027
1.79034
1.65407
1.51502
1.37613
1.2016
1.22954
1.06803
0.976769
0.957476
0.901901
0.855502
0.820305
0.79582
0.752329
0.729676
0.737248
0.707275
0.700083
0.703612
0.696013
0.711864
0.747577
0.732919
0.716114
0.757712
0.757971
0.771491
0.830848
0.833919
0.871988
0.914162
0.951414
0.97953
0.997284
1.0272
1.10372
1.09088
1.11683
1.16559
1.1756
1.18271
1.19058
1.19658
1.19204
1.19687
1.20408
1.14872
1.1625
1.13539
1.1078
1.07886
1.03027
1.00259
1.02999
1.00011
0.964334
0.95869
0.926689
0.942197
0.927675
0.919888
0.911336
0.875969
0.907522
0.913096
0.923512
0.914413
0.942008
0.934116
0.927397
0.928346
0.947588
0.946714
0.96472
0.97386
0.965877
0.990849
0.991598
1.02473
1.02964
1.02803
1.02147
1.03378
1.05668
1.0672
1.0355
1.05094
1.07588
1.07181
1.04804
1.0351
1.06265
1.03095
1.03138
1.02204
1.01812
0.99945
1.00468
1.00078
0.991922
1.00904
0.985246
0.98756
0.993586
0.96913
0.972656
0.96791
0.969996
0.976326
0.963973
0.96192
0.970886
0.969879
0.971097
0.985811
0.980653
0.989235
0.992004
0.990297
1.01103
1.00405
0.998134
0.99024
1.01422
1.0097
1.01262
0.992513
1.0022
1.01239
1.02148
1.0168
1.01327
1.01725
1.02148
1.02293
1.00557
1.02492
0.999865
1.02107
1.01001
1.0046
1.00981
1.00558
1.00394
0.998448
0.995862
0.999414
0.985109
0.996022
0.980685
0.979347
0.993912
0.99182
1.00206
0.992516
0.989863
0.994847
0.98484
0.99414
0.989126
0.998907
0.996212
0.993864
0.99669
0.994171
1.0057
0.991072
1.00181
1.00106
0.998019
1.00213
1.01146
1.00747
0.998942
1.01133
1.00283
1.01149
1.00715
1.01227
1.00982
0.99598
1.00214
0.997417
1.00794
1.00017
0.99735
0.993201
1.00904
0.99759
0.995855
1.00693
1.00376
0.991702
1.0043
0.989012
0.996952
0.986376
0.981976
0.965882
0.959206
0.945754
0.941139
0.91927
0.911994
0.889024
0.889187
0.875367
0.866299
0.853099
0.848671
0.835811
0.83407
0.809447
0.818948
0.78645
0.781172
0.778398
0.762473
0.757316
0.739687
0.734307
0.721988
0.704622
0.700845
0.68946
0.684586
0.678576
0.671755
0.658756
0.647904
0.636795
0.627094
0.618071
0.611973
0.599659
0.588189
0.575353
0.567456
0.569186
0.554598
0.549072
0.536704
0.527274
0.526163
0.513311
0.500374
0.493062
0.484916
0.480085
0.475198
0.464272
0.452797
0.440613
0.441792
0.432327
0.423473
0.41394
0.408827
0.394786
0.38964
0.381614
0.37776
0.368982
0.361412
0.356028
0.353062
0.34083
0.332207
0.326286
0.316326
0.314738
0.303081
0.297625
0.291099
0.28131
0.278176
0.271122
0.267588
0.258675
0.247861
0.240834
0.236926
0.22995
0.225114
0.213403
0.21144
0.202203
0.194965
0.186773
0.182248
0.174352
0.168494
0.163563
0.158422
0.15011
0.144627
0.138167
0.134403
0.12727
0.122316
0.115279
0.112427
0.106882
0.102565
0.0972101
0.0932681
0.0913584
0.0859212
0.0841004
0.0796183
0.0776846
0.0735073
0.0698335
0.068688
0.0628803
0.0604422
0.0587105
0.0575876
0.055458
0.0511398
0.0495337
0.046533
0.0448265
0.0423278
0.0405908
0.0397279
0.0370459
0.0355808
0.0350958
0.0319236
0.0307216
0.0295182
0.0274745
0.026326
0.0252152
0.0234336
0.0231964
0.0212479
0.0195513
0.01836
0.0183949
0.0168393
0.015527
0.0151846
0.0134673
0.0129263
0.0118696
0.0110578
0.0099468
0.00955542
0.00862064
0.0081789
0.00736818
0.00644551
0.00580597
0.00544547
0.00493492
0.00467599
0.00402199
0.00366513
0.00370537
0.00334184
0.00302764
0.00255661
0.00216956
0.0020801
0.00178894
0.00116458
0.00102533
0.000942849
0.00072865
0.000428544
0.000306232
0.000293915
0.00017336
0.0001402
4.29382e-05
1.06849e-05
0
0
0
0
0
0
0
0
0
0
0
0
0
0
0
0
0
0
0
0
0
0
0
0
0
0
0
0
0
0
0
0
0
0
0
0
0
0
0
0
0
0
0
0
0
0
0
0
0
0
0
0
0
0
0
0
0
0
0
0
0
0
0
0
0
0
0
0
