0.77085
0.758392
0.79621
0.813264
0.75631
0.82408
0.756443
0.719671
0.840094
0.73109
0.762154
0.755788
0.854533
0.737066
0.724544
0.822875
0.823306
0.790454
0.81138
0.826606
0.773766
0.767633
0.780843
0.831319
0.78887
0.796398
0.812544
0.809807
0.827447
0.744823
0.774601
0.786768
0.751363
0.80736
0.766383
0.805459
0.849227
0.818959
0.822761
0.804554
0.776712
0.806206
0.741492
0.754885
0.756174
0.753892
0.835011
0.845899
0.887974
0.906324
0.805294
0.738798
0.862282
0.775539
0.786738
0.724187
0.837205
0.773053
0.802697
0.846165
