0.0232668
0.072044
0.068165
0.0406677
0.107528
0.000348579
0.00188843
0.0292343
0.122771
0.140729
0.189382
0.0458232
0.0140101
0.0853522
-0.0109081
0.0373104
0.0860975
0.00572509
0.0713159
-0.0216212
0.103136
0.101204
0.104575
0.0701517
-0.02607
-0.00322158
-0.000467178
-0.0416538
0.0524163
0.0982746
0.013501
0.227338
-0.00198006
0.00014955
-0.0172962
0.0658672
0.133835
0.0199583
-0.0724091
0.0439155
0.0430558
0.152924
0.0659973
0.188287
0.0682107
0.140109
0.0714668
0.125677
0.0854989
-0.00573669
0.170601
0.0826157
0.17516
0.0830431
0.0335143
-0.00246015
0.0961786
0.0935952
0.123103
0.0135021
