0.00753331046861 0.0694811657435
-0.00290600691827 0.200439982015
0.00242834259351 0.335193965164
0.0179253506113 0.455906936107
0.0146722380496 0.577076419095
0.0383306739003 0.725414122271
0.0795152208195 0.867015479643
0.100725311068 0.989947768893
0.117192508893 0.125917866361
0.118229603207 0.247223944641
0.123271587446 0.388990061962
0.122631582029 0.521169529114
0.147383919841 0.660847960897
0.192806450474 0.780406337123
0.202775328642 0.909343808717
0.220450375131 1.03450131656
0.328447400584 0.105752138547
0.232219024733 0.188156745591
0.225491512509 0.323198166927
0.229170538398 0.456210212207
0.266841792534 0.596378230715
0.334720634833 0.710525415137
0.304852342197 0.832620365773
0.325163842829 0.973938867149
0.431578637328 0.167933251004
0.337505132756 0.255331126292
0.346012134191 0.378601897196
0.346353654983 0.498751303553
0.415365624465 0.608328010916
0.468999822485 0.74477974762
0.425289727018 0.877846722772
0.443354290811 1.00026953633
0.549339716383 0.0986262601635
0.556143066683 0.230698744173
0.453883005164 0.299008418005
0.465797648166 0.448381003397
0.535533067883 0.556797624508
0.581064239506 0.684070724769
0.590869917936 0.810800430634
0.544734073486 0.93375011475
0.659431893428 0.164924809221
0.670500115169 0.300707512706
0.563760499694 0.358461042597
0.664409193912 0.459893413519
0.680938544091 0.609843551535
0.693222493185 0.736307017909
0.70693221444 0.855290236456
0.646823588267 1.01748871349
0.762269704431 0.0945256603894
0.780141876182 0.241644545891
0.767907702814 0.383310497714
0.7771121892 0.508708480142
0.803173292614 0.636422951826
0.837704253896 0.762173489687
0.850263864855 0.881912341551
0.760897849643 0.973557339988
0.881676130696 0.156042403977
0.896516139719 0.276832802862
0.890305205602 0.420899119056
0.89335928325 0.545748676408
0.927028904974 0.666019170943
0.95195983003 0.81352732152
0.971001321329 0.936321514575
0.884107966315 1.03364999291
