0.103383145487 -0.0476601999426
0.0550253726734 0.124420265126
-0.00402872763114 0.242026310547
0.0700449898516 0.346585740775
0.0343899771919 0.467188753565
0.0953285482452 0.607325120427
0.0636740259001 0.728128223044
0.153741363829 0.83176042867
0.164983914856 0.0612677253444
0.247416074215 0.154735977113
0.134358206211 0.220297666691
0.194389855409 0.349253719893
0.166247148283 0.499431262428
0.246100269602 0.600542579355
0.189411123505 0.711157931281
0.240645449808 0.935155089626
0.31093950529 0.0441310182024
0.374857123304 0.151789486504
0.299940345159 0.276889093761
0.373976511848 0.376539675828
0.289721841794 0.47091387929
0.332127815482 0.695534080141
0.293883839173 0.816269023048
0.365260380051 0.92506104585
0.439929254401 0.0359664734936
0.506183992391 0.156438649628
0.433670474426 0.265480472632
0.462859514091 0.478980775281
0.397981740698 0.587043996685
0.4642208567 0.694031212066
0.418808896518 0.812197458785
0.493061801959 0.923975151509
0.583935317181 0.0469125584177
0.587445138958 0.249905849946
0.531590178705 0.366357658154
0.5972276117 0.473945448309
0.528982166296 0.58371428724
0.59638112562 0.693362857361
0.552551782761 0.812730203205
0.617494818718 0.925469219077
0.707497651212 0.0236336321786
0.667147978619 0.141087301702
0.658729717922 0.352544207548
0.725095797959 0.459791988895
0.658057468752 0.583833805844
0.741600177409 0.68623300241
0.680466566538 0.801806695864
0.766303925537 0.907382927854
0.83927807681 0.011785824974
0.794152729703 0.129498871148
0.733473845619 0.24646173689
0.803251171194 0.36077640844
0.786422758845 0.56965744854
0.873594069823 0.659784128606
0.819130988658 0.789896843734
0.90067655928 0.890909066848
0.990506763663 0.0172605887658
0.922140668778 0.136030453671
0.859663910871 0.248096287766
0.936477084142 0.361110745845
0.887251825538 0.476494326895
0.972971916205 0.578085489244
0.94124723638 0.764220649147
1.02937539763 0.851536982311
