0.0762987730068 0.0894060631608
0.10341965917 0.209296407126
0.0659322353492 0.356934737033
0.0525027616331 0.47875081137
0.0334015045949 0.600219334012
0.0496428138007 0.720719868075
0.0651411511855 0.842393388808
0.060705174649 0.968356028674
0.179113116751 0.0219855230858
0.208582923013 0.145505134929
0.218725641083 0.274996967824
0.182919151295 0.39365467876
0.180536428103 0.518144631807
0.19104520674 0.648133559005
0.167069016239 0.771932557508
0.177970417811 0.895862907126
0.359351062199 0.083567754693
0.32304487769 0.205823492369
0.34524928809 0.329550707816
0.290345892527 0.459780365963
0.314531510479 0.582678278742
0.29978571238 0.716503591752
0.292126815657 0.842568805874
0.299036075781 0.96935198492
0.47431528644 0.0196491771636
0.465738762158 0.148775740383
0.464234333768 0.274948815679
0.456515411759 0.399247597951
0.427756317932 0.525818824998
0.423910939502 0.649417822533
0.444916562171 0.771515233129
0.410714163297 0.910946540686
0.581648713352 0.0802622549629
0.575942783118 0.205764959402
0.579386930512 0.338953659589
0.578681348976 0.48107149105
0.588429487496 0.603741477339
0.557455601612 0.724614811602
0.540721160407 0.853180039618
0.617129736972 0.94826177391
0.719105152574 0.0314182760176
0.689339024988 0.155081391526
0.691211489807 0.284993962468
0.69636873594 0.410371222992
0.707047676745 0.54388279333
0.682345992064 0.683850398499
0.660505632853 0.810174662909
0.731876387466 0.908705388317
0.834907019833 0.0979762511315
0.848285770912 0.222103546239
0.815246945158 0.348080618778
0.820677626307 0.482538902398
0.815250019687 0.608753564895
0.799444996944 0.731575391452
0.837428421062 0.847472268432
0.833147346198 0.975790335877
0.952189524981 0.0490693952305
0.976403147633 0.168719358193
0.961205282053 0.291884149662
0.923209793617 0.409222336409
0.923243063539 0.548521923665
0.933549420673 0.669663737507
0.947474934343 0.795280128888
0.945566516463 0.926718756952
