0.072192327069 0.0778802983652
0.0243232825332 0.193268494055
0.0646864780797 0.330245362171
0.105842935473 0.451830321047
0.0677722216771 0.57724767418
0.0408392414903 0.706128558111
0.0678523142074 0.832823131265
0.0354864866879 0.953165141236
0.192442209942 0.0447486103248
0.150613169659 0.175886236475
0.193389435534 0.306425175424
0.231146302724 0.428519664244
0.191115710082 0.546626639926
0.162540495664 0.669582607552
0.191886537271 0.793848504596
0.156259765463 0.9212051028
0.317101422986 0.0848394627841
0.277704239048 0.203064527438
0.320367003004 0.33500948329
0.358527181792 0.453802762807
0.321810355378 0.574112766518
0.293055732776 0.698384371398
0.319275021587 0.829318020175
0.287778750802 0.957644139937
0.43952774649 0.118612049598
0.402938085869 0.238626021202
0.444845096387 0.358305604691
0.479309199093 0.488044499665
0.443340325616 0.61070032987
0.422052643312 0.736814301619
0.441250230718 0.864477843931
0.410401337325 0.98804326006
0.557973996233 0.0754573242613
0.528516311827 0.210972887184
0.581807523714 0.326329240231
0.599763072592 0.454810342543
0.570606421586 0.577844511686
0.542137108902 0.700246371269
0.563726004345 0.826656469852
0.533185881829 0.951253239618
0.685686971349 0.0436442747676
0.652157088014 0.165552858758
0.700211409826 0.286963213352
0.73342987304 0.41177554341
0.697592713771 0.534743918403
0.664843460046 0.664644215841
0.686870646059 0.795525713656
0.65819753933 0.921452409813
0.823780635444 0.0680755986253
0.778941522328 0.190350034577
0.8207573857 0.322885640475
0.85311427988 0.457973887668
0.823249475267 0.58196465071
0.78904780474 0.702355445026
0.814152138685 0.825253500397
0.783517741005 0.949158196397
0.951462502485 0.0463873603943
0.901793646657 0.166588929543
0.942862485975 0.295586865964
0.97548314593 0.425038200309
0.944022375112 0.551324548715
0.91252216079 0.672326368294
0.943894891854 0.794402300054
0.912518014396 0.915077636599
