0.135721288949 -0.0181438178054
0.110282237106 0.113893527365
0.109769621673 0.254389584464
0.0998579751328 0.393383754224
0.0746867819973 0.515880535814
0.0645700903506 0.64395617797
0.0406592310298 0.772936276004
0.00727374539631 0.892199095022
0.224829776363 0.0660281103311
0.225530567583 0.192755200563
0.209590199272 0.326788587181
0.206747029046 0.466219757975
0.174765417461 0.586607140678
0.157240097874 0.729839699968
0.135189358673 0.859201994104
0.249385964187 0.932633101423
0.354961993284 0.00936263400751
0.343671697572 0.136169339068
0.338784682653 0.270663756308
0.330420729017 0.414367756239
0.305969306211 0.549225563432
0.26470416451 0.670214200222
0.250737164501 0.808823345122
0.36915208783 0.862187041689
0.453614589429 0.0815733949712
0.452197981268 0.224344623717
0.440659550407 0.35771050697
0.43925636691 0.480232565069
0.427139066014 0.616696783441
0.367140255216 0.737172823512
0.484944214993 0.791801925886
0.47213070336 0.938977582342
0.568233708734 0.0257274790907
0.562612627019 0.163850291361
0.674281845198 0.215326602957
0.557865374302 0.286804632934
0.54870536688 0.423608878136
0.548081891566 0.550800158035
0.559813445919 0.69186446197
0.585759060298 0.883981351595
0.672192282915 0.0911930167047
0.785269476982 0.14949732659
0.770700482218 0.297977325261
0.693558958972 0.398284445989
0.670535769487 0.520951393879
0.68156195673 0.660519985748
0.671395279005 0.782978679897
0.693177217926 0.962537408717
0.8043694203 0.0211085995611
0.903416210682 0.101595155529
0.884261659035 0.236627288625
0.879246637728 0.358808568352
0.803785036501 0.45487926509
0.787091179365 0.579829350102
0.795157634376 0.720980352353
0.776845856059 0.863242711867
1.00132382789 0.0245555683295
0.997961039501 0.182999956879
0.992733111083 0.310145788824
0.983695816658 0.433919030106
0.905907572618 0.533255922196
0.939298144072 0.685641874761
0.909507979172 0.805305798638
0.890644170243 0.93090696306
