1.123159004772459196e-01
2.525213669626214519e-01
4.621025295083623363e-01
5.825342545642209213e-01
5.313992841161013780e-01
4.515171264445825838e-01
1.794901103596874548e-01
2.066845944334993468e-01
1.559989338854135266e-01
1.327204945846179041e-01
1.603433427059715866e-01
1.081645783766112673e-01
1.121464125609355628e-01
1.027569543104429606e-01
9.912920830645603754e-02
1.259199249844314694e-01
1.210816755146197493e-01
1.055338327974168350e-01
1.133258417433313514e-01
1.137960703859357686e-01
