0
0
0
0
0
0
0
0
0
0
0
0
0
0
0
0
0
0
0
0
0
0
0
0
0
0
0
0
0
0
0
0
0
0
0
0
0
0
0
0
0
0
0.00440567
0.0220786
0.146677
0.492014
1.08845
1.81639
2.40618
2.85719
2.87075
2.86761
2.60061
2.26798
2.00333
1.83879
1.62595
1.39118
1.33879
1.24977
1.06259
1.0462
0.943216
0.876739
0.833983
0.772079
0.753082
0.713468
0.691093
0.672172
0.650037
0.638208
0.643054
0.657714
0.668492
0.660324
0.662211
0.685973
0.731561
0.751046
0.77364
0.793109
0.808782
0.849161
0.899952
0.93318
0.938051
0.984032
1.02161
1.07218
1.12391
1.12752
1.13303
1.19995
1.25378
1.24336
1.28139
1.24101
1.22947
1.22377
1.21215
1.18278
1.17421
1.14085
1.09708
1.08389
1.04258
0.999345
0.991655
1.00349
0.968792
0.917888
0.933395
0.899105
0.910328
0.876887
0.86864
0.863428
0.894395
0.884643
0.872076
0.884059
0.881351
0.880832
0.917821
0.917653
0.938136
0.961416
0.979041
0.97596
0.996923
0.980323
1.01782
1.00989
1.04397
1.053
1.06699
1.07678
1.07322
1.06187
1.07069
1.06486
1.10492
1.0805
1.07217
1.05682
1.05672
1.0301
1.04243
1.0531
1.0135
1.00875
1.01053
0.984914
1.00413
0.984917
0.986504
0.951962
0.964616
0.968902
0.939336
0.949783
0.956361
0.965685
0.951113
0.955778
0.954522
0.955213
0.966962
0.987162
0.967746
0.995116
0.994443
0.976469
0.991705
1.00446
0.986983
1.01353
1.01925
1.00286
1.01975
1.03596
1.02434
1.03152
1.0237
1.03599
1.01673
1.02125
1.03239
1.0238
1.0293
1.02319
1.02102
1.01554
1.01512
1.0173
0.993939
0.997466
0.991481
0.996662
0.987091
0.985942
0.988211
0.980397
0.976873
0.976293
0.989394
0.989122
0.987985
0.985919
0.978145
0.979858
0.974931
0.993578
0.995232
0.993985
0.991063
0.998877
0.990838
0.999008
1.00343
0.999944
1.01252
1.00419
1.00506
1.01459
1.00483
1.0092
1.01422
1.01927
1.01052
1.01301
1.01705
1.00216
1.00343
1.00734
0.998769
1.00819
1.00052
1.01029
1.01122
1.00624
0.99309
0.999311
1.00377
0.996101
0.994943
0.995656
0.98753
0.983081
0.986598
0.973862
0.960016
0.945986
0.940717
0.933246
0.91543
0.905093
0.901796
0.888005
0.878885
0.865455
0.857863
0.851966
0.836863
0.828849
0.819111
0.807549
0.796412
0.785802
0.775353
0.760691
0.756726
0.745591
0.732063
0.723875
0.720132
0.706942
0.691409
0.687999
0.675263
0.669872
0.663094
0.641246
0.639326
0.624019
0.623572
0.6087
0.597484
0.586883
0.578441
0.569235
0.558281
0.552866
0.549485
0.537957
0.525351
0.515351
0.510051
0.500308
0.493877
0.482902
0.478715
0.473946
0.462599
0.453457
0.453765
0.442213
0.429317
0.41824
0.417923
0.406469
0.402466
0.394801
0.386945
0.381737
0.366976
0.364332
0.353243
0.348287
0.3399
0.335729
0.323111
0.323949
0.302685
0.307249
0.300257
0.287872
0.285956
0.274566
0.269374
0.258862
0.25477
0.249417
0.243661
0.233709
0.225487
0.22459
0.213663
0.207263
0.202101
0.199588
0.191098
0.183782
0.177922
0.172911
0.161657
0.157779
0.150159
0.147689
0.139349
0.133824
0.125652
0.118686
0.117257
0.112978
0.107414
0.103016
0.0978602
0.0947921
0.0886795
0.0874131
0.0825865
0.0781578
0.0752139
0.073552
0.0714627
0.0685702
0.0650779
0.0633127
0.0582468
0.0564921
0.0542393
0.0516104
0.0495904
0.0472808
0.0460054
0.0429001
0.0398964
0.0383327
0.036249
0.0353484
0.0341032
0.0314907
0.0312733
0.0291032
0.0269285
0.0263922
0.0248198
0.0228435
0.0221787
0.0215204
0.019448
0.0190024
0.0175384
0.016585
0.0165267
0.0146935
0.013743
0.0125025
0.0122417
0.0114527
0.0103029
0.00934769
0.00885165
0.00851768
0.00747654
0.0068169
0.00641399
0.00587256
0.0050884
0.00437052
0.00453643
0.00417709
0.00360115
0.00281176
0.00264918
0.00244248
0.0020219
0.00175226
0.00131639
0.00124296
0.00106991
0.000754279
0.000861131
0.000538427
0.000339042
0.000250372
0.000227535
6.47076e-05
5.36727e-05
3.20546e-05
0
0
0
0
0
0
0
0
0
0
0
0
0
0
0
0
0
0
0
0
0
0
0
0
0
0
0
0
0
0
0
0
0
0
0
0
0
0
0
0
0
0
0
0
0
0
0
0
0
0
0
0
0
0
0
0
0
0
0
0
0
0
0
0
0
0
0
0
