0
0
0
0
0
0
0
0
0
0
0
0
0
0
0
0
0
0
0
0
0
0
0
0
0
0
0
0
0
0
0
0
0
0
0
0
0
0
0
0
0
0
0.000550709
0.00683384
0.0552552
0.237839
0.661075
1.37244
2.06492
2.60914
2.97684
3.07689
2.92795
2.71317
2.3811
2.12523
1.912
1.68391
1.45215
1.31355
1.18135
1.02937
0.932521
0.824687
0.795727
0.723621
0.712369
0.642296
0.60672
0.573324
0.600804
0.576916
0.570384
0.570252
0.57709
0.594362
0.579434
0.627511
0.649075
0.659132
0.705179
0.74309
0.783791
0.831898
0.888668
0.92107
0.967565
1.0347
1.07102
1.08546
1.15768
1.18431
1.20302
1.2218
1.27049
1.2703
1.26494
1.26581
1.27879
1.26768
1.2605
1.24853
1.23243
1.19703
1.16002
1.1384
1.08617
1.0497
1.00932
0.965413
0.96203
0.914047
0.892289
0.873161
0.872316
0.852206
0.821588
0.833456
0.815411
0.812757
0.827616
0.822606
0.846418
0.854549
0.878868
0.874959
0.905812
0.927578
0.955848
0.973647
0.996631
1.00224
1.02649
1.04912
1.06723
1.09152
1.08397
1.08431
1.1091
1.10823
1.11595
1.11071
1.10105
1.10963
1.09918
1.07947
1.07753
1.06713
1.06232
1.04851
1.03665
1.02383
1.01549
0.993357
0.98754
0.976854
0.946744
0.949677
0.945135
0.940868
0.942193
0.938913
0.932215
0.92453
0.927145
0.928904
0.927862
0.942592
0.944715
0.950323
0.957857
0.973573
0.97706
0.978419
0.998271
1.00902
1.0117
1.00781
1.02512
1.03058
1.02946
1.04215
1.04931
1.04434
1.04366
1.03825
1.05322
1.05102
1.03942
1.03574
1.04767
1.03176
1.0211
1.02718
1.01617
1.01189
1.00651
0.994278
0.988603
0.990588
0.980509
0.97695
0.981128
0.979147
0.978919
0.966164
0.972039
0.962092
0.962038
0.975177
0.972196
0.969162
0.980549
0.982645
0.969591
0.982675
0.991615
0.986113
0.996838
0.997955
1.00836
1.00947
1.01342
1.01172
1.01613
1.01527
1.02583
1.01845
1.02091
1.0221
1.02048
1.02098
1.02147
1.01663
1.0157
1.01744
1.00951
1.01346
1.00155
1.00345
1.00606
0.993401
0.997691
0.998204
0.992002
0.99851
0.988068
0.984257
0.991461
0.989265
0.985917
0.968939
0.958378
0.943278
0.938905
0.919882
0.907538
0.907809
0.889872
0.883899
0.866879
0.861324
0.852349
0.852954
0.828815
0.832546
0.821324
0.806771
0.800552
0.789472
0.780329
0.775724
0.756967
0.755697
0.736855
0.729864
0.723111
0.713698
0.699386
0.688062
0.672292
0.665604
0.654493
0.642298
0.638503
0.623104
0.615926
0.607737
0.601309
0.583691
0.581046
0.570324
0.562152
0.552889
0.543154
0.536066
0.522782
0.520791
0.510989
0.499298
0.496576
0.487477
0.475041
0.471192
0.461547
0.452232
0.448237
0.437826
0.428805
0.41934
0.414941
0.40816
0.404391
0.393536
0.387669
0.37868
0.370491
0.365596
0.357155
0.351805
0.343832
0.333468
0.325301
0.319985
0.310393
0.303672
0.298587
0.291257
0.278785
0.276545
0.26849
0.262438
0.255589
0.249479
0.240896
0.235644
0.228439
0.221647
0.21507
0.207608
0.200925
0.193464
0.189546
0.184246
0.178467
0.169778
0.165046
0.157573
0.152133
0.144611
0.141576
0.131634
0.129223
0.122531
0.115373
0.111286
0.107375
0.102541
0.0989515
0.0939377
0.0889091
0.0879764
0.0829801
0.0787977
0.0758653
0.0719511
0.0709814
0.0678631
0.0636788
0.0614257
0.0594207
0.056939
0.0533432
0.0522593
0.048711
0.0477041
0.0449458
0.0431096
0.0408546
0.0394723
0.0374032
0.0355876
0.0336137
0.0321603
0.0307687
0.028802
0.0273946
0.0261272
0.0247144
0.0244434
0.0217743
0.0212154
0.0202616
0.0184307
0.0174937
0.0171319
0.0154321
0.0143284
0.0141564
0.0126833
0.0116464
0.0111071
0.0102968
0.00991589
0.00885773
0.0082394
0.00784374
0.00684087
0.00638419
0.00594968
0.00531862
0.00476998
0.00433182
0.00367095
0.00349694
0.00326694
0.00316526
0.00227128
0.00214117
0.00166182
0.00135577
0.00117018
0.00105319
0.000787556
0.000601688
0.000527439
0.000366384
0.000342901
0.00015169
5.3923e-05
6.97746e-05
2.67121e-05
5.31775e-06
0
0
0
0
0
0
0
0
0
0
0
0
0
0
0
0
0
0
0
0
0
0
0
0
0
0
0
0
0
0
0
0
0
0
0
0
0
0
0
0
0
0
0
0
0
0
0
0
0
0
0
0
0
0
0
0
0
0
0
0
0
0
0
0
0
0
0
