0
0
0
0
0
0
0
0
0
0
0
0
0
0
0
0
0
0
0
0
0
0
0
0
0
0
0
0
0
0
0
0
0
0
0
0
0
0
0
0
0
0
0
0
0
0
0
0
0
0
0
0
0
0
0
0
0
0
0
0
0
0
0
0
0
0
0
0
0
0
0
0
0
0
0
0
0
0
0
0
0
0
0
0
0
0
0
0
0
0
0
0
0
0
0
0
0
0
0
0
0
0
0
0
0
0
0
0
0
0
0
0
0
0
0
0
0
0
0
0
0
0
0
0
0
0
0
0
0
0
0
0
0
0
0
0
0
0
0
0
0
0
0
0
0
0
0
0
0
0
0
0
0
0
0
0
0
0
0
0
0
0
0
0
0
0
0
0
0
0
0
0
0
0
0
0
0
0
0
0
0
0
0
0
0
0
0
0
0
0
0
0
0
0
0
0
0
0
0
0
2.59082
2.54708
2.5106
2.47242
2.43455
2.39778
2.36044
2.32776
2.28945
2.25799
2.22447
2.19113
2.15852
2.12854
2.0969
2.06818
2.0383
2.00976
1.98204
1.95475
1.92997
1.90347
1.87636
1.84801
1.82359
1.79987
1.77567
1.75365
1.73372
1.70861
1.68658
1.66629
1.64498
1.62474
1.60553
1.58346
1.56388
1.54604
1.52766
1.51046
1.49349
1.47599
1.45908
1.44236
1.42616
1.40875
1.39434
1.37831
1.36259
1.34858
1.33409
1.32014
1.30756
1.29342
1.27986
1.26766
1.25389
1.24238
1.23105
1.2184
1.20967
1.196
1.18422
1.17381
1.16273
1.15324
1.14478
1.13315
1.12194
1.11371
1.10369
1.09493
1.08636
1.07871
1.06905
1.06168
1.05354
1.04508
1.03669
1.02799
1.02209
1.01583
1.00904
1.00363
0.994686
0.988784
0.983133
0.977185
0.969226
0.965334
0.960307
0.953953
0.949424
0.942958
0.937653
0.933972
0.92765
0.923995
0.918858
0.915772
0.910487
0.908133
0.904204
0.899068
0.895605
0.891698
0.888491
0.885376
0.881909
0.879139
0.87602
0.87253
0.870876
0.869014
0.865799
0.865058
0.861764
0.859675
0.857906
0.856119
0.855576
0.853121
0.850745
0.848857
0.848093
0.847383
0.845918
0.846046
0.843474
0.843762
0.842542
0.842519
0.841961
0.841485
0.841524
0.841755
0.841355
0.84145
0.842001
0.842343
0.843503
0.843859
0.843578
0.84444
0.845796
0.848374
0.849202
0.849728
0.849801
0.852192
0.853528
0.854998
0.857524
0.858258
0.86082
0.861919
0.864588
0.866909
0.868703
0.870697
0.873499
0.876355
0.878058
0.881144
0.883408
0.886054
0.889012
0.892789
0.896618
0.8985
0.901732
0.905413
0.908601
0.911795
0.915087
0.918577
0.922174
0.926685
0.930055
0.932463
0.93762
0.941029
0.945855
0.949214
0.953207
0.958156
0.96166
0.96556
0.96933
0.973818
0.978583
0.983191
0.987833
0.992669
0.997154
1.00214
1.00517
1.01051
1.01434
1.0191
1.02446
1.02833
1.03359
1.03704
1.04104
1.04493
1.04823
1.05033
1.05409
1.05603
1.05941
1.06142
1.0637
1.06529
1.06743
1.06948
1.07135
1.07212
1.07183
1.07431
1.07499
1.07522
1.07699
1.07683
1.07713
1.07689
1.07888
1.0778
1.07686
1.07822
1.07636
1.07684
1.07604
1.07714
1.07562
1.07557
1.07311
1.07364
1.07209
1.07201
1.07098
1.07031
1.0693
1.06747
1.06648
1.06671
1.06485
1.06176
1.06234
1.06084
1.05935
1.05833
1.05627
1.05577
1.0533
1.05266
1.05089
1.0498
1.04853
1.0463
1.04473
1.04311
1.04265
1.04046
1.03985
1.03818
1.03662
1.0341
1.03289
1.03126
1.02968
1.02827
1.02754
1.02613
1.0238
1.02195
1.02141
1.01968
1.01887
1.01686
1.01577
1.01383
1.01334
1.01201
1.00995
1.00923
1.0073
1.00645
1.00513
1.00349
1.0019
1.00051
0.999505
0.998423
0.996965
0.996357
0.99531
0.994859
0.99304
0.9919
0.991745
0.990404
0.989893
0.988631
0.986963
0.986467
0.986115
0.984887
0.98488
0.982933
0.982674
0.982209
0.980764
0.980392
0.980146
0.979692
0.979035
0.978357
0.978389
0.977316
0.977189
0.975804
0.976088
0.974544
0.974839
0.974501
0.974024
0.974044
0.973791
0.973116
0.973744
0.973737
0.973578
0.973163
0.973356
0.97297
0.97318
0.972576
0.972989
0.973017
0.972538
0.973584
0.973355
0.973608
0.972837
0.973051
0.973773
0.973839
0.974693
0.974813
0.975025
0.975697
0.975367
0.975854
0.976327
0.976223
0.976406
0.976918
0.977266
0.977932
0.978951
0.978909
0.979364
0.979978
0.98019
0.980916
0.981729
0.982191
0.982739
0.982735
0.984006
0.98444
0.985425
0.985198
0.986062
0.986973
0.987736
0.987519
0.98894
0.989063
0.989769
0.990469
0.991076
0.991877
0.992554
0.992998
0.993927
0.993713
0.994439
0.995583
0.995873
0.997175
0.996818
0.998019
0.998256
0.999544
0.999337
0.999676
1.00061
1.00131
1.00188
1.00254
1.00294
1.00381
1.00369
1.00426
1.00485
1.00595
1.00591
1.00504
1.00612
1.00637
1.00735
1.00793
1.00815
1.00859
1.00867
1.00879
1.00913
1.00972
1.00959
1.00988
1.0103
1.01042
1.0099
1.01084
1.01078
1.01121
1.011
1.01145
1.01151
1.01214
1.0114
1.01115
1.01164
1.01205
1.01216
1.01165
1.01147
1.01185
1.01193
1.0117
1.01201
1.01158
1.01155
1.01129
1.01122
1.01173
1.01096
1.01058
1.01071
1.01067
1.01017
1.00987
1.01022
1.00986
1.01005
1.00938
1.00972
1.00858
1.00918
1.00908
1.00888
1.00867
1.00858
1.00827
1.00838
1.00773
1.00744
1.00676
1.00661
1.00637
1.00604
1.00632
1.00621
1.00553
1.00551
1.005
1.00468
1.00488
1.00488
1.00432
1.00394
1.00401
1.00326
1.0033
1.00301
1.00304
1.0025
1.00246
1.00166
1.00121
1.00161
1.00091
1.00114
1.00055
1.0012
1.00007
0.999746
1.00001
1.00007
0.999713
0.998981
0.999083
0.99928
0.998618
0.998398
0.997948
0.998104
0.998737
0.997945
0.997972
0.997761
0.99727
0.997531
0.997118
0.997245
0.997141
0.996706
0.996183
0.996561
0.996499
0.99606
0.996458
0.996355
0.995957
0.99585
0.996115
0.995456
0.995919
0.995712
0.995528
0.995421
0.995475
0.995529
0.995384
0.994958
0.995455
0.995202
0.994779
0.995421
0.995153
0.995586
0.995294
0.995841
0.994859
0.995641
0.995543
0.995569
0.995147
0.995218
0.995804
0.994825
0.995473
0.99566
0.995502
0.995486
0.996
0.99602
0.996114
0.995753
0.996417
0.996062
0.99627
0.996284
0.996612
0.996576
0.996352
0.996875
0.997378
0.996856
0.997117
0.997558
0.996834
0.99756
0.99768
0.997457
0.997811
0.997629
0.997843
0.99812
0.997886
0.998652
0.998533
0.998765
0.998662
0.998444
0.998575
0.999004
0.998864
0.999141
0.999175
0.999487
0.999427
0.999047
0.999436
0.999889
1.0001
1.0004
0.99988
1.00007
1.00043
1.00019
1.00095
0.999913
1.00084
1.00068
1.0006
1.00119
1.00079
1.00104
1.00105
1.00144
1.00141
1.00106
1.00118
1.00205
1.00166
1.00156
1.00179
1.00168
1.0016
1.002
1.00176
1.00212
1.00202
1.00218
1.00223
1.00206
1.00246
1.0021
1.00244
1.00217
1.00247
1.00227
1.00223
1.00251
1.00239
1.00255
1.00259
1.00231
1.00241
1.00281
1.00242
1.00279
1.00284
1.00209
1.00274
1.00215
1.00255
1.00247
1.00241
1.00279
1.00192
1.00241
1.00201
1.00225
1.00228
1.00216
1.00189
1.00213
1.00177
1.00243
1.00224
1.00193
1.00239
1.00206
1.00166
1.00221
1.00238
1.00182
1.00178
1.00153
1.0018
1.00194
1.00132
1.00154
1.00132
1.00152
1.00142
1.00103
1.00127
1.00173
1.00137
1.00122
1.00115
1.00105
1.00056
1.00132
1.00099
1.00078
1.00134
1.00094
1.00105
1.00108
1.00045
1.00079
1.00047
1.001
1.00074
1.00079
1.00095
1.00021
1.00063
1.0007
1.00025
0.999938
1.00055
0.999811
1.00003
1.00002
1.00015
1.00011
1.00008
0.99992
0.999938
0.999986
1.00008
0.999916
0.999992
0.999512
0.999692
1.00013
0.999687
0.999675
0.999985
0.999805
0.9994
0.999676
0.999873
1
0.99925
1.00027
0.999777
0.999412
0.999645
0.999451
0.999682
0.999739
0.999524
0.999507
0.999411
0.999749
0.999363
0.999708
0.999642
0.99933
0.999699
0.999266
0.999561
0.999724
0.999706
0.999586
0.999272
0.999658
0.999946
0.999308
0.999532
0.999449
0.999767
0.999761
0.999588
0.999706
0.999665
0.999162
0.999924
1.00011
0.999602
0.999593
0.999469
1.00008
0.999862
0.999909
1.00017
1.00006
1.00006
0.99964
0.999807
0.999706
0.999991
0.999894
0.999913
0.999965
1.00004
1.00044
1.00039
1.0003
0.999926
1.00047
1.00013
1.00053
1.0003
1.0004
1.00029
1.0003
1.00028
1.00013
1.00041
1.00013
1.00015
0.999003
0.995797
0.992716
0.989803
0.986939
0.984397
0.981284
0.978207
0.975117
0.972083
0.969091
0.966523
0.963584
0.960811
0.957742
0.954933
0.952042
0.949102
0.94645
0.943449
0.940399
0.937407
0.934588
0.931867
0.928951
0.925958
0.922987
0.920714
0.917642
0.915023
0.912107
0.90954
0.906382
0.903652
0.900449
0.897971
0.895117
0.892152
0.889545
0.88694
0.884334
0.881394
0.878344
0.875815
0.873313
0.870255
0.867676
0.864882
0.862137
0.859286
0.856664
0.853728
0.851393
0.848446
0.845718
0.843005
0.840528
0.837742
0.835152
0.832329
0.829532
0.826883
0.824474
0.821774
0.819336
0.816218
0.813944
0.811327
0.808713
0.805684
0.803062
0.800773
0.79781
0.795374
0.792922
0.790275
0.787506
0.784839
0.782439
0.779553
0.777342
0.77434
0.772026
0.769351
0.766833
0.76418
0.761609
0.759244
0.756714
0.75407
0.751767
0.74915
0.746431
0.744171
0.741412
0.739082
0.736151
0.733929
0.731452
0.729095
0.72652
0.724132
0.721834
0.718884
0.716766
0.714225
0.711795
0.70937
0.706905
0.704317
0.701775
0.699518
0.697299
0.694707
0.692141
0.689615
0.687066
0.68502
0.682406
0.679905
0.677534
0.67552
0.672808
0.670586
0.668215
0.665849
0.66335
0.660878
0.658745
0.65633
0.6537
0.651787
0.649252
0.646701
0.644593
0.642435
0.639708
0.637674
0.635415
0.6329
0.630778
0.628633
0.626225
0.623483
0.621582
0.619349
0.616848
0.614789
0.612483
0.610128
0.607891
0.605716
0.603436
0.601141
0.598882
0.596613
0.594321
0.592194
0.589948
0.587537
0.585437
0.583216
0.581033
0.57878
0.576443
0.574163
0.572023
0.569862
0.567473
0.56548
0.563189
0.561361
0.55881
0.556926
0.554313
0.552547
0.550224
0.548244
0.545666
0.543809
0.541648
0.53948
0.53717
0.535009
0.532781
0.530936
0.528631
0.526778
0.524552
0.522346
0.520464
0.518002
0.516053
0.51394
0.511657
0.509863
0.50776
0.50561
0.503474
0.501484
0.499
0.497174
0.495235
0.49318
0.491044
0.489008
0.486929
0.484569
0.482731
0.48073
0.478745
0.476622
0.474586
0.472381
0.470441
0.468458
0.466526
0.464415
0.462423
0.460245
0.458283
0.456384
0.454316
0.452489
0.450449
0.448585
0.446397
0.444359
0.442402
0.44039
0.438455
0.436462
0.434207
0.432354
0.430469
0.428471
0.426532
0.424616
0.422662
0.420647
0.418617
0.416616
0.415006
0.412603
0.411048
0.408881
0.407095
0.405179
0.403096
0.401322
0.399243
0.397477
0.395365
0.393519
0.391921
0.389911
0.387918
0.385959
0.383925
0.382091
0.380278
0.378597
0.376629
0.374652
0.37269
0.370891
0.368957
0.367104
0.365369
0.363479
0.361602
0.359809
0.357946
0.355921
0.354101
0.352266
0.350276
0.348435
0.346747
0.34492
0.343092
0.341432
0.339431
0.337686
0.335789
0.334059
0.332295
0.330314
0.328699
0.326786
0.324973
0.323159
0.321297
0.319515
0.317782
0.315895
0.314158
0.312358
0.310645
0.308772
0.307234
0.305214
0.303532
0.301679
0.299885
0.298175
0.296429
0.294836
0.292838
0.291254
0.28945
0.287642
0.285678
0.284166
0.282404
0.280728
0.279027
0.277266
0.275505
0.273763
0.272089
0.270352
0.268566
0.266863
0.265374
0.263496
0.261821
0.260275
0.258369
0.256637
0.255035
0.25332
0.25164
0.249968
0.248287
0.246395
0.244971
0.243273
0.241415
0.239897
0.238153
0.236444
0.234684
0.233241
0.231399
0.229983
0.228091
0.226336
0.224932
0.223179
0.221671
0.21991
0.218366
0.216645
0.214863
0.213299
0.211672
0.209964
0.208427
0.206857
0.205206
0.203488
0.202019
0.200414
0.198796
0.197166
0.195503
0.193973
0.19233
0.190665
0.189242
0.187577
0.185927
0.184272
0.182748
0.181124
0.179545
0.178036
0.176367
0.174818
0.173228
0.171735
0.170169
0.168541
0.166999
0.165336
0.163794
0.162276
0.160763
0.159122
0.157568
0.156094
0.154488
0.153042
0.151467
0.149923
0.148372
0.146841
0.14528
0.143752
0.142139
0.14065
0.139277
0.137614
0.136091
0.134525
0.133093
0.131573
0.130062
0.128508
0.127018
0.125508
0.12403
0.122451
0.120954
0.119611
0.118337
0.116872
0.11561
0.114314
0.113052
0.111856
0.110659
0.109435
0.108328
0.10711
0.105974
0.104899
0.103802
0.10269
0.101627
0.100449
0.0995043
0.0985032
0.0973665
0.0963734
0.0953516
0.0944584
0.0934574
0.0925028
0.0914879
0.0906211
0.0896158
0.0887336
0.0878776
0.0869218
0.0859679
0.0850776
0.0841168
0.0833376
0.0824643
0.0815913
0.0807321
0.0799209
0.0790792
0.0782215
0.0774113
0.0766138
0.0758703
0.0750526
0.0742285
0.0735178
0.0726813
0.0719642
0.0711181
0.0703888
0.0697172
0.0689434
0.068243
0.0674984
0.0668341
0.0660831
0.0654646
0.0647186
0.0639612
0.0633525
0.0626834
0.0620022
0.0612677
0.0606548
0.0600154
0.0593992
0.0586099
0.0580949
0.0574526
0.0568459
0.0562178
0.0555374
0.054998
0.0543714
0.0538327
0.0532168
0.0526368
0.0520377
0.0514342
0.0509131
0.0502743
0.0497856
0.0491999
0.048647
0.0481125
0.0475401
0.0470078
0.0464685
0.0459624
0.0454706
0.0449723
0.0443902
0.043914
0.0434255
0.0428874
0.0423453
0.0418777
0.0413887
0.040948
0.040449
0.0399984
0.0395395
0.0390654
0.0385297
0.038135
0.0376529
0.0371697
0.0367368
0.0363054
0.035865
0.0354847
0.0349951
0.0345986
0.0341718
0.0337468
0.0332766
0.0329123
0.0325026
0.0320823
0.031734
0.0313039
0.0309272
0.0304936
0.0300855
0.0297459
0.0293817
0.0289976
0.0286222
0.0282434
0.0278674
0.0274932
0.0271335
0.0268396
0.0264253
0.026071
0.0257941
0.0254023
0.0250416
0.0247316
0.0243836
0.0240636
0.0237254
0.0234082
0.023081
0.0227906
0.0224575
0.0221406
0.0218346
0.02151
0.0212101
0.0209182
0.0206149
0.0203084
0.0200474
0.0197611
0.0194296
0.0191841
0.0188965
0.0186247
0.0183185
0.0180251
0.0177946
0.0175143
0.0172392
0.0169654
0.0167076
0.0164746
0.0162178
0.015972
0.0157209
0.0154844
0.0152342
0.0149875
0.014752
0.0145245
0.0142544
0.0140475
0.0138041
0.013573
0.0133657
0.0131376
0.0129093
0.0126971
0.0124859
0.0122531
0.0120784
0.0118642
0.0116358
0.0114422
0.0111977
0.011028
0.0108601
0.0106307
0.0104509
0.0102457
0.0100627
0.00987787
0.00971864
0.00952931
0.00936834
0.00914619
0.0089765
0.00883167
0.00863691
0.00847367
0.00829014
0.00810625
0.00798331
0.00780595
0.00764938
0.00748434
0.00734971
0.00717328
0.00704958
0.00686586
0.00671697
0.0065716
0.00640951
0.00628894
0.00614711
0.00603205
0.00587287
0.00573568
0.00561378
0.00547894
0.00533989
0.00521299
0.00509475
0.00496332
0.00483607
0.00471989
0.00461971
0.00448563
0.00436963
0.00425515
0.00415448
0.00402026
0.00392069
0.00384028
0.00372658
0.00361069
0.00351886
0.00340545
0.00330891
0.00322924
0.00313089
0.00302577
0.00293132
0.00284742
0.00275155
0.0026728
0.00258855
0.00249954
0.0024198
0.0023377
0.00225866
0.00217988
0.00210137
0.00202179
0.00195475
0.00189037
0.00181632
0.00174185
0.00167489
0.00161026
0.00153618
0.00148052
0.00140965
0.00135655
0.00129674
0.00124057
0.00118745
0.00113287
0.00108253
0.00101848
0.000975146
0.000924184
0.000875207
0.000831249
0.000783029
0.000748236
0.000695175
0.000656884
0.000615154
0.000585454
0.000548077
0.000512566
0.000473694
0.000439856
0.000409356
0.000377373
0.000345668
0.000320559
0.000287459
0.000266161
0.000242348
0.000219555
0.000198263
0.000176565
0.000156161
0.000137753
0.000121949
0.000102519
8.83355e-05
7.477e-05
6.37847e-05
5.11542e-05
4.14798e-05
3.24628e-05
2.42594e-05
1.71705e-05
1.16798e-05
6.86021e-06
3.73522e-06
1.6684e-06
3.67411e-07
0
0
0
0
0
0
0
0
0
0
0
0
0
0
0
0
0
0
0
0
0
0
0
0
0
0
0
0
0
0
0
0
0
0
0
0
0
0
0
0
0
0
0
0
0
0
0
0
0
0
0
0
0
0
0
0
0
0
0
0
0
0
0
0
0
0
0
0
0
0
0
0
0
0
0
0
0
0
0
0
0
0
0
0
0
0
0
0
0
0
0
0
0
0
0
0
0
0
0
0
0
0
0
0
0
0
0
0
0
0
0
0
0
0
0
0
0
0
0
0
0
0
0
0
0
0
0
0
0
0
0
0
0
0
0
0
0
0
0
0
0
0
0
0
0
0
0
0
0
0
0
0
0
0
0
0
0
0
0
0
0
0
0
0
0
0
0
0
0
0
0
0
0
0
0
0
0
0
0
0
0
0
0
0
0
0
0
0
0
0
0
0
0
0
0
0
0
0
0
0
0
0
0
0
0
0
0
0
0
0
0
0
0
0
0
0
0
0
0
0
0
0
0
0
0
0
0
0
0
0
0
0
0
0
0
0
0
0
0
0
0
0
0
0
0
0
0
0
0
0
0
0
0
0
0
0
0
0
0
0
0
0
0
0
0
0
0
0
