0
0
0
0
0
0
0
0
0
0
0
0
0
0
0
0
0
0
0
0
0
0
0
0
0
0
0
0
0
0
0
0
0
0
0
0
0.0298658
0.155618
0.488551
0.928255
1.49913
1.73733
2.0971
2.08169
2.33679
2.22752
2.09962
2.11266
1.89788
1.8236
1.70373
1.70871
1.51143
1.49577
1.52712
1.42995
1.35859
1.38155
1.27194
1.2183
1.24793
1.1677
1.23351
1.17721
1.15055
1.099
1.07519
1.12042
1.0642
1.03791
1.07432
1.05927
1.0628
1.01272
1.07102
1.08193
1.01439
1.05794
1.01114
1.03182
1.03889
1.05069
1.06396
1.01922
1.03146
1.05646
1.01569
1.02535
1.06022
1.05405
1.0372
1.03936
1.0663
0.980808
1.06798
1.0056
1.03016
1.01792
1.03263
1.01197
1.02227
0.994501
1.02897
1.02701
1.02712
0.966634
1.00785
0.968874
1.02579
0.99785
0.989321
1.01582
1.00193
1.00474
1.0076
1.00842
0.998511
1.01588
1.01609
1.00696
1.01196
0.976508
0.997486
1.00331
0.991365
1.00645
0.992092
0.999598
0.988679
1.01523
0.973326
0.993784
0.981106
0.997718
0.984257
0.991671
0.97335
0.996705
0.998335
0.998999
0.963665
0.985068
0.967764
0.978669
0.98556
0.992169
0.98794
0.979162
0.967823
0.966134
0.975472
0.986213
0.994537
0.989051
0.981123
1.00425
0.99016
1.00682
0.987344
0.977661
1.01309
1.00989
0.993579
0.979825
1.00603
0.992893
0.989184
0.991873
0.976632
0.987024
0.996421
0.985105
0.979065
0.983409
0.981839
0.993289
0.97568
0.988838
0.999269
0.976434
0.981643
0.96989
1.00337
0.976868
0.99962
0.985981
0.985503
1.0058
0.999303
0.977482
0.973715
0.9869
0.997074
0.982544
0.994028
0.99315
0.990899
0.997619
0.977798
0.986515
0.99491
0.978494
0.999806
0.990581
0.99005
0.996738
0.994853
0.981221
0.990045
1.00056
0.992692
0.981282
0.988104
0.967871
0.992854
0.997712
0.989365
0.98298
0.996922
0.977949
0.978837
0.973344
0.989771
0.994873
1.00434
0.989901
1.00127
0.975725
0.998448
0.992938
0.999919
0.988923
0.990297
0.984315
0.97355
0.98302
0.983474
0.997077
0.992231
0.98854
0.986666
0.98547
0.976615
0.996526
0.984531
0.986891
0.992521
0.982178
0.985049
0.990016
0.997092
0.980938
0.962887
0.933758
0.932762
0.935532
0.894445
0.895372
0.896437
0.881919
0.861734
0.848639
0.838028
0.83741
0.821763
0.801755
0.801072
0.791479
0.774888
0.767395
0.751454
0.759693
0.746572
0.733516
0.713819
0.702827
0.707173
0.696298
0.684638
0.67007
0.662469
0.6527
0.642802
0.628572
0.619049
0.615159
0.615332
0.598302
0.598751
0.57943
0.575589
0.557692
0.554351
0.542219
0.533038
0.525746
0.512882
0.521623
0.503755
0.500574
0.491211
0.480254
0.465344
0.461851
0.444661
0.447212
0.438157
0.434975
0.425512
0.416287
0.408039
0.397878
0.388002
0.384033
0.378658
0.370745
0.361296
0.353971
0.348928
0.347332
0.332734
0.326741
0.319859
0.316858
0.306218
0.300846
0.290235
0.282641
0.279338
0.271744
0.259976
0.256889
0.251855
0.24355
0.234308
0.234646
0.22605
0.217726
0.2096
0.203949
0.197982
0.18925
0.188859
0.178859
0.176447
0.169528
0.16169
0.156115
0.152174
0.140327
0.136483
0.13223
0.124916
0.12109
0.113759
0.10698
0.106381
0.103794
0.0962194
0.0909437
0.0873477
0.0859517
0.0823897
0.0788655
0.0763969
0.0720479
0.0688412
0.0681135
0.0622943
0.0641142
0.0568699
0.0539407
0.0541102
0.0516817
0.0492216
0.0462226
0.0455283
0.0434167
0.0419378
0.0377387
0.0378704
0.0360592
0.0335049
0.0338173
0.0313271
0.0286481
0.0277542
0.0264717
0.0243057
0.0245483
0.0226745
0.0225069
0.0198871
0.0189639
0.0174106
0.0165087
0.0156662
0.0131701
0.0127282
0.0130884
0.0115596
0.0114774
0.00979944
0.00962874
0.0086328
0.0081789
0.00724779
0.00709246
0.00720084
0.0054336
0.005478
0.0045585
0.00432597
0.00351387
0.00386748
0.00290395
0.00284415
0.00248813
0.00193103
0.00203488
0.00148516
0.00143333
0.00106991
0.00070991
0.000905292
0.000791159
0.000459348
0.000283029
0.00013002
6.47076e-05
8.58764e-05
2.13697e-05
2.1271e-05
0
0
0
0
0
0
0
0
0
0
0
0
0
0
0
0
0
0
0
0
0
0
0
0
0
0
0
0
0
0
0
0
0
0
0
0
0
0
0
0
0
0
0
0
0
0
0
0
0
0
0
0
0
0
0
0
0
0
0
0
0
0
0
0
0
0
0
