0.3
0	60000
10	60000
20	60000
30	60000
40	60000
50	60000
60	60000
70	60000
80	60000
90	60000
100	60000
110	60000
120	60000
130	60000
140	60000
150	60000
160	60000
170	60000
180	60000
190	60000
200	60000
210	60000
220	60000
230	60000
240	60000
250	60000
260	60000
270	60000
280	60000
290	60000
300	60000
310	60000
320	60000
330	60000
340	60000
350	60000
360	60000
370	60000
380	60000
390	60000
400	60000
410	60000
420	60000
430	60000
440	60000
450	60000
460	60000
470	60000
480	60000
490	60000
500	60000
510	60000
520	60000
530	60000
540	60000
550	60000
560	60000
570	60000
580	60000
590	60000
600	60000
610	60000
620	60000
630	60000
640	60000
650	60000
660	60000
670	60000
680	60000
690	60000
700	60000
710	60000
720	60000
730	60000
740	60000
750	60000
760	60000
770	60000
780	60000
790	60000
800	60000
810	60000
820	60000
830	60000
840	60000
850	60000
860	60000
870	60000
880	60000
890	60000
900	60000
910	60000
920	60000
930	60000
940	60000
950	60000
960	60000
970	60000
980	60000
990	60000
1000	60000
1010	60000
1020	60000
1030	60000
1040	60000
1050	60000
1060	60000
1070	60000
1080	60000
1090	60000
1100	60000
1110	60000
1120	60000
1130	60000
1140	60000
1150	60000
1160	60000
1170	60000
1180	60000
1190	60000
1200	60000
1210	60000
1220	60000
1230	60000
1240	60000
1250	60000
1260	60000
1270	60000
1280	60000
1290	60000
1300	60000
1310	60000
1320	60000
1330	60000
1340	60000
1350	60000
1360	60000
1370	60000
1380	60000
1390	60000
1400	60000
1410	60000
1420	60000
1430	60000
1440	60000
1450	60000
1460	60000
1470	60000
1480	60000
1490	60000
1500	60000
1510	60000
1520	60000
1530	60000
1540	60000
1550	60000
1560	60000
1570	60000
1580	60000
1590	60000
1600	60000
1610	60000
1620	60000
1630	60000
1640	60000
1650	60000
1660	60000
1670	60000
1680	60000
1690	60000
1700	60000
1710	60000
1720	60000
1730	60000
1740	60000
1750	60000
1760	60000
1770	60000
1780	60000
1790	60000
1800	60000
1810	60000
1820	60000
1830	60000
1840	60000
1850	60000
1860	60000
1870	60000
1880	60000
1890	60000
1900	60000
1910	60000
1920	60000
1930	60000
1940	60000
1950	60000
1960	60000
1970	60000
1980	60000
1990	60000
2000	60000
2010	60000
2020	60000
2030	60000
2040	60000
2050	60000
2060	60000
2070	60000
2080	60000
2090	60000
2100	60000
2110	60000
2120	60000
2130	60000
2140	60000
2150	60000
2160	60000
2170	60000
2180	60000
2190	60000
2200	60000
2210	60000
2220	60000
2230	60000
2240	60000
2250	60000
2260	60000
2270	60000
2280	60000
2290	60000
2300	60000
2310	60000
2320	60000
2330	60000
2340	60000
2350	60000
2360	60000
2370	60000
2380	60000
2390	60000
2400	60000
2410	60000
2420	60000
2430	60000
2440	60000
2450	60000
2460	60000
2470	60000
2480	60000
2490	60000
2500	60000
2510	60000
2520	60000
2530	60000
2540	60000
2550	60000
2560	60000
2570	60000
2580	60000
2590	60000
2600	60000
2610	60000
2620	60000
2630	60000
2640	60000
2650	60000
2660	60000
2670	60000
2680	60000
2690	60000
2700	60000
2710	60000
2720	60000
2730	60000
2740	60000
2750	60000
2760	60000
2770	60000
2780	60000
2790	60000
2800	60000
2810	60000
2820	60000
2830	60000
2840	60000
2850	60000
2860	60000
2870	60000
2880	60000
2890	60000
2900	60000
2910	60000
2920	60000
2930	60000
2940	60000
2950	60000
2960	60000
2970	60000
2980	60000
2990	60000
3000	60000
3010	60000
3020	60000
3030	60000
3040	60000
3050	60000
3060	60000
3070	60000
3080	60000
3090	60000
3100	60000
3110	60000
3120	60000
3130	60000
3140	60000
3150	60000
3160	60000
3170	60000
3180	60000
3190	60000
3200	60000
3210	60000
3220	60000
3230	60000
3240	60000
3250	60000
3260	60000
3270	60000
3280	60000
3290	60000
3300	60000
3310	60000
3320	60000
3330	60000
3340	60000
3350	60000
3360	60000
3370	60000
3380	60000
3390	60000
3400	60000
3410	60000
3420	60000
3430	60000
3440	60000
3450	60000
3460	60000
3470	60000
3480	60000
3490	60000
3500	60000
3510	60000
3520	60000
3530	60000
3540	60000
3550	60000
3560	60000
3570	60000
3580	60000
3590	60000
3600	60000
3610	60000
3620	60000
3630	60000
3640	60000
3650	60000
3660	60000
3670	60000
3680	60000
3690	60000
3700	60000
3710	60000
3720	60000
3730	60000
3740	60000
3750	60000
3760	60000
3770	60000
3780	60000
3790	60000
3800	60000
3810	60000
3820	60000
3830	60000
3840	60000
3850	60000
3860	60000
3870	60000
3880	60000
3890	60000
3900	60000
3910	60000
3920	60000
3930	60000
3940	60000
3950	60000
3960	60000
3970	60000
3980	60000
3990	60000
4000	60000
4010	60000
4020	60000
4030	60000
4040	60000
4050	60000
4060	60000
4070	60000
4080	60000
4090	60000
4100	60000
4110	60000
4120	60000
4130	60000
4140	60000
4150	60000
4160	60000
4170	60000
4180	60000
4190	60000
4200	60000
4210	60000
4220	60000
4230	60000
4240	60000
4250	60000
4260	60000
4270	60000
4280	60000
4290	60000
4300	60000
4310	60000
4320	60000
4330	60000
4340	60000
4350	60000
4360	60000
4370	60000
4380	60000
4390	60000
4400	60000
4410	60000
4420	60000
4430	60000
4440	60000
4450	60000
4460	60000
4470	60000
4480	60000
4490	60000
4500	60000
4510	60000
4520	60000
4530	60000
4540	60000
4550	60000
4560	60000
4570	60000
4580	60000
4590	60000
4600	60000
4610	60000
4620	60000
4630	60000
4640	60000
4650	60000
4660	60000
4670	60000
4680	60000
4690	60000
4700	60000
4710	60000
4720	60000
4730	60000
4740	60000
4750	60000
4760	60000
4770	60000
4780	60000
4790	60000
4800	60000
4810	60000
4820	60000
4830	60000
4840	60000
4850	60000
4860	60000
4870	60000
4880	60000
4890	60000
4900	60000
4910	60000
4920	60000
4930	60000
4940	60000
4950	60000
4960	60000
4970	60000
4980	60000
4990	60000
5000	60000
5010	60000
5020	60000
5030	60000
5040	60000
5050	60000
5060	60000
5070	60000
5080	60000
5090	60000
5100	60000
5110	60000
5120	60000
5130	60000
5140	60000
5150	60000
5160	60000
5170	60000
5180	60000
5190	60000
5200	60000
5210	60000
5220	60000
5230	60000
5240	60000
5250	60000
5260	60000
5270	60000
5280	60000
5290	60000
5300	60000
5310	60000
5320	60000
5330	60000
5340	60000
5350	60000
5360	60000
5370	60000
5380	60000
5390	60000
5400	60000
5410	60000
5420	60000
5430	60000
5440	60000
5450	60000
5460	60000
5470	60000
5480	60000
5490	60000
5500	60000
5510	60000
5520	60000
5530	60000
5540	60000
5550	60000
5560	60000
5570	60000
5580	60000
5590	60000
5600	60000
5610	60000
5620	60000
5630	60000
5640	60000
5650	60000
5660	60000
5670	60000
5680	60000
5690	60000
5700	60000
5710	60000
5720	60000
5730	60000
5740	60000
5750	60000
5760	60000
5770	60000
5780	60000
5790	60000
5800	60000
5810	60000
5820	60000
5830	60000
5840	60000
5850	60000
5860	60000
5870	60000
5880	60000
5890	60000
5900	60000
5910	60000
5920	60000
5930	60000
5940	60000
5950	60000
5960	60000
5970	60000
5980	60000
5990	60000
6000	60000
6010	60000
6020	60000
6030	60000
6040	60000
6050	60000
6060	60000
6070	60000
6080	60000
6090	60000
6100	60000
6110	60000
6120	60000
6130	60000
6140	60000
6150	60000
6160	60000
6170	60000
6180	60000
6190	60000
6200	60000
6210	60000
6220	60000
6230	60000
6240	60000
6250	60000
6260	60000
6270	60000
6280	60000
6290	60000
6300	60000
6310	60000
6320	60000
6330	60000
6340	60000
6350	60000
6360	60000
6370	60000
6380	60000
6390	60000
6400	60000
6410	60000
6420	60000
6430	60000
6440	60000
6450	60000
6460	60000
6470	60000
6480	60000
6490	60000
6500	60000
6510	60000
6520	60000
6530	60000
6540	60000
6550	60000
6560	60000
6570	60000
6580	60000
6590	60000
6600	60000
6610	60000
6620	60000
6630	60000
6640	60000
6650	60000
6660	60000
6670	60000
6680	60000
6690	60000
6700	60000
6710	60000
6720	60000
6730	60000
6740	60000
6750	60000
6760	60000
6770	60000
6780	60000
6790	60000
6800	60000
6810	60000
6820	60000
6830	60000
6840	60000
6850	60000
6860	60000
6870	60000
6880	60000
6890	60000
6900	60000
6910	60000
6920	60000
6930	60000
6940	60000
6950	60000
6960	60000
6970	60000
6980	60000
6990	60000
7000	60000
7010	60000
7020	60000
7030	60000
7040	60000
7050	60000
7060	60000
7070	60000
7080	60000
7090	60000
7100	60000
7110	60000
7120	60000
7130	60000
7140	60000
7150	60000
7160	60000
7170	60000
7180	60000
7190	60000
7200	60000
7210	60000
7220	60000
7230	60000
7240	60000
7250	60000
7260	60000
7270	60000
7280	60000
7290	60000
7300	60000
7310	60000
7320	60000
7330	60000
7340	60000
7350	60000
7360	60000
7370	60000
7380	60000
7390	60000
7400	60000
7410	60000
7420	60000
7430	60000
7440	60000
7450	60000
7460	60000
7470	60000
7480	60000
7490	60000
7500	60000
7510	60000
7520	60000
7530	60000
7540	60000
7550	60000
7560	60000
7570	60000
7580	60000
7590	60000
7600	60000
7610	60000
7620	60000
7630	60000
7640	60000
7650	60000
7660	60000
7670	60000
7680	60000
7690	60000
7700	60000
7710	60000
7720	60000
7730	60000
7740	60000
7750	60000
7760	60000
7770	60000
7780	60000
7790	60000
7800	60000
7810	60000
7820	60000
7830	60000
7840	60000
7850	60000
7860	60000
7870	60000
7880	60000
7890	60000
7900	60000
7910	60000
7920	60000
7930	60000
7940	60000
7950	60000
7960	60000
7970	60000
7980	60000
7990	60000
8000	60000
8010	60000
8020	60000
8030	60000
8040	60000
8050	60000
8060	60000
8070	60000
8080	60000
8090	60000
8100	60000
8110	60000
8120	60000
8130	60000
8140	60000
8150	60000
8160	60000
8170	60000
8180	60000
8190	60000
8200	60000
8210	60000
8220	60000
8230	60000
8240	60000
8250	60000
8260	60000
8270	60000
8280	60000
8290	60000
8300	60000
8310	60000
8320	60000
8330	60000
8340	60000
8350	60000
8360	60000
8370	60000
8380	60000
8390	60000
8400	60000
8410	60000
8420	60000
8430	60000
8440	60000
8450	60000
8460	60000
8470	60000
8480	60000
8490	60000
8500	60000
8510	60000
8520	60000
8530	60000
8540	60000
8550	60000
8560	60000
8570	60000
8580	60000
8590	60000
8600	60000
8610	60000
8620	60000
8630	60000
8640	60000
8650	60000
8660	60000
8670	60000
8680	60000
8690	60000
8700	60000
8710	60000
8720	60000
8730	60000
8740	60000
8750	60000
8760	60000
8770	60000
8780	60000
8790	60000
8800	60000
8810	60000
8820	60000
8830	60000
8840	60000
8850	60000
8860	60000
8870	60000
8880	60000
8890	60000
8900	60000
8910	60000
8920	60000
8930	60000
8940	60000
8950	60000
8960	60000
8970	60000
8980	60000
8990	60000
9000	60000
9010	60000
9020	60000
9030	60000
9040	60000
9050	60000
9060	60000
9070	60000
9080	60000
9090	60000
9100	60000
9110	60000
9120	60000
9130	60000
9140	60000
9150	60000
9160	60000
9170	60000
9180	60000
9190	60000
9200	60000
9210	60000
9220	60000
9230	60000
9240	60000
9250	60000
9260	60000
9270	60000
9280	60000
9290	60000
9300	60000
9310	60000
9320	60000
9330	60000
9340	60000
9350	60000
9360	60000
9370	60000
9380	60000
9390	60000
9400	60000
9410	60000
9420	60000
9430	60000
9440	60000
9450	60000
9460	60000
9470	60000
9480	60000
9490	60000
9500	60000
9510	60000
9520	60000
9530	60000
9540	60000
9550	60000
9560	60000
9570	60000
9580	60000
9590	60000
9600	60000
9610	60000
9620	60000
9630	60000
9640	60000
9650	60000
9660	60000
9670	60000
9680	60000
9690	60000
9700	60000
9710	60000
9720	60000
9730	60000
9740	60000
9750	60000
9760	60000
9770	60000
9780	60000
9790	60000
9800	60000
9810	60000
9820	60000
9830	60000
9840	60000
9850	60000
9860	60000
9870	60000
9880	60000
9890	60000
9900	60000
9910	60000
9920	60000
9930	60000
9940	60000
9950	60000
9960	60000
9970	60000
9980	60000
9990	60000
10000	60000
10010	60000
10020	60000
10030	60000
10040	60000
10050	60000
10060	60000
10070	60000
10080	60000
10090	60000
10100	60000
10110	60000
10120	60000
10130	60000
10140	60000
10150	60000
10160	60000
10170	60000
10180	60000
10190	60000
10200	60000
10210	60000
10220	60000
10230	60000
10240	60000
10250	60000
10260	60000
10270	60000
10280	60000
10290	60000
10300	60000
10310	60000
10320	60000
10330	60000
10340	60000
10350	60000
10360	60000
10370	60000
10380	60000
10390	60000
10400	60000
10410	60000
10420	60000
10430	60000
10440	60000
10450	60000
10460	60000
10470	60000
10480	60000
10490	60000
10500	60000
10510	60000
10520	60000
10530	60000
10540	60000
10550	60000
10560	60000
10570	60000
10580	60000
10590	60000
10600	60000
10610	60000
10620	60000
10630	60000
10640	60000
10650	60000
10660	60000
10670	60000
10680	60000
10690	60000
10700	60000
10710	60000
10720	60000
10730	60000
10740	60000
10750	60000
10760	60000
10770	60000
10780	60000
10790	60000
10800	60000
10810	60000
10820	60000
10830	60000
10840	60000
10850	60000
10860	60000
10870	60000
10880	60000
10890	60000
10900	60000
10910	60000
10920	60000
10930	60000
10940	60000
10950	60000
10960	60000
10970	60000
10980	60000
10990	60000
11000	60000
11010	60000
11020	60000
11030	60000
11040	60000
11050	60000
11060	60000
11070	60000
11080	60000
11090	60000
11100	60000
11110	60000
11120	60000
11130	60000
11140	60000
11150	60000
11160	60000
11170	60000
11180	60000
11190	60000
11200	60000
11210	60000
11220	60000
11230	60000
11240	60000
11250	60000
11260	60000
11270	60000
11280	60000
11290	60000
11300	60000
11310	60000
11320	60000
11330	60000
11340	60000
11350	60000
11360	60000
11370	60000
11380	60000
11390	60000
11400	60000
11410	60000
11420	60000
11430	60000
11440	60000
11450	60000
11460	60000
11470	60000
11480	60000
11490	60000
11500	60000
11510	60000
11520	60000
11530	60000
11540	60000
11550	60000
11560	60000
11570	60000
11580	60000
11590	60000
11600	60000
11610	60000
11620	60000
11630	60000
11640	60000
11650	60000
11660	60000
11670	60000
11680	60000
11690	60000
11700	60000
11710	60000
11720	60000
11730	60000
11740	60000
11750	60000
11760	60000
11770	60000
11780	60000
11790	60000
11800	60000
11810	60000
11820	60000
11830	60000
11840	60000
11850	60000
11860	60000
11870	60000
11880	60000
11890	60000
11900	60000
11910	60000
11920	60000
11930	60000
11940	60000
11950	60000
11960	60000
11970	60000
11980	60000
11990	60000
12000	60000
12010	60000
12020	60000
12030	60000
12040	60000
12050	60000
12060	60000
12070	60000
12080	60000
12090	60000
12100	60000
12110	60000
12120	60000
12130	60000
12140	60000
12150	60000
12160	60000
12170	60000
12180	60000
12190	60000
12200	60000
12210	60000
12220	60000
12230	60000
12240	60000
12250	60000
12260	60000
12270	60000
12280	60000
12290	60000
12300	60000
12310	60000
12320	60000
12330	60000
12340	60000
12350	60000
12360	60000
12370	60000
12380	60000
12390	60000
12400	60000
12410	60000
12420	60000
12430	60000
12440	60000
12450	60000
12460	60000
12470	60000
12480	60000
12490	60000
12500	60000
12510	60000
12520	60000
12530	60000
12540	60000
12550	60000
12560	60000
12570	60000
12580	60000
12590	60000
12600	60000
12610	60000
12620	60000
12630	60000
12640	60000
12650	60000
12660	60000
12670	60000
12680	60000
12690	60000
12700	60000
12710	60000
12720	60000
12730	60000
12740	60000
12750	60000
12760	60000
12770	60000
12780	60000
12790	60000
12800	60000
12810	60000
12820	60000
12830	60000
12840	60000
12850	60000
12860	60000
12870	60000
12880	60000
12890	60000
12900	60000
12910	60000
12920	60000
12930	60000
12940	60000
12950	60000
12960	60000
12970	60000
12980	60000
12990	60000
13000	60000
13010	60000
13020	60000
13030	60000
13040	60000
13050	60000
13060	60000
13070	60000
13080	60000
13090	60000
13100	60000
13110	60000
13120	60000
13130	60000
13140	60000
13150	60000
13160	60000
13170	60000
13180	60000
13190	60000
13200	60000
13210	60000
13220	60000
13230	60000
13240	60000
13250	60000
13260	60000
13270	60000
13280	60000
13290	60000
13300	60000
13310	60000
13320	60000
13330	60000
13340	60000
13350	60000
13360	60000
13370	60000
13380	60000
13390	60000
13400	60000
13410	60000
13420	60000
13430	60000
13440	60000
13450	60000
13460	60000
13470	60000
13480	60000
13490	60000
13500	60000
13510	60000
13520	60000
13530	60000
13540	60000
13550	60000
13560	60000
13570	60000
13580	60000
13590	60000
13600	60000
13610	60000
13620	60000
13630	60000
13640	60000
13650	60000
13660	60000
13670	60000
13680	60000
13690	60000
13700	60000
13710	60000
13720	60000
13730	60000
13740	60000
13750	60000
13760	60000
13770	60000
13780	60000
13790	60000
13800	60000
13810	60000
13820	60000
13830	60000
13840	60000
13850	60000
13860	60000
13870	60000
13880	60000
13890	60000
13900	60000
13910	60000
13920	60000
13930	60000
13940	60000
13950	60000
13960	60000
13970	60000
13980	60000
13990	60000
14000	60000
14010	60000
14020	60000
14030	60000
14040	60000
14050	60000
14060	60000
14070	60000
14080	60000
14090	60000
14100	60000
14110	60000
14120	60000
14130	60000
14140	60000
14150	60000
14160	60000
14170	60000
14180	60000
14190	60000
14200	60000
14210	60000
14220	60000
14230	60000
14240	60000
14250	60000
14260	60000
14270	60000
14280	60000
14290	60000
14300	60000
14310	60000
14320	60000
14330	60000
14340	60000
14350	60000
14360	60000
14370	60000
14380	60000
14390	60000
14400	60000
14410	60000
14420	60000
14430	60000
14440	60000
14450	60000
14460	60000
14470	60000
14480	60000
14490	60000
14500	60000
14510	60000
14520	60000
14530	60000
14540	60000
14550	60000
14560	60000
14570	60000
14580	60000
14590	60000
14600	60000
14610	60000
14620	60000
14630	60000
14640	60000
14650	60000
14660	60000
14670	60000
14680	60000
14690	60000
14700	60000
14710	60000
14720	60000
14730	60000
14740	60000
14750	60000
14760	60000
14770	60000
14780	60000
14790	60000
14800	60000
14810	60000
14820	60000
14830	60000
14840	60000
14850	60000
14860	60000
14870	60000
14880	60000
14890	60000
14900	60000
14910	60000
14920	60000
14930	60000
14940	60000
14950	60000
14960	60000
14970	60000
14980	60000
14990	60000
15000	60000
15010	60000
15020	60000
15030	60000
15040	60000
15050	60000
15060	60000
15070	60000
15080	60000
15090	60000
15100	60000
15110	60000
15120	60000
15130	60000
15140	60000
15150	60000
15160	60000
15170	60000
15180	60000
15190	60000
15200	60000
15210	60000
15220	60000
15230	60000
15240	60000
15250	60000
15260	60000
15270	60000
15280	60000
15290	60000
15300	60000
15310	60000
15320	60000
15330	60000
15340	60000
15350	60000
15360	60000
15370	60000
15380	60000
15390	60000
15400	60000
15410	60000
15420	60000
15430	60000
15440	60000
15450	60000
15460	60000
15470	60000
15480	60000
15490	60000
15500	60000
15510	60000
15520	60000
15530	60000
15540	60000
15550	60000
15560	60000
15570	60000
15580	60000
15590	60000
15600	60000
15610	60000
15620	60000
15630	60000
15640	60000
15650	60000
15660	60000
15670	60000
15680	60000
15690	60000
15700	60000
15710	60000
15720	60000
15730	60000
15740	60000
15750	60000
15760	60000
15770	60000
15780	60000
15790	60000
15800	60000
15810	60000
15820	60000
15830	60000
15840	60000
15850	60000
15860	60000
15870	60000
15880	60000
15890	60000
15900	60000
15910	60000
15920	60000
15930	60000
15940	60000
15950	60000
15960	60000
15970	60000
15980	60000
15990	60000
16000	60000
16010	60000
16020	60000
16030	60000
16040	60000
16050	60000
16060	60000
16070	60000
16080	60000
16090	60000
16100	60000
16110	60000
16120	60000
16130	60000
16140	60000
16150	60000
16160	60000
16170	60000
16180	60000
16190	60000
16200	60000
16210	60000
16220	60000
16230	60000
16240	60000
16250	60000
16260	60000
16270	60000
16280	60000
16290	60000
16300	60000
16310	60000
16320	60000
16330	60000
16340	60000
16350	60000
16360	60000
16370	60000
16380	60000
16390	60000
16400	60000
16410	60000
16420	60000
16430	60000
16440	60000
16450	60000
16460	60000
16470	60000
16480	60000
16490	60000
16500	60000
16510	60000
16520	60000
16530	60000
16540	60000
16550	60000
16560	60000
16570	60000
16580	60000
16590	60000
16600	60000
16610	60000
16620	60000
16630	60000
16640	60000
16650	60000
16660	60000
16670	60000
16680	60000
16690	60000
16700	60000
16710	60000
16720	60000
16730	60000
16740	60000
16750	60000
16760	60000
16770	60000
16780	60000
16790	60000
16800	60000
16810	60000
16820	60000
16830	60000
16840	60000
16850	60000
16860	60000
16870	60000
16880	60000
16890	60000
16900	60000
16910	60000
16920	60000
16930	60000
16940	60000
16950	60000
16960	60000
16970	60000
16980	60000
16990	60000
17000	60000
17010	60000
17020	60000
17030	60000
17040	60000
17050	60000
17060	60000
17070	60000
17080	60000
17090	60000
17100	60000
17110	60000
17120	60000
17130	60000
17140	60000
17150	60000
17160	60000
17170	60000
17180	60000
17190	60000
17200	60000
17210	60000
17220	60000
17230	60000
17240	60000
17250	60000
17260	60000
17270	60000
17280	60000
17290	60000
17300	60000
17310	60000
17320	60000
17330	60000
17340	60000
17350	60000
17360	60000
17370	60000
17380	60000
17390	60000
17400	60000
17410	60000
17420	60000
17430	60000
17440	60000
17450	60000
17460	60000
17470	60000
17480	60000
17490	60000
17500	60000
17510	60000
17520	60000
17530	60000
17540	60000
17550	60000
17560	60000
17570	60000
17580	60000
17590	60000
17600	60000
17610	60000
17620	60000
17630	60000
17640	60000
17650	60000
17660	60000
17670	60000
17680	60000
17690	60000
17700	60000
17710	60000
17720	60000
17730	60000
17740	60000
17750	60000
17760	60000
17770	60000
17780	60000
17790	60000
17800	60000
17810	60000
17820	60000
17830	60000
17840	60000
17850	60000
17860	60000
17870	60000
17880	60000
17890	60000
17900	60000
17910	60000
17920	60000
17930	60000
17940	60000
17950	60000
17960	60000
17970	60000
17980	60000
17990	60000
18000	60000
18010	60000
18020	60000
18030	60000
18040	60000
18050	60000
18060	60000
18070	60000
18080	60000
18090	60000
18100	60000
18110	60000
18120	60000
18130	60000
18140	60000
18150	60000
18160	60000
18170	60000
18180	60000
18190	60000
18200	60000
18210	60000
18220	60000
18230	60000
18240	60000
18250	60000
18260	60000
18270	60000
18280	60000
18290	60000
18300	60000
18310	60000
18320	60000
18330	60000
18340	60000
18350	60000
18360	60000
18370	60000
18380	60000
18390	60000
18400	60000
18410	60000
18420	60000
18430	60000
18440	60000
18450	60000
18460	60000
18470	60000
18480	60000
18490	60000
18500	60000
18510	60000
18520	60000
18530	60000
18540	60000
18550	60000
18560	60000
18570	60000
18580	60000
18590	60000
18600	60000
18610	60000
18620	60000
18630	60000
18640	60000
18650	60000
18660	60000
18670	60000
18680	60000
18690	60000
18700	60000
18710	60000
18720	60000
18730	60000
18740	60000
18750	60000
18760	60000
18770	60000
18780	60000
18790	60000
18800	60000
18810	60000
18820	60000
18830	60000
18840	60000
18850	60000
18860	60000
18870	60000
18880	60000
18890	60000
18900	60000
18910	60000
18920	60000
18930	60000
18940	60000
18950	60000
18960	60000
18970	60000
18980	60000
18990	60000
19000	60000
19010	60000
19020	60000
19030	60000
19040	60000
19050	60000
19060	60000
19070	60000
19080	60000
19090	60000
19100	60000
19110	60000
19120	60000
19130	60000
19140	60000
19150	60000
19160	60000
19170	60000
19180	60000
19190	60000
19200	60000
19210	60000
19220	60000
19230	60000
19240	60000
19250	60000
19260	60000
19270	60000
19280	60000
19290	60000
19300	60000
19310	60000
19320	60000
19330	60000
19340	60000
19350	60000
19360	60000
19370	60000
19380	60000
19390	60000
19400	60000
19410	60000
19420	60000
19430	60000
19440	60000
19450	60000
19460	60000
19470	60000
19480	60000
19490	60000
19500	60000
19510	60000
19520	60000
19530	60000
19540	60000
19550	60000
19560	60000
19570	60000
19580	60000
19590	60000
19600	60000
19610	60000
19620	60000
19630	60000
19640	60000
19650	60000
19660	60000
19670	60000
19680	60000
19690	60000
19700	60000
19710	60000
19720	60000
19730	60000
19740	60000
19750	60000
19760	60000
19770	60000
19780	60000
19790	60000
19800	60000
19810	60000
19820	60000
19830	60000
19840	60000
19850	60000
19860	60000
19870	60000
19880	60000
19890	60000
19900	60000
19910	60000
19920	60000
19930	60000
19940	60000
19950	60000
19960	60000
19970	60000
19980	60000
19990	60000
20000	60000
20010	60000
20020	60000
20030	60000
20040	60000
20050	60000
20060	60000
20070	60000
20080	60000
20090	60000
20100	60000
20110	60000
20120	60000
20130	60000
20140	60000
20150	60000
20160	60000
20170	60000
20180	60000
20190	60000
20200	60000
20210	60000
20220	60000
20230	60000
20240	60000
20250	60000
20260	60000
20270	60000
20280	60000
20290	60000
20300	60000
20310	60000
20320	60000
20330	60000
20340	60000
20350	60000
20360	60000
20370	60000
20380	60000
20390	60000
20400	60000
20410	60000
20420	60000
20430	60000
20440	60000
20450	60000
20460	60000
20470	60000
20480	60000
20490	60000
20500	60000
20510	60000
20520	60000
20530	60000
20540	60000
20550	60000
20560	60000
20570	60000
20580	60000
20590	60000
20600	60000
20610	60000
20620	60000
20630	60000
20640	60000
20650	60000
20660	60000
20670	60000
20680	60000
20690	60000
20700	60000
20710	60000
20720	60000
20730	60000
20740	60000
20750	60000
20760	60000
20770	60000
20780	60000
20790	60000
20800	60000
20810	60000
20820	60000
20830	60000
20840	60000
20850	60000
20860	60000
20870	60000
20880	60000
20890	60000
20900	60000
20910	60000
20920	60000
20930	60000
20940	60000
20950	60000
20960	60000
20970	60000
20980	60000
20990	60000
21000	60000
21010	60000
21020	60000
21030	60000
21040	60000
21050	60000
21060	60000
21070	60000
21080	60000
21090	60000
21100	60000
21110	60000
21120	60000
21130	60000
21140	60000
21150	60000
21160	60000
21170	60000
21180	60000
21190	60000
21200	60000
21210	60000
21220	60000
21230	60000
21240	60000
21250	60000
21260	60000
21270	60000
21280	60000
21290	60000
21300	60000
21310	60000
21320	60000
21330	60000
21340	60000
21350	60000
21360	60000
21370	60000
21380	60000
21390	60000
21400	60000
21410	60000
21420	60000
21430	60000
21440	60000
21450	60000
21460	60000
21470	60000
21480	60000
21490	60000
21500	60000
21510	60000
21520	60000
21530	60000
21540	60000
21550	60000
21560	60000
21570	60000
21580	60000
21590	60000
21600	60000
21610	60000
21620	60000
21630	60000
21640	60000
21650	60000
21660	60000
21670	60000
21680	60000
21690	60000
21700	60000
21710	60000
21720	60000
21730	60000
21740	60000
21750	60000
21760	60000
21770	60000
21780	60000
21790	60000
21800	60000
21810	60000
21820	60000
21830	60000
21840	60000
21850	60000
21860	60000
21870	60000
21880	60000
21890	60000
21900	60000
21910	60000
21920	60000
21930	60000
21940	60000
21950	60000
21960	60000
21970	60000
21980	60000
21990	60000
22000	60000
22010	60000
22020	60000
22030	60000
22040	60000
22050	60000
22060	60000
22070	60000
22080	60000
22090	60000
22100	60000
22110	60000
22120	60000
22130	60000
22140	60000
22150	60000
22160	60000
22170	60000
22180	60000
22190	60000
22200	60000
22210	60000
22220	60000
22230	60000
22240	60000
22250	60000
22260	60000
22270	60000
22280	60000
22290	60000
22300	60000
22310	60000
22320	60000
22330	60000
22340	60000
22350	60000
22360	60000
22370	60000
22380	60000
22390	60000
22400	60000
22410	60000
22420	60000
22430	60000
22440	60000
22450	60000
22460	60000
22470	60000
22480	60000
22490	60000
22500	60000
22510	60000
22520	60000
22530	60000
22540	60000
22550	60000
22560	60000
22570	60000
22580	60000
22590	60000
22600	60000
22610	60000
22620	60000
22630	60000
22640	60000
22650	60000
22660	60000
22670	60000
22680	60000
22690	60000
22700	60000
22710	60000
22720	60000
22730	60000
22740	60000
22750	60000
22760	60000
22770	60000
22780	60000
22790	60000
22800	60000
22810	60000
22820	60000
22830	60000
22840	60000
22850	60000
22860	60000
22870	60000
22880	60000
22890	60000
22900	60000
22910	60000
22920	60000
22930	60000
22940	60000
22950	60000
22960	60000
22970	60000
22980	60000
22990	60000
23000	60000
23010	60000
23020	60000
23030	60000
23040	60000
23050	60000
23060	60000
23070	60000
23080	60000
23090	60000
23100	60000
23110	60000
23120	60000
23130	60000
23140	60000
23150	60000
23160	60000
23170	60000
23180	60000
23190	60000
23200	60000
23210	60000
23220	60000
23230	60000
23240	60000
23250	60000
23260	60000
23270	60000
23280	60000
23290	60000
23300	60000
23310	60000
23320	60000
23330	60000
23340	60000
23350	60000
23360	60000
23370	60000
23380	60000
23390	60000
23400	60000
23410	60000
23420	60000
23430	60000
23440	60000
23450	60000
23460	60000
23470	60000
23480	60000
23490	60000
23500	60000
23510	60000
23520	60000
23530	60000
23540	60000
23550	60000
23560	60000
23570	60000
23580	60000
23590	60000
23600	60000
23610	60000
23620	60000
23630	60000
23640	60000
23650	60000
23660	60000
23670	60000
23680	60000
23690	60000
23700	60000
23710	60000
23720	60000
23730	60000
23740	60000
23750	60000
23760	60000
23770	60000
23780	60000
23790	60000
23800	60000
23810	60000
23820	60000
23830	60000
23840	60000
23850	60000
23860	60000
23870	60000
23880	60000
23890	60000
23900	60000
23910	60000
23920	60000
23930	60000
23940	60000
23950	60000
23960	60000
23970	60000
23980	60000
23990	60000
24000	60000
24010	60000
24020	60000
24030	60000
24040	60000
24050	60000
24060	60000
24070	60000
24080	60000
24090	60000
24100	60000
24110	60000
24120	60000
24130	60000
24140	60000
24150	60000
24160	60000
24170	60000
24180	60000
24190	60000
24200	60000
24210	60000
24220	60000
24230	60000
24240	60000
24250	60000
24260	60000
24270	60000
24280	60000
24290	60000
24300	60000
24310	60000
24320	60000
24330	60000
24340	60000
24350	60000
24360	60000
24370	60000
24380	60000
24390	60000
24400	60000
24410	60000
24420	60000
24430	60000
24440	60000
24450	60000
24460	60000
24470	60000
24480	60000
24490	60000
24500	60000
24510	60000
24520	60000
24530	60000
24540	60000
24550	60000
24560	60000
24570	60000
24580	60000
24590	60000
24600	60000
24610	60000
24620	60000
24630	60000
24640	60000
24650	60000
24660	60000
24670	60000
24680	60000
24690	60000
24700	60000
24710	60000
24720	60000
24730	60000
24740	60000
24750	60000
24760	60000
24770	60000
24780	60000
24790	60000
24800	60000
24810	60000
24820	60000
24830	60000
24840	60000
24850	60000
24860	60000
24870	60000
24880	60000
24890	60000
24900	60000
24910	60000
24920	60000
24930	60000
24940	60000
24950	60000
24960	60000
24970	60000
24980	60000
24990	60000
25000	60000
25010	60000
25020	60000
25030	60000
25040	60000
25050	60000
25060	60000
25070	60000
25080	60000
25090	60000
25100	60000
25110	60000
25120	60000
25130	60000
25140	60000
25150	60000
25160	60000
25170	60000
25180	60000
25190	60000
25200	60000
25210	60000
25220	60000
25230	60000
25240	60000
25250	60000
25260	60000
25270	60000
25280	60000
25290	60000
25300	60000
25310	60000
25320	60000
25330	60000
25340	60000
25350	60000
25360	60000
25370	60000
25380	60000
25390	60000
25400	60000
25410	60000
25420	60000
25430	60000
25440	60000
25450	60000
25460	60000
25470	60000
25480	60000
25490	60000
25500	60000
25510	60000
25520	60000
25530	60000
25540	60000
25550	60000
25560	60000
25570	60000
25580	60000
25590	60000
25600	60000
25610	60000
25620	60000
25630	60000
25640	60000
25650	60000
25660	60000
25670	60000
25680	60000
25690	60000
25700	60000
25710	60000
25720	60000
25730	60000
25740	60000
25750	60000
25760	60000
25770	60000
25780	60000
25790	60000
25800	60000
25810	60000
25820	60000
25830	60000
25840	60000
25850	60000
25860	60000
25870	60000
25880	60000
25890	60000
25900	60000
25910	60000
25920	60000
25930	60000
25940	60000
25950	60000
25960	60000
25970	60000
25980	60000
25990	60000
26000	60000
26010	60000
26020	60000
26030	60000
26040	60000
26050	60000
26060	60000
26070	60000
26080	60000
26090	60000
26100	60000
26110	60000
26120	60000
26130	60000
26140	60000
26150	60000
26160	60000
26170	60000
26180	60000
26190	60000
26200	60000
26210	60000
26220	60000
26230	60000
26240	60000
26250	60000
26260	60000
26270	60000
26280	60000
26290	60000
26300	60000
26310	60000
26320	60000
26330	60000
26340	60000
26350	60000
26360	60000
26370	60000
26380	60000
26390	60000
26400	60000
26410	60000
26420	60000
26430	60000
26440	60000
26450	60000
26460	60000
26470	60000
26480	60000
26490	60000
26500	60000
26510	60000
26520	60000
26530	60000
26540	60000
26550	60000
26560	60000
26570	60000
26580	60000
26590	60000
26600	60000
26610	60000
26620	60000
26630	60000
26640	60000
26650	60000
26660	60000
26670	60000
26680	60000
26690	60000
26700	60000
26710	60000
26720	60000
26730	60000
26740	60000
26750	60000
26760	60000
26770	60000
26780	60000
26790	60000
26800	60000
26810	60000
26820	60000
26830	60000
26840	60000
26850	60000
26860	60000
26870	60000
26880	60000
26890	60000
26900	60000
26910	60000
26920	60000
26930	60000
26940	60000
26950	60000
26960	60000
26970	60000
26980	60000
26990	60000
27000	60000
27010	60000
27020	60000
27030	60000
27040	60000
27050	60000
27060	60000
27070	60000
27080	60000
27090	60000
27100	60000
27110	60000
27120	60000
27130	60000
27140	60000
27150	60000
27160	60000
27170	60000
27180	60000
27190	60000
27200	60000
27210	60000
27220	60000
27230	60000
27240	60000
27250	60000
27260	60000
27270	60000
27280	60000
27290	60000
27300	60000
27310	60000
27320	60000
27330	60000
27340	60000
27350	60000
27360	60000
27370	60000
27380	60000
27390	60000
27400	60000
27410	60000
27420	60000
27430	60000
27440	60000
27450	60000
27460	60000
27470	60000
27480	60000
27490	60000
27500	60000
27510	60000
27520	60000
27530	60000
27540	60000
27550	60000
27560	60000
27570	60000
27580	60000
27590	60000
27600	60000
27610	60000
27620	60000
27630	60000
27640	60000
27650	60000
27660	60000
27670	60000
27680	60000
27690	60000
27700	60000
27710	60000
27720	60000
27730	60000
27740	60000
27750	60000
27760	60000
27770	60000
27780	60000
27790	60000
27800	60000
27810	60000
27820	60000
27830	60000
27840	60000
27850	60000
27860	60000
27870	60000
27880	60000
27890	60000
27900	60000
27910	60000
27920	60000
27930	60000
27940	60000
27950	60000
27960	60000
27970	60000
27980	60000
27990	60000
28000	60000
28010	60000
28020	60000
28030	60000
28040	60000
28050	60000
28060	60000
28070	60000
28080	60000
28090	60000
28100	60000
28110	60000
28120	60000
28130	60000
28140	60000
28150	60000
28160	60000
28170	60000
28180	60000
28190	60000
28200	60000
28210	60000
28220	60000
28230	60000
28240	60000
28250	60000
28260	60000
28270	60000
28280	60000
28290	60000
28300	60000
28310	60000
28320	60000
28330	60000
28340	60000
28350	60000
28360	60000
28370	60000
28380	60000
28390	60000
28400	60000
28410	60000
28420	60000
28430	60000
28440	60000
28450	60000
28460	60000
28470	60000
28480	60000
28490	60000
28500	60000
28510	60000
28520	60000
28530	60000
28540	60000
28550	60000
28560	60000
28570	60000
28580	60000
28590	60000
28600	60000
28610	60000
28620	60000
28630	60000
28640	60000
28650	60000
28660	60000
28670	60000
28680	60000
28690	60000
28700	60000
28710	60000
28720	60000
28730	60000
28740	60000
28750	60000
28760	60000
28770	60000
28780	60000
28790	60000
28800	60000
28810	60000
28820	60000
28830	60000
28840	60000
28850	60000
28860	60000
28870	60000
28880	60000
28890	60000
28900	60000
28910	60000
28920	60000
28930	60000
28940	60000
28950	60000
28960	60000
28970	60000
28980	60000
28990	60000
29000	60000
29010	60000
29020	60000
29030	60000
29040	60000
29050	60000
29060	60000
29070	60000
29080	60000
29090	60000
29100	60000
29110	60000
29120	60000
29130	60000
29140	60000
29150	60000
29160	60000
29170	60000
29180	60000
29190	60000
29200	60000
29210	60000
29220	60000
29230	60000
29240	60000
29250	60000
29260	60000
29270	60000
29280	60000
29290	60000
29300	60000
29310	60000
29320	60000
29330	60000
29340	60000
29350	60000
29360	60000
29370	60000
29380	60000
29390	60000
29400	60000
29410	60000
29420	60000
29430	60000
29440	60000
29450	60000
29460	60000
29470	60000
29480	60000
29490	60000
29500	60000
29510	60000
29520	60000
29530	60000
29540	60000
29550	60000
29560	60000
29570	60000
29580	60000
29590	60000
29600	60000
29610	60000
29620	60000
29630	60000
29640	60000
29650	60000
29660	60000
29670	60000
29680	60000
29690	60000
29700	60000
29710	60000
29720	60000
29730	60000
29740	60000
29750	60000
29760	60000
29770	60000
29780	60000
29790	60000
29800	60000
29810	60000
29820	60000
29830	60000
29840	60000
29850	60000
29860	60000
29870	60000
29880	60000
29890	60000
29900	60000
29910	60000
29920	60000
29930	60000
29940	60000
29950	60000
29960	60000
29970	60000
29980	60000
29990	60000
30000	60000
30010	60000
30020	60000
30030	60000
30040	60000
30050	60000
30060	60000
30070	60000
30080	60000
30090	60000
30100	60000
30110	60000
30120	60000
30130	60000
30140	60000
30150	60000
30160	60000
30170	60000
30180	60000
30190	60000
30200	60000
30210	60000
30220	60000
30230	60000
30240	60000
30250	60000
30260	60000
30270	60000
30280	60000
30290	60000
30300	60000
30310	60000
30320	60000
30330	60000
30340	60000
30350	60000
30360	60000
30370	60000
30380	60000
30390	60000
30400	60000
30410	60000
30420	60000
30430	60000
30440	60000
30450	60000
30460	60000
30470	60000
30480	60000
30490	60000
30500	60000
30510	60000
30520	60000
30530	60000
30540	60000
30550	60000
30560	60000
30570	60000
30580	60000
30590	60000
30600	60000
30610	60000
30620	60000
30630	60000
30640	60000
30650	60000
30660	60000
30670	60000
30680	60000
30690	60000
30700	60000
30710	60000
30720	60000
30730	60000
30740	60000
30750	60000
30760	60000
30770	60000
30780	60000
30790	60000
30800	60000
30810	60000
30820	60000
30830	60000
30840	60000
30850	60000
30860	60000
30870	60000
30880	60000
30890	60000
30900	60000
30910	60000
30920	60000
30930	60000
30940	60000
30950	60000
30960	60000
30970	60000
30980	60000
30990	60000
31000	60000
31010	60000
31020	60000
31030	60000
31040	60000
31050	60000
31060	60000
31070	60000
31080	60000
31090	60000
31100	60000
31110	60000
31120	60000
31130	60000
31140	60000
31150	60000
31160	60000
31170	60000
31180	60000
31190	60000
31200	60000
31210	60000
31220	60000
31230	60000
31240	60000
31250	60000
31260	60000
31270	60000
31280	60000
31290	60000
31300	60000
31310	60000
31320	60000
31330	60000
31340	60000
31350	60000
31360	60000
31370	60000
31380	60000
31390	60000
31400	60000
31410	60000
31420	60000
31430	60000
31440	60000
31450	60000
31460	60000
31470	60000
31480	60000
31490	60000
31500	60000
31510	60000
31520	60000
31530	60000
31540	60000
31550	60000
31560	60000
31570	60000
31580	60000
31590	60000
31600	60000
31610	60000
31620	60000
31630	60000
31640	60000
31650	60000
31660	60000
31670	60000
31680	60000
31690	60000
31700	60000
31710	60000
31720	60000
31730	60000
31740	60000
31750	60000
31760	60000
31770	60000
31780	60000
31790	60000
31800	60000
31810	60000
31820	60000
31830	60000
31840	60000
31850	60000
31860	60000
31870	60000
31880	60000
31890	60000
31900	60000
31910	60000
31920	60000
31930	60000
31940	60000
31950	60000
31960	60000
31970	60000
31980	60000
31990	60000
32000	60000
32010	60000
32020	60000
32030	60000
32040	60000
32050	60000
32060	60000
32070	60000
32080	60000
32090	60000
32100	60000
32110	60000
32120	60000
32130	60000
32140	60000
32150	60000
32160	60000
32170	60000
32180	60000
32190	60000
32200	60000
32210	60000
32220	60000
32230	60000
32240	60000
32250	60000
32260	60000
32270	60000
32280	60000
32290	60000
32300	60000
32310	60000
32320	60000
32330	60000
32340	60000
32350	60000
32360	60000
32370	60000
32380	60000
32390	60000
32400	60000
32410	60000
32420	60000
32430	60000
32440	60000
32450	60000
32460	60000
32470	60000
32480	60000
32490	60000
32500	60000
32510	60000
32520	60000
32530	60000
32540	60000
32550	60000
32560	60000
32570	60000
32580	60000
32590	60000
32600	60000
32610	60000
32620	60000
32630	60000
32640	60000
32650	60000
32660	60000
32670	60000
32680	60000
32690	60000
32700	60000
32710	60000
32720	60000
32730	60000
32740	60000
32750	60000
32760	60000
32770	60000
32780	60000
32790	60000
32800	60000
32810	60000
32820	60000
32830	60000
32840	60000
32850	60000
32860	60000
32870	60000
32880	60000
32890	60000
32900	60000
32910	60000
32920	60000
32930	60000
32940	60000
32950	60000
32960	60000
32970	60000
32980	60000
32990	60000
33000	60000
33010	60000
33020	60000
33030	60000
33040	60000
33050	60000
33060	60000
33070	60000
33080	60000
33090	60000
33100	60000
33110	60000
33120	60000
33130	60000
33140	60000
33150	60000
33160	60000
33170	60000
33180	60000
33190	60000
33200	60000
33210	60000
33220	60000
33230	60000
33240	60000
33250	60000
33260	60000
33270	60000
33280	60000
33290	60000
33300	60000
33310	60000
33320	60000
33330	60000
33340	60000
33350	60000
33360	60000
33370	60000
33380	60000
33390	60000
33400	60000
33410	60000
33420	60000
33430	60000
33440	60000
33450	60000
33460	60000
33470	60000
33480	60000
33490	60000
33500	60000
33510	60000
33520	60000
33530	60000
33540	60000
33550	60000
33560	60000
33570	60000
33580	60000
33590	60000
33600	60000
33610	60000
33620	60000
33630	60000
33640	60000
33650	60000
33660	60000
33670	60000
33680	60000
33690	60000
33700	60000
33710	60000
33720	60000
33730	60000
33740	60000
33750	60000
33760	60000
33770	60000
33780	60000
33790	60000
33800	60000
33810	60000
33820	60000
33830	60000
33840	60000
33850	60000
33860	60000
33870	60000
33880	60000
33890	60000
33900	60000
33910	60000
33920	60000
33930	60000
33940	60000
33950	60000
33960	60000
33970	60000
33980	60000
33990	60000
34000	60000
34010	60000
34020	60000
34030	60000
34040	60000
34050	60000
34060	60000
34070	60000
34080	60000
34090	60000
34100	60000
34110	60000
34120	60000
34130	60000
34140	60000
34150	60000
34160	60000
34170	60000
34180	60000
34190	60000
34200	60000
34210	60000
34220	60000
34230	60000
34240	60000
34250	60000
34260	60000
34270	60000
34280	60000
34290	60000
34300	60000
34310	60000
34320	60000
34330	60000
34340	60000
34350	60000
34360	60000
34370	60000
34380	60000
34390	60000
34400	60000
34410	60000
34420	60000
34430	60000
34440	60000
34450	60000
34460	60000
34470	60000
34480	60000
34490	60000
34500	60000
34510	60000
34520	60000
34530	60000
34540	60000
34550	60000
34560	60000
34570	60000
34580	60000
34590	60000
34600	60000
34610	60000
34620	60000
34630	60000
34640	60000
34650	60000
34660	60000
34670	60000
34680	60000
34690	60000
34700	60000
34710	60000
34720	60000
34730	60000
34740	60000
34750	60000
34760	60000
34770	60000
34780	60000
34790	60000
34800	60000
34810	60000
34820	60000
34830	60000
34840	60000
34850	60000
34860	60000
34870	60000
34880	60000
34890	60000
34900	60000
34910	60000
34920	60000
34930	60000
34940	60000
34950	60000
34960	60000
34970	60000
34980	60000
34990	60000
35000	60000
35010	60000
35020	60000
35030	60000
35040	60000
35050	60000
35060	60000
35070	60000
35080	60000
35090	60000
35100	60000
35110	60000
35120	60000
35130	60000
35140	60000
35150	60000
35160	60000
35170	60000
35180	60000
35190	60000
35200	60000
35210	60000
35220	60000
35230	60000
35240	60000
35250	60000
35260	60000
35270	60000
35280	60000
35290	60000
35300	60000
35310	60000
35320	60000
35330	60000
35340	60000
35350	60000
35360	60000
35370	60000
35380	60000
35390	60000
35400	60000
35410	60000
35420	60000
35430	60000
35440	60000
35450	60000
35460	60000
35470	60000
35480	60000
35490	60000
35500	60000
35510	60000
35520	60000
35530	60000
35540	60000
35550	60000
35560	60000
35570	60000
35580	60000
35590	60000
35600	60000
35610	60000
35620	60000
35630	60000
35640	60000
35650	60000
35660	60000
35670	60000
35680	60000
35690	60000
35700	60000
35710	60000
35720	60000
35730	60000
35740	60000
35750	60000
35760	60000
35770	60000
35780	60000
35790	60000
35800	60000
35810	60000
35820	60000
35830	60000
35840	60000
35850	60000
35860	60000
35870	60000
35880	60000
35890	60000
35900	60000
35910	60000
35920	60000
35930	60000
35940	60000
35950	60000
35960	60000
35970	60000
35980	60000
35990	60000
36000	60000
36010	60000
36020	60000
36030	60000
36040	60000
36050	60000
36060	60000
36070	60000
36080	60000
36090	60000
36100	60000
36110	60000
36120	60000
36130	60000
36140	60000
36150	60000
36160	60000
36170	60000
36180	60000
36190	60000
36200	60000
36210	60000
36220	60000
36230	60000
36240	60000
36250	60000
36260	60000
36270	60000
36280	60000
36290	60000
36300	60000
36310	60000
36320	60000
36330	60000
36340	60000
36350	60000
36360	60000
36370	60000
36380	60000
36390	60000
36400	60000
36410	60000
36420	60000
36430	60000
36440	60000
36450	60000
36460	60000
36470	60000
36480	60000
36490	60000
36500	60000
36510	60000
36520	60000
36530	60000
36540	60000
36550	60000
36560	60000
36570	60000
36580	60000
36590	60000
36600	60000
36610	60000
36620	60000
36630	60000
36640	60000
36650	60000
36660	60000
36670	60000
36680	60000
36690	60000
36700	60000
36710	60000
36720	60000
36730	60000
36740	60000
36750	60000
36760	60000
36770	60000
36780	60000
36790	60000
36800	60000
36810	60000
36820	60000
36830	60000
36840	60000
36850	60000
36860	60000
36870	60000
36880	60000
36890	60000
36900	60000
36910	60000
36920	60000
36930	60000
36940	60000
36950	60000
36960	60000
36970	60000
36980	60000
36990	60000
37000	60000
37010	60000
37020	60000
37030	60000
37040	60000
37050	60000
37060	60000
37070	60000
37080	60000
37090	60000
37100	60000
37110	60000
37120	60000
37130	60000
37140	60000
37150	60000
37160	60000
37170	60000
37180	60000
37190	60000
37200	60000
37210	60000
37220	60000
37230	60000
37240	60000
37250	60000
37260	60000
37270	60000
37280	60000
37290	60000
37300	60000
37310	60000
37320	60000
37330	60000
37340	60000
37350	60000
37360	60000
37370	60000
37380	60000
37390	60000
37400	60000
37410	60000
37420	60000
37430	60000
37440	60000
37450	60000
37460	60000
37470	60000
37480	60000
37490	60000
37500	60000
37510	60000
37520	60000
37530	60000
37540	60000
37550	60000
37560	60000
37570	60000
37580	60000
37590	60000
37600	60000
37610	60000
37620	60000
37630	60000
37640	60000
37650	60000
37660	60000
37670	60000
37680	60000
37690	60000
37700	60000
37710	60000
37720	60000
37730	60000
37740	60000
37750	60000
37760	60000
37770	60000
37780	60000
37790	60000
37800	60000
37810	60000
37820	60000
37830	60000
37840	60000
37850	60000
37860	60000
37870	60000
37880	60000
37890	60000
37900	60000
37910	60000
37920	60000
37930	60000
37940	60000
37950	60000
37960	60000
37970	60000
37980	60000
37990	60000
38000	60000
38010	60000
38020	60000
38030	60000
38040	60000
38050	60000
38060	60000
38070	60000
38080	60000
38090	60000
38100	60000
38110	60000
38120	60000
38130	60000
38140	60000
38150	60000
38160	60000
38170	60000
38180	60000
38190	60000
38200	60000
38210	60000
38220	60000
38230	60000
38240	60000
38250	60000
38260	60000
38270	60000
38280	60000
38290	60000
38300	60000
38310	60000
38320	60000
38330	60000
38340	60000
38350	60000
38360	60000
38370	60000
38380	60000
38390	60000
38400	60000
38410	60000
38420	60000
38430	60000
38440	60000
38450	60000
38460	60000
38470	60000
38480	60000
38490	60000
38500	60000
38510	60000
38520	60000
38530	60000
38540	60000
38550	60000
38560	60000
38570	60000
38580	60000
38590	60000
38600	60000
38610	60000
38620	60000
38630	60000
38640	60000
38650	60000
38660	60000
38670	60000
38680	60000
38690	60000
38700	60000
38710	60000
38720	60000
38730	60000
38740	60000
38750	60000
38760	60000
38770	60000
38780	60000
38790	60000
38800	60000
38810	60000
38820	60000
38830	60000
38840	60000
38850	60000
38860	60000
38870	60000
38880	60000
38890	60000
38900	60000
38910	60000
38920	60000
38930	60000
38940	60000
38950	60000
38960	60000
38970	60000
38980	60000
38990	60000
39000	60000
39010	60000
39020	60000
39030	60000
39040	60000
39050	60000
39060	60000
39070	60000
39080	60000
39090	60000
39100	60000
39110	60000
39120	60000
39130	60000
39140	60000
39150	60000
39160	60000
39170	60000
39180	60000
39190	60000
39200	60000
39210	60000
39220	60000
39230	60000
39240	60000
39250	60000
39260	60000
39270	60000
39280	60000
39290	60000
39300	60000
39310	60000
39320	60000
39330	60000
39340	60000
39350	60000
39360	60000
39370	60000
39380	60000
39390	60000
39400	60000
39410	60000
39420	60000
39430	60000
39440	60000
39450	60000
39460	60000
39470	60000
39480	60000
39490	60000
39500	60000
39510	60000
39520	60000
39530	60000
39540	60000
39550	60000
39560	60000
39570	60000
39580	60000
39590	60000
39600	60000
39610	60000
39620	60000
39630	60000
39640	60000
39650	60000
39660	60000
39670	60000
39680	60000
39690	60000
39700	60000
39710	60000
39720	60000
39730	60000
39740	60000
39750	60000
39760	60000
39770	60000
39780	60000
39790	60000
39800	60000
39810	60000
39820	60000
39830	60000
39840	60000
39850	60000
39860	60000
39870	60000
39880	60000
39890	60000
39900	60000
39910	60000
39920	60000
39930	60000
39940	60000
39950	60000
39960	60000
39970	60000
39980	60000
39990	60000
40000	60000
40010	60000
40020	60000
40030	60000
40040	60000
40050	60000
40060	60000
40070	60000
40080	60000
40090	60000
40100	60000
40110	60000
40120	60000
40130	60000
40140	60000
40150	60000
40160	60000
40170	60000
40180	60000
40190	60000
40200	60000
40210	60000
40220	60000
40230	60000
40240	60000
40250	60000
40260	60000
40270	60000
40280	60000
40290	60000
40300	60000
40310	60000
40320	60000
40330	60000
40340	60000
40350	60000
40360	60000
40370	60000
40380	60000
40390	60000
40400	60000
40410	60000
40420	60000
40430	60000
40440	60000
40450	60000
40460	60000
40470	60000
40480	60000
40490	60000
40500	60000
40510	60000
40520	60000
40530	60000
40540	60000
40550	60000
40560	60000
40570	60000
40580	60000
40590	60000
40600	60000
40610	60000
40620	60000
40630	60000
40640	60000
40650	60000
40660	60000
40670	60000
40680	60000
40690	60000
40700	60000
40710	60000
40720	60000
40730	60000
40740	60000
40750	60000
40760	60000
40770	60000
40780	60000
40790	60000
40800	60000
40810	60000
40820	60000
40830	60000
40840	60000
40850	60000
40860	60000
40870	60000
40880	60000
40890	60000
40900	60000
40910	60000
40920	60000
40930	60000
40940	60000
40950	60000
40960	60000
40970	60000
40980	60000
40990	60000
41000	60000
41010	60000
41020	60000
41030	60000
41040	60000
41050	60000
41060	60000
41070	60000
41080	60000
41090	60000
41100	60000
41110	60000
41120	60000
41130	60000
41140	60000
41150	60000
41160	60000
41170	60000
41180	60000
41190	60000
41200	60000
41210	60000
41220	60000
41230	60000
41240	60000
41250	60000
41260	60000
41270	60000
41280	60000
41290	60000
41300	60000
41310	60000
41320	60000
41330	60000
41340	60000
41350	60000
41360	60000
41370	60000
41380	60000
41390	60000
41400	60000
41410	60000
41420	60000
41430	60000
41440	60000
41450	60000
41460	60000
41470	60000
41480	60000
41490	60000
41500	60000
41510	60000
41520	60000
41530	60000
41540	60000
41550	60000
41560	60000
41570	60000
41580	60000
41590	60000
41600	60000
41610	60000
41620	60000
41630	60000
41640	60000
41650	60000
41660	60000
41670	60000
41680	60000
41690	60000
41700	60000
41710	60000
41720	60000
41730	60000
41740	60000
41750	60000
41760	60000
41770	60000
41780	60000
41790	60000
41800	60000
41810	60000
41820	60000
41830	60000
41840	60000
41850	60000
41860	60000
41870	60000
41880	60000
41890	60000
41900	60000
41910	60000
41920	60000
41930	60000
41940	60000
41950	60000
41960	60000
41970	60000
41980	60000
41990	60000
42000	60000
42010	60000
42020	60000
42030	60000
42040	60000
42050	60000
42060	60000
42070	60000
42080	60000
42090	60000
42100	60000
42110	60000
42120	60000
42130	60000
42140	60000
42150	60000
42160	60000
42170	60000
42180	60000
42190	60000
42200	60000
42210	60000
42220	60000
42230	60000
42240	60000
42250	60000
42260	60000
42270	60000
42280	60000
42290	60000
42300	60000
42310	60000
42320	60000
42330	60000
42340	60000
42350	60000
42360	60000
42370	60000
42380	60000
42390	60000
42400	60000
42410	60000
42420	60000
42430	60000
42440	60000
42450	60000
42460	60000
42470	60000
42480	60000
42490	60000
42500	60000
42510	60000
42520	60000
42530	60000
42540	60000
42550	60000
42560	60000
42570	60000
42580	60000
42590	60000
42600	60000
42610	60000
42620	60000
42630	60000
42640	60000
42650	60000
42660	60000
42670	60000
42680	60000
42690	60000
42700	60000
42710	60000
42720	60000
42730	60000
42740	60000
42750	60000
42760	60000
42770	60000
42780	60000
42790	60000
42800	60000
42810	60000
42820	60000
42830	60000
42840	60000
42850	60000
42860	60000
42870	60000
42880	60000
42890	60000
42900	60000
42910	60000
42920	60000
42930	60000
42940	60000
42950	60000
42960	60000
42970	60000
42980	60000
42990	60000
43000	60000
43010	60000
43020	60000
43030	60000
43040	60000
43050	60000
43060	60000
43070	60000
43080	60000
43090	60000
43100	60000
43110	60000
43120	60000
43130	60000
43140	60000
43150	60000
43160	60000
43170	60000
43180	60000
43190	60000
43200	60000
43210	60000
43220	60000
43230	60000
43240	60000
43250	60000
43260	60000
43270	60000
43280	60000
43290	60000
43300	60000
43310	60000
43320	60000
43330	60000
43340	60000
43350	60000
43360	60000
43370	60000
43380	60000
43390	60000
43400	60000
43410	60000
43420	60000
43430	60000
43440	60000
43450	60000
43460	60000
43470	60000
43480	60000
43490	60000
43500	60000
43510	60000
43520	60000
43530	60000
43540	60000
43550	60000
43560	60000
43570	60000
43580	60000
43590	60000
43600	60000
43610	60000
43620	60000
43630	60000
43640	60000
43650	60000
43660	60000
43670	60000
43680	60000
43690	60000
43700	60000
43710	60000
43720	60000
43730	60000
43740	60000
43750	60000
43760	60000
43770	60000
43780	60000
43790	60000
43800	60000
43810	60000
43820	60000
43830	60000
43840	60000
43850	60000
43860	60000
43870	60000
43880	60000
43890	60000
43900	60000
43910	60000
43920	60000
43930	60000
43940	60000
43950	60000
43960	60000
43970	60000
43980	60000
43990	60000
44000	60000
44010	60000
44020	60000
44030	60000
44040	60000
44050	60000
44060	60000
44070	60000
44080	60000
44090	60000
44100	60000
44110	60000
44120	60000
44130	60000
44140	60000
44150	60000
44160	60000
44170	60000
44180	60000
44190	60000
44200	60000
44210	60000
44220	60000
44230	60000
44240	60000
44250	60000
44260	60000
44270	60000
44280	60000
44290	60000
44300	60000
44310	60000
44320	60000
44330	60000
44340	60000
44350	60000
44360	60000
44370	60000
44380	60000
44390	60000
44400	60000
44410	60000
44420	60000
44430	60000
44440	60000
44450	60000
44460	60000
44470	60000
44480	60000
44490	60000
44500	60000
44510	60000
44520	60000
44530	60000
44540	60000
44550	60000
44560	60000
44570	60000
44580	60000
44590	60000
44600	60000
44610	60000
44620	60000
44630	60000
44640	60000
44650	60000
44660	60000
44670	60000
44680	60000
44690	60000
44700	60000
44710	60000
44720	60000
44730	60000
44740	60000
44750	60000
44760	60000
44770	60000
44780	60000
44790	60000
44800	60000
44810	60000
44820	60000
44830	60000
44840	60000
44850	60000
44860	60000
44870	60000
44880	60000
44890	60000
44900	60000
44910	60000
44920	60000
44930	60000
44940	60000
44950	60000
44960	60000
44970	60000
44980	60000
44990	60000
45000	60000
45010	60000
45020	60000
45030	60000
45040	60000
45050	60000
45060	60000
45070	60000
45080	60000
45090	60000
45100	60000
45110	60000
45120	60000
45130	60000
45140	60000
45150	60000
45160	60000
45170	60000
45180	60000
45190	60000
45200	60000
45210	60000
45220	60000
45230	60000
45240	60000
45250	60000
45260	60000
45270	60000
45280	60000
45290	60000
45300	60000
45310	60000
45320	60000
45330	60000
45340	60000
45350	60000
45360	60000
45370	60000
45380	60000
45390	60000
45400	60000
45410	60000
45420	60000
45430	60000
45440	60000
45450	60000
45460	60000
45470	60000
45480	60000
45490	60000
45500	60000
45510	60000
45520	60000
45530	60000
45540	60000
45550	60000
45560	60000
45570	60000
45580	60000
45590	60000
45600	60000
45610	60000
45620	60000
45630	60000
45640	60000
45650	60000
45660	60000
45670	60000
45680	60000
45690	60000
45700	60000
45710	60000
45720	60000
45730	60000
45740	60000
45750	60000
45760	60000
45770	60000
45780	60000
45790	60000
45800	60000
45810	60000
45820	60000
45830	60000
45840	60000
45850	60000
45860	60000
45870	60000
45880	60000
45890	60000
45900	60000
45910	60000
45920	60000
45930	60000
45940	60000
45950	60000
45960	60000
45970	60000
45980	60000
45990	60000
46000	60000
46010	60000
46020	60000
46030	60000
46040	60000
46050	60000
46060	60000
46070	60000
46080	60000
46090	60000
46100	60000
46110	60000
46120	60000
46130	60000
46140	60000
46150	60000
46160	60000
46170	60000
46180	60000
46190	60000
46200	60000
46210	60000
46220	60000
46230	60000
46240	60000
46250	60000
46260	60000
46270	60000
46280	60000
46290	60000
46300	60000
46310	60000
46320	60000
46330	60000
46340	60000
46350	60000
46360	60000
46370	60000
46380	60000
46390	60000
46400	60000
46410	60000
46420	60000
46430	60000
46440	60000
46450	60000
46460	60000
46470	60000
46480	60000
46490	60000
46500	60000
46510	60000
46520	60000
46530	60000
46540	60000
46550	60000
46560	60000
46570	60000
46580	60000
46590	60000
46600	60000
46610	60000
46620	60000
46630	60000
46640	60000
46650	60000
46660	60000
46670	60000
46680	60000
46690	60000
46700	60000
46710	60000
46720	60000
46730	60000
46740	60000
46750	60000
46760	60000
46770	60000
46780	60000
46790	60000
46800	60000
46810	60000
46820	60000
46830	60000
46840	60000
46850	60000
46860	60000
46870	60000
46880	60000
46890	60000
46900	60000
46910	60000
46920	60000
46930	60000
46940	60000
46950	60000
46960	60000
46970	60000
46980	60000
46990	60000
47000	60000
47010	60000
47020	60000
47030	60000
47040	60000
47050	60000
47060	60000
47070	60000
47080	60000
47090	60000
47100	60000
47110	60000
47120	60000
47130	60000
47140	60000
47150	60000
47160	60000
47170	60000
47180	60000
47190	60000
47200	60000
47210	60000
47220	60000
47230	60000
47240	60000
47250	60000
47260	60000
47270	60000
47280	60000
47290	60000
47300	60000
47310	60000
47320	60000
47330	60000
47340	60000
47350	60000
47360	60000
47370	60000
47380	60000
47390	60000
47400	60000
47410	60000
47420	60000
47430	60000
47440	60000
47450	60000
47460	60000
47470	60000
47480	60000
47490	60000
47500	60000
47510	60000
47520	60000
47530	60000
47540	60000
47550	60000
47560	60000
47570	60000
47580	60000
47590	60000
47600	60000
47610	60000
47620	60000
47630	60000
47640	60000
47650	60000
47660	60000
47670	60000
47680	60000
47690	60000
47700	60000
47710	60000
47720	60000
47730	60000
47740	60000
47750	60000
47760	60000
47770	60000
47780	60000
47790	60000
47800	60000
47810	60000
47820	60000
47830	60000
47840	60000
47850	60000
47860	60000
47870	60000
47880	60000
47890	60000
47900	60000
47910	60000
47920	60000
47930	60000
47940	60000
47950	60000
47960	60000
47970	60000
47980	60000
47990	60000
48000	60000
48010	60000
48020	60000
48030	60000
48040	60000
48050	60000
48060	60000
48070	60000
48080	60000
48090	60000
48100	60000
48110	60000
48120	60000
48130	60000
48140	60000
48150	60000
48160	60000
48170	60000
48180	60000
48190	60000
48200	60000
48210	60000
48220	60000
48230	60000
48240	60000
48250	60000
48260	60000
48270	60000
48280	60000
48290	60000
48300	60000
48310	60000
48320	60000
48330	60000
48340	60000
48350	60000
48360	60000
48370	60000
48380	60000
48390	60000
48400	60000
48410	60000
48420	60000
48430	60000
48440	60000
48450	60000
48460	60000
48470	60000
48480	60000
48490	60000
48500	60000
48510	60000
48520	60000
48530	60000
48540	60000
48550	60000
48560	60000
48570	60000
48580	60000
48590	60000
48600	60000
48610	60000
48620	60000
48630	60000
48640	60000
48650	60000
48660	60000
48670	60000
48680	60000
48690	60000
48700	60000
48710	60000
48720	60000
48730	60000
48740	60000
48750	60000
48760	60000
48770	60000
48780	60000
48790	60000
48800	60000
48810	60000
48820	60000
48830	60000
48840	60000
48850	60000
48860	60000
48870	60000
48880	60000
48890	60000
48900	60000
48910	60000
48920	60000
48930	60000
48940	60000
48950	60000
48960	60000
48970	60000
48980	60000
48990	60000
49000	60000
49010	60000
49020	60000
49030	60000
49040	60000
49050	60000
49060	60000
49070	60000
49080	60000
49090	60000
49100	60000
49110	60000
49120	60000
49130	60000
49140	60000
49150	60000
49160	60000
49170	60000
49180	60000
49190	60000
49200	60000
49210	60000
49220	60000
49230	60000
49240	60000
49250	60000
49260	60000
49270	60000
49280	60000
49290	60000
49300	60000
49310	60000
49320	60000
49330	60000
49340	60000
49350	60000
49360	60000
49370	60000
49380	60000
49390	60000
49400	60000
49410	60000
49420	60000
49430	60000
49440	60000
49450	60000
49460	60000
49470	60000
49480	60000
49490	60000
49500	60000
49510	60000
49520	60000
49530	60000
49540	60000
49550	60000
49560	60000
49570	60000
49580	60000
49590	60000
49600	60000
49610	60000
49620	60000
49630	60000
49640	60000
49650	60000
49660	60000
49670	60000
49680	60000
49690	60000
49700	60000
49710	60000
49720	60000
49730	60000
49740	60000
49750	60000
49760	60000
49770	60000
49780	60000
49790	60000
49800	60000
49810	60000
49820	60000
49830	60000
49840	60000
49850	60000
49860	60000
49870	60000
49880	60000
49890	60000
49900	60000
49910	60000
49920	60000
49930	60000
49940	60000
49950	60000
49960	60000
49970	60000
49980	60000
49990	60000
50000	60000
50010	60000
50020	60000
50030	60000
50040	60000
50050	60000
50060	60000
50070	60000
50080	60000
50090	60000
50100	60000
50110	60000
50120	60000
50130	60000
50140	60000
50150	60000
50160	60000
50170	60000
50180	60000
50190	60000
50200	60000
50210	60000
50220	60000
50230	60000
50240	60000
50250	60000
50260	60000
50270	60000
50280	60000
50290	60000
50300	60000
50310	60000
50320	60000
50330	60000
50340	60000
50350	60000
50360	60000
50370	60000
50380	60000
50390	60000
50400	60000
50410	60000
50420	60000
50430	60000
50440	60000
50450	60000
50460	60000
50470	60000
50480	60000
50490	60000
50500	60000
50510	60000
50520	60000
50530	60000
50540	60000
50550	60000
50560	60000
50570	60000
50580	60000
50590	60000
50600	60000
50610	60000
50620	60000
50630	60000
50640	60000
50650	60000
50660	60000
50670	60000
50680	60000
50690	60000
50700	60000
50710	60000
50720	60000
50730	60000
50740	60000
50750	60000
50760	60000
50770	60000
50780	60000
50790	60000
50800	60000
50810	60000
50820	60000
50830	60000
50840	60000
50850	60000
50860	60000
50870	60000
50880	60000
50890	60000
50900	60000
50910	60000
50920	60000
50930	60000
50940	60000
50950	60000
50960	60000
50970	60000
50980	60000
50990	60000
51000	60000
51010	60000
51020	60000
51030	60000
51040	60000
51050	60000
51060	60000
51070	60000
51080	60000
51090	60000
51100	60000
51110	60000
51120	60000
51130	60000
51140	60000
51150	60000
51160	60000
51170	60000
51180	60000
51190	60000
51200	60000
51210	60000
51220	60000
51230	60000
51240	60000
51250	60000
51260	60000
51270	60000
51280	60000
51290	60000
51300	60000
51310	60000
51320	60000
51330	60000
51340	60000
51350	60000
51360	60000
51370	60000
51380	60000
51390	60000
51400	60000
51410	60000
51420	60000
51430	60000
51440	60000
51450	60000
51460	60000
51470	60000
51480	60000
51490	60000
51500	60000
51510	60000
51520	60000
51530	60000
51540	60000
51550	60000
51560	60000
51570	60000
51580	60000
51590	60000
51600	60000
51610	60000
51620	60000
51630	60000
51640	60000
51650	60000
51660	60000
51670	60000
51680	60000
51690	60000
51700	60000
51710	60000
51720	60000
51730	60000
51740	60000
51750	60000
51760	60000
51770	60000
51780	60000
51790	60000
51800	60000
51810	60000
51820	60000
51830	60000
51840	60000
51850	60000
51860	60000
51870	60000
51880	60000
51890	60000
51900	60000
51910	60000
51920	60000
51930	60000
51940	60000
51950	60000
51960	60000
51970	60000
51980	60000
51990	60000
52000	60000
52010	60000
52020	60000
52030	60000
52040	60000
52050	60000
52060	60000
52070	60000
52080	60000
52090	60000
52100	60000
52110	60000
52120	60000
52130	60000
52140	60000
52150	60000
52160	60000
52170	60000
52180	60000
52190	60000
52200	60000
52210	60000
52220	60000
52230	60000
52240	60000
52250	60000
52260	60000
52270	60000
52280	60000
52290	60000
52300	60000
52310	60000
52320	60000
52330	60000
52340	60000
52350	60000
52360	60000
52370	60000
52380	60000
52390	60000
52400	60000
52410	60000
52420	60000
52430	60000
52440	60000
52450	60000
52460	60000
52470	60000
52480	60000
52490	60000
52500	60000
52510	60000
52520	60000
52530	60000
52540	60000
52550	60000
52560	60000
52570	60000
52580	60000
52590	60000
52600	60000
52610	60000
52620	60000
52630	60000
52640	60000
52650	60000
52660	60000
52670	60000
52680	60000
52690	60000
52700	60000
52710	60000
52720	60000
52730	60000
52740	60000
52750	60000
52760	60000
52770	60000
52780	60000
52790	60000
52800	60000
52810	60000
52820	60000
52830	60000
52840	60000
52850	60000
52860	60000
52870	60000
52880	60000
52890	60000
52900	60000
52910	60000
52920	60000
52930	60000
52940	60000
52950	60000
52960	60000
52970	60000
52980	60000
52990	60000
53000	60000
53010	60000
53020	60000
53030	60000
53040	60000
53050	60000
53060	60000
53070	60000
53080	60000
53090	60000
53100	60000
53110	60000
53120	60000
53130	60000
53140	60000
53150	60000
53160	60000
53170	60000
53180	60000
53190	60000
53200	60000
53210	60000
53220	60000
53230	60000
53240	60000
53250	60000
53260	60000
53270	60000
53280	60000
53290	60000
53300	60000
53310	60000
53320	60000
53330	60000
53340	60000
53350	60000
53360	60000
53370	60000
53380	60000
53390	60000
53400	60000
53410	60000
53420	60000
53430	60000
53440	60000
53450	60000
53460	60000
53470	60000
53480	60000
53490	60000
53500	60000
53510	60000
53520	60000
53530	60000
53540	60000
53550	60000
53560	60000
53570	60000
53580	60000
53590	60000
53600	60000
53610	60000
53620	60000
53630	60000
53640	60000
53650	60000
53660	60000
53670	60000
53680	60000
53690	60000
53700	60000
53710	60000
53720	60000
53730	60000
53740	60000
53750	60000
53760	60000
53770	60000
53780	60000
53790	60000
53800	60000
53810	60000
53820	60000
53830	60000
53840	60000
53850	60000
53860	60000
53870	60000
53880	60000
53890	60000
53900	60000
53910	60000
53920	60000
53930	60000
53940	60000
53950	60000
53960	60000
53970	60000
53980	60000
53990	60000
54000	60000
54010	60000
54020	60000
54030	60000
54040	60000
54050	60000
54060	60000
54070	60000
54080	60000
54090	60000
54100	60000
54110	60000
54120	60000
54130	60000
54140	60000
54150	60000
54160	60000
54170	60000
54180	60000
54190	60000
54200	60000
54210	60000
54220	60000
54230	60000
54240	60000
54250	60000
54260	60000
54270	60000
54280	60000
54290	60000
54300	60000
54310	60000
54320	60000
54330	60000
54340	60000
54350	60000
54360	60000
54370	60000
54380	60000
54390	60000
54400	60000
54410	60000
54420	60000
54430	60000
54440	60000
54450	60000
54460	60000
54470	60000
54480	60000
54490	60000
54500	60000
54510	60000
54520	60000
54530	60000
54540	60000
54550	60000
54560	60000
54570	60000
54580	60000
54590	60000
54600	60000
54610	60000
54620	60000
54630	60000
54640	60000
54650	60000
54660	60000
54670	60000
54680	60000
54690	60000
54700	60000
54710	60000
54720	60000
54730	60000
54740	60000
54750	60000
54760	60000
54770	60000
54780	60000
54790	60000
54800	60000
54810	60000
54820	60000
54830	60000
54840	60000
54850	60000
54860	60000
54870	60000
54880	60000
54890	60000
54900	60000
54910	60000
54920	60000
54930	60000
54940	60000
54950	60000
54960	60000
54970	60000
54980	60000
54990	60000
55000	60000
55010	60000
55020	60000
55030	60000
55040	60000
55050	60000
55060	60000
55070	60000
55080	60000
55090	60000
55100	60000
55110	60000
55120	60000
55130	60000
55140	60000
55150	60000
55160	60000
55170	60000
55180	60000
55190	60000
55200	60000
55210	60000
55220	60000
55230	60000
55240	60000
55250	60000
55260	60000
55270	60000
55280	60000
55290	60000
55300	60000
55310	60000
55320	60000
55330	60000
55340	60000
55350	60000
55360	60000
55370	60000
55380	60000
55390	60000
55400	60000
55410	60000
55420	60000
55430	60000
55440	60000
55450	60000
55460	60000
55470	60000
55480	60000
55490	60000
55500	60000
55510	60000
55520	60000
55530	60000
55540	60000
55550	60000
55560	60000
55570	60000
55580	60000
55590	60000
55600	60000
55610	60000
55620	60000
55630	60000
55640	60000
55650	60000
55660	60000
55670	60000
55680	60000
55690	60000
55700	60000
55710	60000
55720	60000
55730	60000
55740	60000
55750	60000
55760	60000
55770	60000
55780	60000
55790	60000
55800	60000
55810	60000
55820	60000
55830	60000
55840	60000
55850	60000
55860	60000
55870	60000
55880	60000
55890	60000
55900	60000
55910	60000
55920	60000
55930	60000
55940	60000
55950	60000
55960	60000
55970	60000
55980	60000
55990	60000
56000	60000
56010	60000
56020	60000
56030	60000
56040	60000
56050	60000
56060	60000
56070	60000
56080	60000
56090	60000
56100	60000
56110	60000
56120	60000
56130	60000
56140	60000
56150	60000
56160	60000
56170	60000
56180	60000
56190	60000
56200	60000
56210	60000
56220	60000
56230	60000
56240	60000
56250	60000
56260	60000
56270	60000
56280	60000
56290	60000
56300	60000
56310	60000
56320	60000
56330	60000
56340	60000
56350	60000
56360	60000
56370	60000
56380	60000
56390	60000
56400	60000
56410	60000
56420	60000
56430	60000
56440	60000
56450	60000
56460	60000
56470	60000
56480	60000
56490	60000
56500	60000
56510	60000
56520	60000
56530	60000
56540	60000
56550	60000
56560	60000
56570	60000
56580	60000
56590	60000
56600	60000
56610	60000
56620	60000
56630	60000
56640	60000
56650	60000
56660	60000
56670	60000
56680	60000
56690	60000
56700	60000
56710	60000
56720	60000
56730	60000
56740	60000
56750	60000
56760	60000
56770	60000
56780	60000
56790	60000
56800	60000
56810	60000
56820	60000
56830	60000
56840	60000
56850	60000
56860	60000
56870	60000
56880	60000
56890	60000
56900	60000
56910	60000
56920	60000
56930	60000
56940	60000
56950	60000
56960	60000
56970	60000
56980	60000
56990	60000
57000	60000
57010	60000
57020	60000
57030	60000
57040	60000
57050	60000
57060	60000
57070	60000
57080	60000
57090	60000
57100	60000
57110	60000
57120	60000
57130	60000
57140	60000
57150	60000
57160	60000
57170	60000
57180	60000
57190	60000
57200	60000
57210	60000
57220	60000
57230	60000
57240	60000
57250	60000
57260	60000
57270	60000
57280	60000
57290	60000
57300	60000
57310	60000
57320	60000
57330	60000
57340	60000
57350	60000
57360	60000
57370	60000
57380	60000
57390	60000
57400	60000
57410	60000
57420	60000
57430	60000
57440	60000
57450	60000
57460	60000
57470	60000
57480	60000
57490	60000
57500	60000
57510	60000
57520	60000
57530	60000
57540	60000
57550	60000
57560	60000
57570	60000
57580	60000
57590	60000
57600	60000
57610	60000
57620	60000
57630	60000
57640	60000
57650	60000
57660	60000
57670	60000
57680	60000
57690	60000
57700	60000
57710	60000
57720	60000
57730	60000
57740	60000
57750	60000
57760	60000
57770	60000
57780	60000
57790	60000
57800	60000
57810	60000
57820	60000
57830	60000
57840	60000
57850	60000
57860	60000
57870	60000
57880	60000
57890	60000
57900	60000
57910	60000
57920	60000
57930	60000
57940	60000
57950	60000
57960	60000
57970	60000
57980	60000
57990	60000
58000	60000
58010	60000
58020	60000
58030	60000
58040	60000
58050	60000
58060	60000
58070	60000
58080	60000
58090	60000
58100	60000
58110	60000
58120	60000
58130	60000
58140	60000
58150	60000
58160	60000
58170	60000
58180	60000
58190	60000
58200	60000
58210	60000
58220	60000
58230	60000
58240	60000
58250	60000
58260	60000
58270	60000
58280	60000
58290	60000
58300	60000
58310	60000
58320	60000
58330	60000
58340	60000
58350	60000
58360	60000
58370	60000
58380	60000
58390	60000
58400	60000
58410	60000
58420	60000
58430	60000
58440	60000
58450	60000
58460	60000
58470	60000
58480	60000
58490	60000
58500	60000
58510	60000
58520	60000
58530	60000
58540	60000
58550	60000
58560	60000
58570	60000
58580	60000
58590	60000
58600	60000
58610	60000
58620	60000
58630	60000
58640	60000
58650	60000
58660	60000
58670	60000
58680	60000
58690	60000
58700	60000
58710	60000
58720	60000
58730	60000
58740	60000
58750	60000
58760	60000
58770	60000
58780	60000
58790	60000
58800	60000
58810	60000
58820	60000
58830	60000
58840	60000
58850	60000
58860	60000
58870	60000
58880	60000
58890	60000
58900	60000
58910	60000
58920	60000
58930	60000
58940	60000
58950	60000
58960	60000
58970	60000
58980	60000
58990	60000
59000	60000
59010	60000
59020	60000
59030	60000
59040	60000
59050	60000
59060	60000
59070	60000
59080	60000
59090	60000
59100	60000
59110	60000
59120	60000
59130	60000
59140	60000
59150	60000
59160	60000
59170	60000
59180	60000
59190	60000
59200	60000
59210	60000
59220	60000
59230	60000
59240	60000
59250	60000
59260	60000
59270	60000
59280	60000
59290	60000
59300	60000
59310	60000
59320	60000
59330	60000
59340	60000
59350	60000
59360	60000
59370	60000
59380	60000
59390	60000
59400	60000
59410	60000
59420	60000
59430	60000
59440	60000
59450	60000
59460	60000
59470	60000
59480	60000
59490	60000
59500	60000
59510	60000
59520	60000
59530	60000
59540	60000
59550	60000
59560	60000
59570	60000
59580	60000
59590	60000
59600	60000
59610	60000
59620	60000
59630	60000
59640	60000
59650	60000
59660	60000
59670	60000
59680	60000
59690	60000
59700	60000
59710	60000
59720	60000
59730	60000
59740	60000
59750	60000
59760	60000
59770	60000
59780	60000
59790	60000
59800	60000
59810	60000
59820	60000
59830	60000
59840	60000
59850	60000
59860	60000
59870	60000
59880	60000
59890	60000
59900	60000
59910	60000
59920	60000
59930	60000
59940	60000
59950	60000
59960	60000
59970	60000
59980	60000
59990	60000
succes rate: 0.5491

real	28m36.072s
user	28m16.546s
sys	0m0.028s
