0.0116527
0.0349582
0.0582636
0.0815691
0.104875
0.12818
0.151485
0.174791
0.198096
0.221402
0.244707
0.268013
0.291318
0.314624
0.337929
0.361235
0.38454
0.407846
0.431151
0.454456
0.477762
0.501067
0.524373
0.547678
0.570984
0.594289
0.617595
0.6409
0.664206
0.687511
0.710816
0.734122
0.757427
0.780733
0.804038
0.827344
0.850649
0.873955
0.89726
0.920566
0.943871
0.967176
0.990482
1.01379
1.03709
1.0604
1.0837
1.10701
1.13031
1.15362
1.17693
1.20023
1.22354
1.24684
1.27015
1.29345
1.31676
1.34006
1.36337
1.38667
1.40998
1.43329
1.45659
1.4799
1.5032
1.52651
1.54981
1.57312
1.59642
1.61973
1.64303
1.66634
1.68965
1.71295
1.73626
1.75956
1.78287
1.80617
1.82948
1.85278
1.87609
1.89939
1.9227
1.94601
1.96931
1.99262
2.01592
2.03923
2.06253
2.08584
2.10914
2.13245
2.15575
2.17906
2.20237
2.22567
2.24898
2.27228
2.29559
2.31889
2.3422
2.3655
2.38881
2.41211
2.43542
2.45873
2.48203
2.50534
2.52864
2.55195
2.57525
2.59856
2.62186
2.64517
2.66847
2.69178
2.71509
2.73839
2.7617
2.785
2.80831
2.83161
2.85492
2.87822
2.90153
2.92483
2.94814
2.97145
2.99475
3.01806
3.04136
3.06467
3.08797
3.11128
3.13458
3.15789
3.18119
3.2045
3.22781
3.25111
3.27442
3.29772
3.32103
3.34433
3.36764
3.39094
3.41425
3.43756
3.46086
3.48417
3.50747
3.53078
3.55408
3.57739
3.60069
3.624
3.6473
3.67061
3.69392
3.71722
3.74053
3.76383
3.78714
3.81044
3.83375
3.85705
3.88036
3.90366
3.92697
3.95028
3.97358
3.99689
4.02019
4.0435
4.0668
4.09011
4.11341
4.13672
4.16002
4.18333
4.20664
4.22994
4.25325
4.27655
4.29986
4.32316
4.34647
4.36977
4.39308
4.41638
4.43969
4.463
4.4863
4.50961
4.53291
4.55622
4.57952
4.60283
4.62613
4.64944
4.67274
4.69605
4.71936
4.74266
4.76597
4.78927
4.81258
4.83588
4.85919
4.88249
4.9058
4.9291
4.95241
4.97572
4.99902
5.02233
5.04563
5.06894
5.09224
5.11555
5.13885
5.16216
5.18546
5.20877
5.23208
5.25538
5.27869
5.30199
5.3253
5.3486
5.37191
5.39521
5.41852
5.44182
5.46513
5.48844
5.51174
5.53505
5.55835
5.58166
5.60496
5.62827
5.65157
5.67488
5.69818
5.72149
5.7448
5.7681
5.79141
5.81471
5.83802
5.86132
5.88463
5.90793
5.93124
5.95454
5.97785
6.00116
6.02446
6.04777
6.07107
6.09438
6.11768
6.14099
6.16429
6.1876
6.2109
6.23421
6.25752
6.28082
6.30413
6.32743
6.35074
6.37404
6.39735
6.42065
6.44396
6.46726
6.49057
6.51388
6.53718
6.56049
6.58379
6.6071
6.6304
6.65371
6.67701
6.70032
6.72362
6.74693
6.77024
6.79354
6.81685
6.84015
6.86346
6.88676
6.91007
6.93337
6.95668
6.97998
7.00329
7.0266
7.0499
7.07321
7.09651
7.11982
7.14312
7.16643
7.18973
7.21304
7.23634
7.25965
7.28296
7.30626
7.32957
7.35287
7.37618
7.39948
7.42279
7.44609
7.4694
7.4927
7.51601
7.53932
7.56262
7.58593
7.60923
7.63254
7.65584
7.67915
7.70245
7.72576
7.74906
7.77237
7.79568
7.81898
7.84229
7.86559
7.8889
7.9122
7.93551
7.95881
7.98212
8.00542
8.02873
8.05204
8.07534
8.09865
8.12195
8.14526
8.16856
8.19187
8.21517
8.23848
8.26178
8.28509
8.3084
8.3317
8.35501
8.37831
8.40162
8.42492
8.44823
8.47153
8.49484
8.51814
8.54145
8.56476
8.58806
8.61137
8.63467
8.65798
8.68128
8.70459
8.72789
8.7512
8.7745
8.79781
8.82112
8.84442
8.86773
8.89103
8.91434
8.93764
8.96095
8.98425
9.00756
9.03086
9.05417
9.07748
9.10078
9.12409
9.14739
9.1707
9.194
9.21731
9.24061
9.26392
9.28722
9.31053
9.33384
9.35714
9.38045
9.40375
9.42706
9.45036
9.47367
9.49697
9.52028
9.54358
9.56689
9.5902
9.6135
9.63681
9.66011
9.68342
9.70672
9.73003
9.75333
9.77664
9.79994
9.82325
9.84656
9.86986
9.89317
9.91647
9.93978
9.96308
9.98639
10.0097
10.033
10.0563
10.0796
10.1029
10.1262
10.1495
10.1728
10.1961
10.2194
10.2427
10.2661
10.2894
10.3127
10.336
10.3593
10.3826
10.4059
10.4292
10.4525
10.4758
10.4991
10.5224
10.5457
10.569
10.5923
10.6156
10.6389
10.6622
10.6856
10.7089
10.7322
10.7555
10.7788
10.8021
10.8254
10.8487
10.872
10.8953
10.9186
10.9419
10.9652
10.9885
11.0118
11.0351
11.0584
11.0817
11.1051
11.1284
11.1517
11.175
11.1983
11.2216
11.2449
11.2682
11.2915
11.3148
11.3381
11.3614
11.3847
11.408
11.4313
11.4546
11.4779
11.5012
11.5245
11.5479
11.5712
11.5945
11.6178
11.6411
