0.0571407
0.056522
0.0654439
0.0598788
0.0599163
0.0666363
0.060211
0.0676437
0.06446
0.0639865
0.0630109
0.0550884
0.0576731
0.0551515
0.0610221
0.0665342
0.0725384
0.0613642
0.0604636
0.0641594
0.0635949
0.0646488
0.0734204
0.0753882
0.0573433
0.055
0.0565265
0.0661732
0.0667536
0.0655157
0.0596091
0.0606112
0.0616918
0.0662839
0.0557627
0.0663318
0.0613384
0.0578061
0.0605604
0.0625908
0.0658351
0.0566063
0.0617776
0.0561813
0.0643062
0.0584808
0.0575828
0.0672126
0.0613777
0.0584629
0.0571308
0.0616127
0.0601189
0.0567443
0.0632708
0.0642375
0.0571476
0.0610182
0.0585839
0.0555928
0.0616384
0.0558518
0.0648226
0.0596924
0.0627419
0.0599001
0.070654
0.0592653
0.0582538
0.0704469
0.0608225
0.0634945
0.0552279
0.0579397
0.0591152
0.0608512
0.0627291
0.0613015
0.0627527
0.0627413
0.0756708
0.0553998
0.0607036
0.0680028
0.0550884
0.0611857
0.0583692
0.0602249
0.0586385
0.0580395
0.0598287
0.0579118
0.0627787
0.0617733
0.056927
0.0594449
0.0569589
0.0612342
0.0621375
0.0556543
0.0582508
0.0635367
0.0599857
0.0576461
0.0627356
0.0622265
0.0598884
0.0569089
0.0617769
0.0629245
0.0612795
0.062446
0.0662691
0.0672166
0.0581631
0.0625372
0.0556163
0.060188
0.0599855
0.0624916
0.0603691
0.0600686
0.0598136
0.0602504
0.0640462
0.0768914
0.062015
0.0562707
0.058569
0.0583624
0.0550434
0.0594177
0.055938
0.0556313
0.0557752
0.056534
0.0722802
0.0698041
0.0591921
0.0578411
0.0602435
0.0570558
0.057345
0.0601794
0.0589091
0.0611988
0.0712151
0.0591429
0.0616372
0.0600685
0.0573566
0.0590504
0.0645858
0.0564181
0.0665137
0.0587664
0.0635569
0.0583153
0.0620069
0.0620052
0.0561655
0.0758928
0.0628447
0.0676663
0.0604075
0.0621094
0.063414
0.0591189
0.0655121
0.0626651
0.0570703
0.0593536
0.0618007
0.068146
0.0552678
0.05918
0.0666013
0.0636818
0.070858
0.061855
0.062578
0.0656494
0.0676223
0.0622598
0.055
0.0577553
0.055616
0.0605883
0.0606797
0.060854
0.0637177
0.0593439
0.0663179
0.0612038
0.0587325
0.0597294
0.0680349
0.0618569
0.0582293
0.0625152
0.0694995
0.0570841
0.0594623
0.0601048
0.0566211
0.0673741
0.0680836
0.0567171
0.0587209
0.0610141
0.0554651
0.0554922
0.0580294
0.0596241
0.0639672
0.0567477
0.0570061
0.058649
0.0613669
0.0617475
0.0689517
0.0562235
0.0580365
0.0766666
0.0670113
0.0775168
0.0708957
0.0672437
0.0636325
0.0777587
0.0596299
0.0559042
0.059885
0.0588929
0.060451
0.0600298
0.056501
0.0596923
0.063438
0.056717
0.0551543
0.061799
0.0550433
0.0551842
0.0574475
0.0688857
0.0708845
0.0605059
0.0602089
0.0633882
0.0595226
0.0642445
0.0582073
0.056327
0.0601723
0.0757232
0.0697655
0.0577564
0.0609919
0.068593
0.0596487
0.0729368
0.0575585
0.0626047
0.0635616
0.0581206
0.0587623
0.0570469
0.0610115
0.0579296
0.0557445
0.0582367
0.0556193
0.0649981
0.0582796
0.0660283
0.0574332
0.0552336
0.0624673
0.0578607
0.064267
0.058151
0.0580974
0.0599808
0.0746566
0.0584701
0.0602236
0.0660987
0.0671402
0.0598328
0.0716573
0.059627
0.0574626
0.061377
0.0584696
0.0659968
0.0608886
0.0570317
0.0594631
0.0613697
0.0637608
0.0565792
0.0570288
0.0584407
0.0736936
0.0568864
0.0552766
0.0611476
0.0598019
0.059978
0.060897
0.0594954
0.0596954
0.0554059
0.0685071
0.0665169
0.0574478
0.0688981
0.0606797
0.0601811
0.0606332
0.071544
0.065296
0.0644472
0.060072
0.0612655
0.0634438
0.060098
0.0584318
0.0604767
0.0618324
0.057101
0.0605155
0.0569413
0.063182
0.0629382
0.0628073
0.0559759
0.0632223
0.0598538
0.0673183
0.0613372
0.0656966
0.0692707
0.0762911
0.0613276
0.056149
0.058056
0.0593561
0.0639451
0.0653181
0.0598952
0.058981
0.0718569
0.0652887
0.0581882
0.0655105
0.0631979
0.0573071
0.0607509
0.055
0.0668747
0.0687791
0.0576867
0.0671054
0.0610372
0.0553215
0.0560306
0.0582622
0.0586423
0.0550858
0.0704453
0.0555244
0.058582
0.0579942
0.0592102
0.0599422
0.0553236
0.064656
0.0644755
0.0551952
0.0634869
0.067293
0.0595211
0.0624664
0.0710523
0.072119
0.0760264
0.0594974
0.0570647
0.0624088
0.055705
0.0584828
0.055
0.0617796
0.0615749
0.0615946
0.0727343
0.0602192
0.05679
0.0610239
0.0744823
0.0599414
0.0594723
0.0555648
0.0589119
0.0556187
0.0629515
0.0576494
0.076806
0.0588249
0.0585484
0.0599275
0.0587014
0.0699276
0.0577909
0.0563882
0.0661542
0.065218
0.0580991
0.0652394
0.0618893
0.0572358
0.0569893
0.0619462
0.0615474
0.0583286
0.0569703
0.0562323
0.0576909
0.0659414
0.0603909
0.0593325
0.0565628
0.0550912
0.0582627
0.0556385
0.062731
0.0568639
0.0552613
0.0605473
0.0664976
0.0727121
0.0718952
0.0583862
0.0558886
0.0578336
0.055072
0.0706757
0.0570431
0.0782367
0.058212
0.0628938
0.0587502
0.0569789
0.0592611
0.055
0.0616571
0.0562741
0.0638612
0.056959
0.055915
0.0656902
0.0779188
0.0555315
0.0611012
0.0559192
0.0575223
0.0573446
0.0559968
0.0598801
0.0585971
0.0703953
0.0568971
0.0615874
0.0596596
0.069744
0.0633906
0.0669474
0.0576886
0.0573295
0.0582764
0.0588212
0.0591005
0.0552546
0.0600257
0.0681364
0.0564416
0.0560326
0.0620341
0.0638828
0.0622755
0.0684539
0.0600857
0.0625183
0.0580488
0.0604358
0.0644844
0.0596409
0.0596308
0.0582754
0.0564153
0.0613663
0.0619209
0.0639948
0.0588434
0.0659271
0.0633695
0.0594231
0.0602386
0.0581252
0.0561366
0.0627168
0.0612151
0.058635
0.0575103
0.0571094
0.0638203
0.0564778
0.060475
0.0621173
0.0560749
0.0647999
0.0703833
0.058503
0.0645032
0.061159
0.0756778
0.0598314
0.0596392
0.0582169
0.055073
0.0587697
0.063578
0.0620818
0.05597
0.0645123
0.0556858
0.0595178
0.0578237
0.0636246
0.0658144
0.0691897
0.0570942
0.0699857
0.0592311
0.055
0.0604033
0.0699437
0.0564529
0.0727152
0.0560728
0.0614823
0.0569149
0.057843
0.0689893
0.055
0.0560688
0.0621232
0.055
0.0719743
0.0588108
0.0570608
0.062855
0.058501
0.0565252
0.057659
0.0594997
0.0641549
0.0568354
0.0606517
0.0719185
0.0559334
0.0616312
0.0662921
0.0572166
0.0610717
0.060524
0.0727202
0.0667349
0.0601483
0.0614973
0.0610921
0.0608519
0.0579425
0.0601795
0.0590568
0.0584963
0.0586488
0.057885
0.0575703
0.0614749
0.0552321
0.0553864
0.0633828
0.0595086
0.063064
0.0579692
0.0741406
0.0581763
0.075016
0.0618794
0.0632032
0.067539
0.061019
0.0681075
0.0607243
0.064808
0.0593794
0.0587038
0.0556972
0.0550369
0.0673208
0.0555602
0.0656606
0.0589051
0.0567577
0.0578886
0.0638124
0.0632032
0.0647042
0.0592827
0.059353
0.0706567
0.0718513
0.0581645
0.0557947
0.0638495
0.0584043
0.0638143
0.0593318
0.0578772
0.0683578
0.0564879
0.055
0.0587881
0.0714697
0.0644665
0.0560068
0.0628693
0.0586153
0.0635713
0.0588309
0.0666721
0.0626089
0.0563208
0.06002
0.0592452
0.0683459
0.0626867
0.0590821
0.0687909
0.0586582
0.0557654
0.0659231
0.0625956
0.0623193
0.055
0.0622364
0.0638677
0.0590595
0.0646495
0.0580215
0.0587513
0.0598012
0.0569798
0.0620097
0.0557116
0.0566041
0.0600545
0.0706605
0.0632426
0.0644481
0.0615668
0.055705
0.0582379
0.0669044
0.063009
0.0588422
0.0639315
0.0630624
0.062621
0.0598223
0.0660173
0.055
0.0585122
0.0602597
0.0599616
0.0710835
0.0686645
0.0565735
0.0622977
0.0617261
0.0569247
0.0617661
0.0551261
0.0630301
0.0687305
0.0566467
0.0593611
0.0593003
0.0656084
0.0566746
0.0600885
0.0728386
0.0586181
0.0566763
0.0573072
0.0656665
0.0609814
0.0581125
0.0698376
0.0711603
0.0605555
0.0622267
0.0586543
0.0558309
0.0582726
0.0606256
0.0569641
0.0609912
0.0608806
0.0628976
0.0613473
0.0590091
0.0584897
0.058003
0.0572022
0.059168
0.0617965
0.0687011
0.0647753
0.0720657
0.0651453
0.0646097
0.0620509
0.0555925
0.0554638
0.0628048
0.0576522
0.0572357
0.0572283
0.0607752
0.0601622
0.0708389
0.0599989
0.0633059
0.0609224
0.0633861
0.0568727
0.0564288
0.0647024
0.0608365
0.0556554
0.0643653
0.056254
0.0609426
0.0610981
0.0576669
0.063137
0.0593211
0.0707019
0.058247
0.0697429
0.0564903
0.0613109
0.0610382
0.0584611
0.0609367
0.0590281
0.0563462
0.0685948
0.0588103
0.0563874
0.0552105
0.0570075
0.0607924
0.0603584
0.0650376
0.062148
0.0667471
0.0587672
0.0610649
0.0558293
0.0599333
0.0581867
0.0606679
0.0642286
0.0605351
0.0569545
0.0629748
0.0571698
0.0682856
0.066273
0.0619283
0.058346
0.0583884
0.055832
0.0668534
0.063239
0.0731936
0.0560128
0.0608997
0.078906
0.055
0.0561967
0.0672231
0.0646918
0.0571071
0.0590931
0.0578235
0.0575671
0.056514
0.0555097
0.0608093
0.0597278
0.0555155
0.071572
0.0593704
0.0668349
0.0607985
0.0590535
0.0555504
0.0619626
0.0590881
0.0566742
0.0637546
0.0571137
0.0702515
0.0575533
0.0577309
0.0613638
0.0642149
0.063221
0.0562329
0.0600009
0.0629133
0.0562284
0.0588597
0.060227
0.0722155
0.0594056
0.0576683
0.0556663
0.0616084
0.0601623
0.0596653
0.0594969
0.0553314
0.0556422
0.0695665
0.0557355
0.057006
0.0602914
0.0661053
0.0608425
0.0618577
0.0550856
0.0634405
0.0661072
0.0569142
0.0813467
0.0620268
0.06102
0.0655792
0.0579345
0.0608652
0.0657814
0.0564798
0.0607132
0.0554738
0.0552064
0.0599534
0.0573384
0.058456
0.0632701
0.0581405
0.0590609
0.0601044
0.0581954
0.0678935
0.0592524
0.0656379
0.0558146
0.0660104
0.0620676
0.0580588
0.0559794
0.0611809
0.0572523
0.0652101
0.0664468
0.0585365
0.0629593
0.0558908
0.0562138
0.0580649
0.0620312
0.067536
0.0553614
0.0594409
0.0670972
0.0560011
0.0589647
0.058721
0.0646406
0.0793099
0.0561723
0.0606189
0.0606339
0.0621028
0.0593234
0.068143
0.0698853
0.0592252
0.0652564
0.0633905
0.0626908
0.0595212
0.0605398
0.055947
0.0566482
0.0595975
0.0591082
0.057552
0.061705
0.066473
0.056797
0.0587766
0.055
0.057728
0.0593122
0.0599438
0.0589164
0.0558784
0.068858
0.0628631
0.0556904
0.0693597
0.0573697
0.0650283
0.0636608
0.0743567
0.0672884
0.0555377
0.0607112
0.0585133
0.0590193
0.0700556
0.0602369
0.0596782
0.0682852
0.0566474
0.0586037
0.0625399
0.0665551
0.0595394
0.0581471
0.0569404
0.0644519
0.0604358
0.0620089
0.0608738
0.060472
0.065204
0.060019
0.0661813
0.0611136
0.0671149
0.0666448
0.0604954
0.0676714
0.0626108
0.0587151
0.0640643
0.0591865
0.0635796
0.0573513
0.0623423
0.0551754
0.0647879
0.0572982
0.0585516
0.0655199
0.061958
0.0623501
0.058358
0.0802432
0.0562079
0.0578466
0.0567335
0.057141
0.0592546
0.0644686
0.0635606
0.0607979
0.0631744
0.0627463
0.0582246
0.064715
