0.0724256
0.0757491
0.0747129
0.0748885
0.0866046
0.0776502
0.0789489
0.0702303
0.0743985
0.0732983
0.0724232
0.0722363
0.0932772
0.0716646
0.0717678
0.0789659
0.0781894
0.0734359
0.0828275
0.0788076
0.0893234
0.0772279
0.0794594
0.0702502
0.0780991
0.0822941
0.0752768
0.0849414
0.0727443
0.0874774
0.0807751
0.07892
0.0708232
0.0767352
0.0724967
0.0702911
0.0726115
0.0785619
0.0717936
0.0778304
0.0722189
0.0721283
0.0754003
0.07737
0.0722812
0.0814181
0.0746489
0.0827701
0.0811801
0.0788041
0.0741199
0.0709381
0.0802614
0.075348
0.077744
0.0737548
0.0750097
0.0762251
0.0826442
0.0725184
0.0709661
0.0805656
0.0720792
0.0996229
0.0913524
0.0769466
0.0856849
0.0765292
0.0710533
0.0858799
0.0956398
0.0843299
0.0750537
0.0902351
0.0747846
0.0823623
0.0814282
0.0750974
0.0723141
0.0707519
0.0736981
0.0805209
0.079002
0.0713862
0.0757227
0.0818622
0.0760425
0.078629
0.0723232
0.0723304
0.0746409
0.097505
0.0728649
0.0781524
0.0766625
0.0751429
0.0770752
0.0716893
0.0813366
0.0728558
0.0749656
0.0714661
0.0739278
0.0730299
0.0866159
0.0796999
0.0700315
0.0725516
0.0707328
0.0786169
0.0823234
0.0836504
0.086372
0.0815227
0.0812555
0.0756467
0.081644
0.0783754
0.0841656
0.072631
0.086981
0.0726609
0.0713264
0.0735813
0.0877679
0.0935463
0.0866035
0.0817476
0.0839334
0.0735919
0.0703024
0.0819574
0.0740351
0.074217
0.0910421
0.0779896
0.071695
0.0857407
0.0810033
0.0736673
0.0787331
0.0704914
0.070662
0.0763212
0.0786119
0.0759283
0.0706575
0.0820971
0.0759765
0.0774063
0.0845933
0.0733759
0.0700763
0.0759929
0.0849889
0.07
0.0822454
0.0830897
0.0956269
0.0737677
0.0764317
0.075439
0.07
0.0804914
0.072444
0.0731986
0.0775641
0.0743416
0.0738301
0.0705505
0.0770051
0.0756821
0.0811844
0.0797504
0.0713564
0.0822884
0.072549
0.0739514
0.0806139
0.0747029
0.0720533
0.0713583
0.0740428
0.0874856
0.0719829
0.071012
0.0778219
0.074871
0.0731092
0.0811375
0.0776901
0.0743726
0.0967383
0.0727053
0.0906798
0.0797372
0.0762286
0.0760954
0.0754128
0.0730071
0.0765369
0.0838187
0.0807422
0.082401
0.0743157
0.0774022
0.0713705
0.0874109
0.0879262
0.0805061
0.0888789
0.0718634
0.0732972
0.0741754
0.0741576
0.0743439
0.0711547
0.0845868
0.075662
0.0776392
0.0788233
0.0897596
0.0777323
0.0748427
0.0755444
0.0703035
0.0717394
0.0756339
0.0740571
0.0846808
0.0700016
0.0733077
0.0742726
0.0746442
0.0756616
0.0793822
0.0851198
0.0738994
0.0766459
0.0775124
0.0864907
0.0834201
0.0805628
0.0804859
0.0806492
0.0716836
0.0759795
0.0741906
0.0751922
0.073715
0.0757944
0.0769801
0.0749225
0.0774864
0.0778693
0.0739747
0.0779265
0.0723645
0.0778627
0.0778564
0.0768602
0.0704677
0.0730254
0.0739617
0.0751456
0.070179
0.0722649
0.0763284
0.0744013
0.0779407
0.0769916
0.0741394
0.0890802
0.0718098
0.077706
0.0785996
0.0737867
0.0894909
0.0803142
0.0815792
0.077653
0.07105
0.0704448
0.0832282
0.0751759
0.0748995
0.0739318
0.078081
0.086618
0.0736371
0.0749373
0.0729876
0.0704312
0.0815628
0.0712384
0.0809985
0.0738785
0.0788442
0.0757374
0.0748193
0.0747988
0.0772212
0.072168
0.075627
0.0776822
0.0792412
0.0885853
0.0706102
0.0838799
0.0867364
0.0733106
0.0794303
0.0742889
0.0732053
0.089554
0.0742533
0.0810709
0.0780527
0.076191
0.0848491
0.0749089
0.0775884
0.0923146
0.0710852
0.0706737
0.0761892
0.0820324
0.0736163
0.0857023
0.0730995
0.0751047
0.0743779
0.0831093
0.0783289
0.0817989
0.0736313
0.0757925
0.0985641
0.0788932
0.076307
0.0810237
0.07
0.0805213
0.0813408
0.0761417
0.074428
0.0722038
0.0746691
0.07
0.0909405
0.0707768
0.0723809
0.0737519
0.0705044
0.0765642
0.0732169
0.0867668
0.085273
0.0737922
0.0711981
0.0713859
0.0742123
0.0725531
0.0779721
0.0769872
0.0713202
0.0709959
0.0781234
0.0711622
0.0737458
0.0732362
0.0822648
0.0805885
0.0796392
0.0710021
0.073028
0.0761675
0.0801878
0.0914288
0.0861578
0.080862
0.0864678
0.0947801
0.0829624
0.0725411
0.0740178
0.0980746
0.0717868
0.0742512
0.0751229
0.0767236
0.0715462
0.0757233
0.0811502
0.0716112
0.0794365
0.0799587
0.0838805
0.0844211
0.0782431
0.0733995
0.0708986
0.0711543
0.0721062
0.0717941
0.0724686
0.0726985
0.0887065
0.0766646
0.0786362
0.0723229
0.0757675
0.0848418
0.0837688
0.0837837
0.0734785
0.0741496
0.0757603
0.0754548
0.0831159
0.0704378
0.0777731
0.0748118
0.0764966
0.0842778
0.0809931
0.0707268
0.074282
0.0814625
0.0735964
0.0754925
0.0714394
0.0740242
0.0776524
0.0724363
0.0731462
0.0741775
0.072803
0.0835439
0.0819973
0.0726598
0.0817715
0.0774614
0.0782324
0.0871322
0.0714253
0.0742417
0.0768059
0.0752345
0.07651
0.0737548
0.0786715
0.0717317
0.0809303
0.07364
0.0714865
0.0839216
0.0762956
0.0813158
0.0776366
0.0845465
0.0793541
0.0708785
0.0786788
0.07
0.0813348
0.0759128
0.0735151
0.07
0.0736035
0.0780196
0.0813651
0.0854368
0.07
0.077323
0.0886675
0.0832904
0.0750319
0.0733598
0.0844776
0.0779347
0.084069
0.0724754
0.0786576
0.0711057
0.0721468
0.0766493
0.074228
0.0727965
0.0726677
0.0762981
0.0847453
0.0912015
0.0804117
0.0727025
0.0725443
0.0723296
0.083673
0.0723077
0.0799605
0.0822988
0.081944
0.0746606
0.0852909
0.0727868
0.0915011
0.0718573
0.0709718
0.0764486
0.0748464
0.07101
0.0715522
0.073726
0.0755199
0.07252
0.0876519
0.07
0.0710088
0.083769
0.0722699
0.0750946
0.0788317
0.0885504
0.0808024
0.0764822
0.0985981
0.101266
0.0743695
0.083585
0.0742638
0.078319
0.0801899
0.0777132
0.0700267
0.080545
0.0759683
0.0783924
0.0783538
0.0721577
0.0721429
0.0720726
0.0837254
0.0745959
0.0722749
0.070759
0.0765759
0.0743998
0.0769621
0.0761689
0.0830128
0.0838181
0.0802383
0.077475
0.0769528
0.0821684
0.0799203
0.0722954
0.0897477
0.0895292
0.0730847
0.0784883
0.0769617
0.083915
0.0723073
0.0825374
0.087904
0.0834947
0.0729877
0.0711919
0.0821408
0.0752912
0.0791777
0.0833189
0.0718624
0.0728148
0.073275
0.0779039
0.0759723
0.0769675
0.0890935
0.0719596
0.0731263
0.0753316
0.0701699
0.0757525
0.0746391
0.0830219
0.0734037
0.0769918
0.0744525
0.0857884
0.0760931
0.0735854
0.0722805
0.0808645
0.079378
0.0794275
0.0773953
0.0771106
0.0770154
0.0711225
0.0715131
0.0783899
0.0743121
0.0847458
0.0923218
0.077672
0.0709158
0.0768106
0.0834769
0.0759804
0.0713891
0.0710848
0.0839408
0.079774
0.0744378
0.0719169
0.0901917
0.084379
0.0836351
0.0788669
0.0746133
0.0900077
0.0838995
0.0807796
0.0820889
0.0939898
0.0707998
0.0811519
0.0767389
0.0876224
0.0806776
0.07926
0.0850173
0.0837667
0.0728514
0.0822233
0.0748267
0.0799685
0.0779973
0.0771097
0.073969
0.0836182
0.074285
0.0795931
0.0755408
0.0776663
0.0815161
0.0719644
0.076671
0.0758163
0.0891992
0.0753279
0.0774361
0.0849013
0.0714418
0.0721296
0.0709913
0.0722249
0.074717
0.0809562
0.0823862
0.0792692
0.0809606
0.0730398
0.0752191
0.0833753
0.0778416
0.0755804
0.0751783
0.0807929
0.078384
0.07
0.091994
0.0718783
0.077725
0.0820786
0.07592
0.0778911
0.0836141
0.0787606
0.092532
0.0731887
0.0737208
0.0716667
0.0732439
0.0772223
0.0828148
0.0776435
0.0781948
0.0778139
0.0935501
0.0792481
0.0821425
0.0701128
0.0714222
0.0852426
0.0789572
0.0836858
0.0710161
0.071105
0.0753089
0.0746982
0.0940734
0.081208
0.073222
0.10411
0.0759301
0.0779774
0.0837824
0.0722563
0.082675
0.0713254
0.0876999
0.0768995
0.0789331
0.0804631
0.0782676
0.0761985
0.0739113
0.0828601
0.0827819
0.0774442
0.0807374
0.0712437
0.0733814
0.0770001
0.0823285
0.0770159
0.0826023
0.0827324
0.0835593
0.0785024
0.0726714
0.0753799
0.0742271
0.07324
0.07916
0.0733965
0.0805984
0.075543
0.0731525
0.0709223
0.0791197
0.0802759
0.0835494
0.0754235
0.075995
0.0930789
0.078706
0.0724032
0.0817423
0.0852434
0.0861875
0.0775914
0.081012
0.0722395
0.0802218
0.081804
0.0735985
0.0847063
0.0755112
0.0706637
0.0792858
0.0722483
0.0807955
0.0747711
0.0735455
0.0732918
0.0707465
0.0832836
0.0782937
0.0766314
0.0704059
0.0803771
0.0830879
0.0796156
0.077033
0.0778006
0.0713419
0.0793293
0.0887069
0.0836931
0.0845762
0.0870484
0.0835298
0.07
0.0776566
0.0739209
0.0762929
0.0744652
0.0712589
0.086937
0.0732205
0.0770752
0.074172
0.0765485
0.0856975
0.0702323
0.0727277
0.0876164
0.0957927
0.0801389
0.0866921
0.0807061
0.0744947
0.0730833
0.0728591
0.0741737
0.0833625
0.0738539
0.0807892
0.0716518
0.0721688
0.0737553
0.0704781
0.0770418
0.075355
0.0805228
0.0771745
0.0792274
0.0702305
0.0799101
0.0815933
0.0831901
0.0756682
0.0776889
0.0743399
0.078578
0.0752524
0.0882439
0.0729669
0.0830319
0.0785497
0.0787555
0.0732055
0.080928
0.0784046
0.0712081
0.0809126
0.0707695
0.0864303
0.0861758
0.0757658
0.0786603
0.0815199
0.0775395
0.0803458
0.0784847
0.0726638
0.0735647
0.0766908
0.0755074
0.0715194
0.0930197
0.104852
0.0827325
0.0768312
0.0761982
0.0728057
0.0737482
0.0885415
0.070899
0.0764408
0.0875971
0.0765176
0.0734595
0.0722825
0.0819677
0.0895829
0.0752236
0.0777267
0.0756871
0.07351
0.0764174
0.0757812
0.0706336
0.0812448
0.0733251
0.0805666
0.071847
0.079768
0.0874771
0.0722974
0.07664
0.0812785
0.0724377
0.0732675
0.0886827
0.0728419
0.0792909
0.0714023
0.072883
0.0719678
0.0745111
0.0800056
0.0804142
0.0831262
0.0711227
0.0747844
0.073982
0.0844771
0.0761645
0.0770261
0.0753151
0.0802895
0.0852458
0.07973
0.0716527
0.0758368
0.0826775
0.0708905
0.0768953
0.0805321
0.086513
0.0726841
0.0798401
0.0700036
0.0834844
0.0714158
0.0807705
0.0703052
0.0720742
0.08428
0.0817682
0.0728331
0.07
0.0737029
0.0736082
0.0843199
0.0831239
0.0774778
0.0747252
0.074786
0.075022
0.0768282
0.0787754
0.0780488
0.0938258
0.073815
0.0733438
0.0737404
0.0839347
0.073699
0.0751321
0.0702829
0.0788314
0.0788891
0.0747711
0.0765233
0.0758011
0.0823881
0.0712145
0.0773587
0.083484
0.0934105
0.0837469
0.0810998
0.0769467
0.0867145
0.0830786
0.0728333
0.09857
0.0700881
0.0890429
0.0781762
0.0916346
0.075085
0.0762509
0.0751699
0.0715353
0.0777491
0.0854821
0.0779149
0.077021
0.0752093
0.0807293
0.0780282
0.0722658
0.0711564
0.0908856
0.0923071
0.0768358
0.0787234
0.0727054
0.0754685
0.0805984
0.0758192
0.0762337
0.0800043
0.0818872
0.0753935
0.0845812
0.083791
0.0916065
0.0751978
0.0781069
0.0759634
0.0774815
0.0910991
