0.0683343
0.0662875
0.0723404
0.0685101
0.0716583
0.0733954
0.0713105
0.0684249
0.0879196
0.0737671
0.0669901
0.0712222
0.0701675
0.0725407
0.0678895
0.0723008
0.0720472
0.0718127
0.0659873
0.074586
0.0712566
0.0692493
0.0667627
0.0800848
0.067289
0.0708137
0.078055
0.0784011
0.068142
0.0669546
0.0651413
0.0693749
0.075395
0.0677491
0.0725316
0.0721671
0.076548
0.0749297
0.0704896
0.0824153
0.0719961
0.0734607
0.0662821
0.066337
0.0733631
0.0679617
0.0722432
0.0689553
0.0658718
0.0693234
0.0793584
0.0745893
0.0654695
0.083879
0.0682488
0.096969
0.0672587
0.0672782
0.0719164
0.0874413
0.0724596
0.068113
0.0733672
0.0712955
0.0757615
0.0746323
0.0680358
0.0690149
0.0735453
0.0660404
0.0653422
0.0833665
0.0761058
0.0695476
0.0651261
0.0782591
0.0748079
0.0665812
0.0708904
0.0664941
0.0736674
0.0697738
0.0729431
0.0653817
0.0700989
0.065
0.0685812
0.0813695
0.0708608
0.0650078
0.0686447
0.0833842
0.0671439
0.0654545
0.0720564
0.0721934
0.0678836
0.0720126
0.0929116
0.0739727
0.0669896
0.071927
0.0718785
0.0666621
0.0776205
0.0716626
0.0688114
0.0666155
0.065
0.0690675
0.0706479
0.0932037
0.0655821
0.0693583
0.0745454
0.0726396
0.0680938
0.0834968
0.0703624
0.068153
0.0731138
0.0883482
0.0772777
0.0709905
0.0661652
0.069914
0.0772782
0.0698539
0.0765534
0.0702711
0.0707896
0.068242
0.0714504
0.0833104
0.0736487
0.0838702
0.0740238
0.077311
0.0865989
0.0782189
0.0726842
0.0666129
0.0727792
0.0740461
0.0685852
0.0768144
0.0679309
0.0735477
0.0769052
0.066993
0.0661602
0.066909
0.0661546
0.0714097
0.0680096
0.0658311
0.0703909
0.0709939
0.0664078
0.08423
0.0696661
0.0685479
0.0688945
0.0800749
0.0692338
0.0748493
0.0806028
0.0669225
0.0690543
0.0754675
0.0786825
0.0682838
0.0722501
0.0728208
0.0663729
0.0799379
0.0708484
0.067434
0.065
0.0753906
0.0858142
0.0732275
0.0704519
0.0672666
0.0859076
0.0779481
0.0830226
0.0733999
0.0685089
0.0732598
0.0747444
0.0678468
0.067553
0.065118
0.0853288
0.0731451
0.0699995
0.0673916
0.0718555
0.0725599
0.0651082
0.07386
0.0750221
0.0695193
0.0665111
0.0699361
0.0774486
0.0724885
0.066062
0.0767935
0.0658151
0.0723503
0.0788009
0.0866957
0.075762
0.0687138
0.0707432
0.0820798
0.0778208
0.0669101
0.0703677
0.0668895
0.0730378
0.0668046
0.066911
0.081333
0.0703382
0.0730733
0.069812
0.0710186
0.0726533
0.0782231
0.0696533
0.0678576
0.0721486
0.0720017
0.0676405
0.0679623
0.0759977
0.0763525
0.0718271
0.077177
0.070154
0.0778012
0.073033
0.078541
0.0658611
0.0807109
0.0743083
0.0694202
0.065335
0.0705283
0.0736437
0.0794399
0.0659231
0.0753172
0.0762813
0.0686052
0.0744096
0.0708399
0.0756197
0.0677136
0.0662699
0.0680709
0.0662756
0.0950697
0.0773891
0.0675319
0.0651149
0.0703333
0.084946
0.0745162
0.0775331
0.0686407
0.0705141
0.065
0.0862637
0.0685281
0.0730222
0.0679915
0.0710668
0.0824656
0.0858558
0.0656963
0.0731809
0.0690358
0.0668783
0.0761768
0.0659078
0.0780116
0.0702223
0.0727688
0.0679626
0.0754598
0.069879
0.0711239
0.0666262
0.0737862
0.0827225
0.0739863
0.065218
0.0676263
0.0930225
0.0731272
0.0699212
0.068484
0.0688436
0.0730363
0.0688144
0.0715403
0.0761688
0.0802211
0.0706325
0.0697678
0.070591
0.0734178
0.0682256
0.0785919
0.0732335
0.0667857
0.069211
0.0721683
0.0677007
0.0726285
0.0675798
0.0745576
0.0680261
0.0658987
0.0760006
0.0732531
0.0712577
0.0822921
0.0723792
0.0777872
0.0801827
0.0794072
0.0651312
0.0724027
0.0770188
0.0682159
0.0783811
0.0699304
0.0710867
0.0844872
0.0764422
0.070718
0.0750196
0.0663757
0.0674999
0.0796685
0.0867902
0.0657876
0.0685971
0.0674739
0.0701695
0.0753551
0.0726635
0.0719682
0.072019
0.0732275
0.0667813
0.0668764
0.0652151
0.0749362
0.065605
0.0735089
0.0665107
0.0717179
0.0682643
0.0778973
0.0657747
0.0705201
0.0653328
0.0679208
0.0697932
0.0735932
0.074675
0.0659464
0.0676207
0.0668061
0.0681022
0.0743073
0.0662558
0.0659511
0.0715252
0.0708752
0.0716532
0.0656314
0.0866092
0.0803812
0.0705466
0.0909987
0.0678481
0.0717119
0.0758014
0.0749403
0.0740259
0.0683939
0.0696342
0.0741315
0.0711666
0.0795179
0.0666248
0.0757456
0.0723333
0.0830517
0.0650638
0.0686952
0.0763855
0.0675043
0.0707386
0.0684422
0.0660244
0.0705007
0.0750547
0.0752493
0.0652188
0.0812389
0.067828
0.0766458
0.0691001
0.0735709
0.0707086
0.0695316
0.0821913
0.069423
0.0663074
0.0658047
0.0686161
0.0823059
0.0706573
0.0791435
0.0700257
0.0673983
0.078571
0.072842
0.0828381
0.0684177
0.0714385
0.0658501
0.0688568
0.0748454
0.0667685
0.0699038
0.0703588
0.0701526
0.0834027
0.0703095
0.0691837
0.0692019
0.0728001
0.0720849
0.0744997
0.0760997
0.0699528
0.0803962
0.0809444
0.0664664
0.0724405
0.0699843
0.0722635
0.0792175
0.0706539
0.0700196
0.0672926
0.0707655
0.081415
0.0799899
0.0676033
0.0692888
0.066446
0.0678894
0.0722267
0.0810085
0.070362
0.0706162
0.068411
0.065
0.0713232
0.0737583
0.0739127
0.0713223
0.0826777
0.081986
0.0674647
0.0742839
0.0677286
0.0711647
0.0712939
0.0702359
0.0689218
0.06866
0.0749245
0.0736031
0.0725828
0.0719476
0.0795917
0.0689562
0.0708283
0.0851292
0.0833488
0.0744946
0.0654618
0.068013
0.0673486
0.0705919
0.0746563
0.0702191
0.0856701
0.0774473
0.0738114
0.0789257
0.0716669
0.0730422
0.0657483
0.0691096
0.0775956
0.0820483
0.0672041
0.0665129
0.0715388
0.0696168
0.0768792
0.0685734
0.0779372
0.0669022
0.0807897
0.066011
0.0694281
0.0690978
0.0741532
0.0714074
0.0701297
0.0694266
0.0781863
0.0729446
0.0686391
0.0912057
0.0757787
0.0778576
0.0734808
0.0741406
0.0684526
0.067262
0.0724916
0.0733675
0.0715942
0.0747994
0.0674904
0.0733259
0.0650475
0.0707773
0.0669706
0.0709391
0.0724183
0.067967
0.0692755
0.0790633
0.0865471
0.0692193
0.0862379
0.0682514
0.0692988
0.0689966
0.0707573
0.0758532
0.0775999
0.0799104
0.0771496
0.068123
0.0895785
0.0673887
0.070163
0.0717242
0.0697767
0.0671175
0.0700609
0.0668318
0.075161
0.0789336
0.0674155
0.066749
0.0742445
0.0670155
0.0688937
0.0754424
0.0694162
0.0924242
0.0661578
0.0763982
0.0745798
0.0650414
0.074941
0.0776875
0.071682
0.0729394
0.072309
0.0680624
0.065524
0.0664685
0.0650731
0.0771233
0.0682586
0.0721884
0.068452
0.0770244
0.068803
0.0752853
0.0654383
0.0735606
0.0659061
0.065
0.065
0.0800767
0.0737511
0.0662484
0.0671295
0.0737344
0.0834434
0.0784341
0.0717388
0.0662883
0.0806496
0.070631
0.0761137
0.0760135
0.0694734
0.0652877
0.0791724
0.0809908
0.0740562
0.0777569
0.0709983
0.0677548
0.0726427
0.0680036
0.0692935
0.0735986
0.0728835
0.0746082
0.0813198
0.0784036
0.0683072
0.0653673
0.0869131
0.071208
0.0734989
0.0707809
0.0906133
0.0737976
0.0690329
0.0833865
0.0670689
0.0692323
0.0866193
0.073969
0.0766033
0.0692864
0.0688384
0.0712859
0.0729729
0.0723334
0.0694883
0.0656733
0.0675171
0.067863
0.0725794
0.0726513
0.0730068
0.0691204
0.0655358
0.0682005
0.0794043
0.0669157
0.0700856
0.0711423
0.0737586
0.071156
0.071678
0.0692028
0.0816235
0.068918
0.0684893
0.0685164
0.0692532
0.0678371
0.0748679
0.0769235
0.0665789
0.079035
0.0817488
0.0667098
0.0765689
0.0676885
0.074292
0.0663958
0.0666549
0.0691571
0.0725748
0.0654959
0.0689871
0.0682614
0.0654505
0.0684209
0.0671748
0.0800581
0.07027
0.0762021
0.0792351
0.0664409
0.0779799
0.07157
0.0714194
0.0691052
0.0701957
0.0710194
0.0760653
0.0652467
0.0689892
0.0715934
0.0663412
0.0732925
0.0721171
0.0657404
0.0661022
0.0818044
0.0686617
0.074383
0.0710085
0.0718044
0.0676742
0.0689512
0.0656518
0.0687481
0.0766551
0.0727194
0.0756352
0.0665206
0.069555
0.0679779
0.0765395
0.0792719
0.0838347
0.0839797
0.0659367
0.0751196
0.0653367
0.0676564
0.0787148
0.0763991
0.0733445
0.0713119
0.0768592
0.0705465
0.0865597
0.0733608
0.0704976
0.0816022
0.0808257
0.0725593
0.0686462
0.0756021
0.066727
0.0662464
0.0779464
0.0655944
0.0658831
0.0786662
0.0747376
0.0668947
0.0676908
0.0845147
0.0774326
0.0661181
0.0722119
0.0741389
0.0659259
0.0676219
0.0758447
0.0723886
0.0669066
0.0742131
0.0666311
0.0658427
0.066154
0.0686675
0.0715012
0.0699273
0.0666986
0.0700199
0.0757438
0.0737333
0.0688535
0.0712897
0.0745705
0.0898995
0.0678521
0.0738518
0.0801563
0.0800676
0.07505
0.0658979
0.0760828
0.066603
0.0676978
0.0748567
0.0675707
0.0742051
0.0839371
0.0764328
0.0781938
0.0733918
0.0690731
0.0694475
0.0769465
0.0733635
0.070033
0.0682188
0.0712808
0.0677216
0.0751373
0.0707395
0.0763527
0.0687642
0.0653976
0.0671436
0.0684124
0.067375
0.0844824
0.0714801
0.0726603
0.0757929
0.0789001
0.0734951
0.0654458
0.0666995
0.073975
0.0689339
0.065
0.0731656
0.0911431
0.0716684
0.0716886
0.0709966
0.0682514
0.068644
0.065
0.0804274
0.0674201
0.0807508
0.0695089
0.0730515
0.0650622
0.0757826
0.0720975
0.0732012
0.0787732
0.0770592
0.0739131
0.0774512
0.065
0.0761342
0.0658844
0.0662193
0.0691941
0.0875111
0.0738365
0.069343
0.0729273
0.0712709
0.0768532
0.086335
0.0795797
0.080057
0.0766923
0.06869
0.068561
0.0692846
0.0738116
0.0803739
0.0843757
0.076793
0.0676765
0.0693715
0.0672185
0.0733493
0.0705751
0.0702766
0.067979
0.0767806
0.0654864
0.0707587
0.0736135
0.0666631
0.0686699
0.0666945
0.0830071
0.0653394
0.0819896
0.0795077
0.067405
0.0675785
0.0929092
0.0765134
0.0732797
0.0683006
0.070492
0.0783199
0.0720161
0.0692899
0.0745296
0.0689134
0.0714625
0.067544
0.0679611
0.0665859
0.0656112
0.0659339
0.0664993
0.0680145
0.0659701
0.0775566
0.0719872
0.0675904
0.0840132
0.0669034
0.0678688
0.072583
0.0682412
0.0674457
0.0723006
0.0666242
0.0745334
0.0774043
0.0652757
0.0720607
0.0725225
0.0726303
0.0854205
0.0691991
0.072291
0.0687409
0.0663479
0.0799098
0.0727885
0.0695834
0.0775664
0.0744645
0.0664329
0.0811447
0.0713568
0.0757814
0.0680384
0.0677549
0.0730489
0.0745648
0.065
0.0760597
0.0742046
0.0735367
0.0674166
0.0709917
0.0760947
0.0688232
0.0725944
0.068219
0.0787942
0.0689222
0.0653454
0.0721155
0.0833206
0.0823247
0.0841762
0.071938
0.0698483
0.0771081
0.0726673
0.0672158
0.0690997
0.0662921
0.073824
0.0731586
0.0752812
0.0760546
0.0704834
0.067125
0.0687615
0.0692997
0.0659209
0.0668451
0.0671902
0.0696977
0.0692908
0.0725993
0.0729489
0.0689354
0.0697821
0.0754059
0.0761522
0.0874688
