0.721818
0.74528
0.694314
0.722189
0.782854
0.73313
0.713986
0.721139
0.707791
0.716701
0.728474
0.662792
0.718181
0.722731
0.783086
0.705244
0.701483
0.744102
0.67299
0.773404
0.793905
0.647488
0.729639
0.714833
0.739316
0.749857
0.792158
0.770161
0.764059
0.684999
0.696901
0.746266
0.676998
0.756602
0.731737
0.745023
0.77406
0.775073
0.751961
0.719062
0.734442
0.736223
0.690961
0.722752
0.692223
0.725147
0.777201
0.77987
0.756574
0.767746
0.718971
0.763445
0.808374
0.71491
0.686836
0.74579
0.721024
0.668288
0.784204
0.738648
