0
0
0
0
0
0
0
0
0
0
0
0
0
0
0
0
0
0
0
0
0
0
0
0
0
0
0
0
0
0
0
0
0
0
0
0
0
0
0.00626348
0.0391023
0.146355
0.374265
0.665257
0.962345
1.15534
1.30371
1.38318
1.37729
1.41298
1.37162
1.3324
1.29816
1.24677
1.27659
1.19713
1.1927
1.16665
1.1545
1.13474
1.1209
1.12075
1.06321
1.07461
1.03281
1.05459
1.04428
1.0494
1.0066
1.0006
0.998923
0.981459
0.986108
0.978018
0.96067
0.974242
0.929759
0.959548
0.981317
0.945283
0.9653
0.964799
0.957641
0.977436
0.97547
0.947875
1.00185
0.97563
0.980481
0.98876
0.986988
1.00287
1.00451
0.986939
1.01373
1.01036
0.996436
0.990989
0.99811
0.970429
1.01372
1.01176
1.00737
1.00688
1.01376
1.00891
1.02276
1.01019
1.00158
1.01295
0.999178
0.993666
1.02702
1.00727
0.996089
0.986353
0.997185
0.996361
0.977169
1.00967
1.0025
1.00877
0.99295
1.00173
0.975745
1.00754
0.996681
0.999137
0.991929
0.998478
0.998856
1.00284
0.991713
0.998935
1.00412
0.98785
0.99066
1.00709
1.00723
1.00477
0.998045
1.0115
1.00938
0.992322
0.984916
1.00989
1.01347
0.983923
0.994829
1.01089
0.992007
0.991399
1.00002
1.00195
1.00166
1.01029
1.00551
1.00462
0.991955
0.992676
1.00847
0.997952
1.00521
1.00342
0.989053
1.00338
0.997155
0.988418
1.001
1.00312
1.00083
1.00691
0.995431
1.00474
0.997993
0.984845
1.00082
0.999479
0.997257
1.01176
0.997057
1.00668
0.994167
1.00086
1.00491
0.992334
0.99315
0.998467
1.00395
0.99654
0.998682
0.993487
0.997858
0.996394
0.996961
1.00192
1.00127
0.987258
1.00724
1.01482
0.99108
1.00121
0.997309
0.996443
0.99657
0.992207
1.01043
1.00412
0.991879
1.00365
0.997115
1.00586
1.00379
0.998208
0.998335
1.00225
1.01453
0.999467
1.00095
0.995116
0.989621
0.989503
0.991159
1.00442
1.00204
1.0054
0.998013
1.00796
1.00007
0.998295
0.996036
1.00032
0.991497
1.00431
1.00385
0.999743
0.999592
0.998935
1.00143
0.995752
1.0075
0.996227
1.00334
0.991049
0.993887
0.996334
1.00276
0.996253
1.00134
1.00015
0.997921
0.993985
0.979827
0.972019
0.951487
0.947157
0.928786
0.925731
0.910834
0.89866
0.892712
0.879676
0.863613
0.862858
0.845433
0.837365
0.826196
0.811305
0.802489
0.789734
0.788449
0.773187
0.760251
0.746358
0.746513
0.730804
0.726889
0.713852
0.708561
0.686861
0.676861
0.677725
0.665503
0.654535
0.648094
0.639318
0.619878
0.620244
0.605731
0.59609
0.587643
0.579062
0.57277
0.568132
0.556092
0.544278
0.534616
0.530654
0.525804
0.512462
0.501845
0.499686
0.487987
0.4752
0.469669
0.457306
0.45831
0.446698
0.438776
0.427854
0.423709
0.417751
0.406025
0.395974
0.388783
0.385134
0.377634
0.367082
0.361589
0.356132
0.34689
0.342056
0.332066
0.325955
0.319989
0.310223
0.301497
0.300027
0.291693
0.283602
0.278756
0.268876
0.260787
0.259053
0.247747
0.242914
0.234917
0.228088
0.222535
0.215839
0.211658
0.202203
0.194505
0.190069
0.18358
0.176939
0.170028
0.165071
0.158356
0.149924
0.145398
0.139527
0.13516
0.127168
0.122448
0.117104
0.110968
0.107915
0.102082
0.0977261
0.0949973
0.0906032
0.0853428
0.080805
0.0801402
0.0755384
0.0712239
0.0716355
0.0672002
0.0648631
0.061093
0.0586284
0.0566795
0.0540911
0.0521381
0.0488434
0.0475865
0.0448172
0.0433888
0.0417341
0.0396911
0.0370918
0.0369613
0.033523
0.0316079
0.0311118
0.0293085
0.0274879
0.0260831
0.0250439
0.0226162
0.0220483
0.0214599
0.0196374
0.0184414
0.0178196
0.0170089
0.0150672
0.0143284
0.0139726
0.0127643
0.0117993
0.0112799
0.0103807
0.00935991
0.00861658
0.00803372
0.00779358
0.00722025
0.00620734
0.00620079
0.00508446
0.00485614
0.00445848
0.00418872
0.00350466
0.00306528
0.00276769
0.00217617
0.00197646
0.00187661
0.00136514
0.00150051
0.00103276
0.000872598
0.000691849
0.000629997
0.00029894
0.000268515
0.000180583
5.03281e-05
6.44073e-05
0
7.09033e-06
0
0
0
0
0
0
0
0
0
0
0
0
0
0
0
0
0
0
0
0
0
0
0
0
0
0
0
0
0
0
0
0
0
0
0
0
0
0
0
0
0
0
0
0
0
0
0
0
0
0
0
0
0
0
0
0
0
0
0
0
0
0
0
0
0
0
0
