0.906339
0.928611
0.852974
0.86153
0.882959
0.897771
0.918767
0.846717
1.06442
0.919573
0.881364
0.844403
0.941149
0.830569
0.966041
0.937446
0.788339
0.858805
0.928291
0.866514
0.887591
0.845075
0.860501
0.881148
0.919678
0.906555
0.888339
0.883548
0.883911
0.871356
0.965514
0.847964
0.938727
0.872689
0.939732
0.858101
0.942015
1.00626
0.875407
0.831227
0.948102
0.882165
0.93936
0.898711
0.934285
0.937233
0.875126
0.879856
0.823703
0.875114
0.929675
0.94613
0.896336
0.975493
0.963156
0.923918
0.940165
0.887563
1.00077
0.944238
