0
0
0
0
0
0
0
0
0
0
0
0
0
0
0
0
0
0
0
0
0
0
0
0
0
0
0
0
0
0
0
0
0
0
0
0
0
0.00094314
0.00626348
0.0374022
0.164144
0.380426
0.648368
0.975662
1.13859
1.36841
1.38564
1.44606
1.39719
1.37217
1.348
1.30266
1.29104
1.21033
1.2275
1.17247
1.16665
1.1541
1.08863
1.16623
1.0664
1.07688
1.05153
1.06011
1.03228
1.03748
1.0362
1.02465
0.986186
1.02061
0.983861
0.984811
0.977261
0.986693
0.962533
0.967452
0.951616
0.947753
0.973693
0.963412
0.958249
0.945261
0.98679
0.955687
0.957534
0.971552
1.00541
0.98256
0.99384
1.01083
0.974851
1.0015
1.00337
1.0063
0.99328
1.01272
0.99868
1.01736
0.999546
0.998176
0.993906
1.00828
1.00561
1.00349
1.01291
0.998688
1.00902
1.00434
1.01317
0.996633
1.01072
0.995765
1.01461
1.00422
0.994244
1.02472
0.999782
0.988024
0.990498
0.999531
0.987394
1.01146
0.995718
1.00435
0.993077
0.989355
0.998557
0.980181
1.00322
0.996008
0.991939
0.998002
0.988358
1.00717
1.00163
1.00446
1.00261
0.987234
0.99391
0.988981
0.999207
1.00428
1.01714
0.989811
1.01205
0.998935
1.00506
0.987331
0.99176
1.00328
0.989818
1.01256
1.01552
1.0114
0.995125
0.997286
1.00164
1.00751
1.00556
1.00472
0.999651
0.976988
0.982981
0.997636
1.00417
0.997736
1.001
1.00397
1.00284
0.991732
0.991128
0.997912
0.991412
0.999799
1.00349
1.00728
1.00344
1.00631
0.994773
0.99467
0.999067
0.998475
0.995169
0.997547
1.00546
1.00086
1.00308
1.00014
0.999638
1.00913
1.00251
1.00115
0.997682
1.00167
1.01131
1.00387
0.99114
1.01085
0.998835
1.00314
0.990918
0.994141
1.00207
0.990581
0.991256
0.998183
1.00306
1.00174
1.00371
0.997599
0.994458
0.997441
0.990601
1.00759
0.998792
1.00071
0.990808
0.999718
1.00423
1.01087
0.991576
1.00546
0.996415
0.998165
1.0104
0.996787
0.994546
0.993125
0.994764
1.00054
0.996923
1.0008
0.998639
0.998837
1.0031
1.00072
0.997607
0.997641
1.01361
0.993766
1.00246
0.997659
0.992357
0.998495
0.999529
0.999743
1.00241
1.00745
0.993963
1.00542
0.995084
0.976493
0.973059
0.960072
0.946318
0.939961
0.921256
0.909994
0.897668
0.894347
0.883175
0.870226
0.849519
0.843122
0.834351
0.820777
0.812052
0.800988
0.791537
0.787445
0.776141
0.768725
0.753324
0.737612
0.731385
0.721559
0.711006
0.701878
0.695889
0.680953
0.671268
0.666123
0.652574
0.640404
0.633714
0.624678
0.617028
0.607031
0.597094
0.593783
0.585679
0.572115
0.562133
0.558447
0.542886
0.536651
0.526173
0.523136
0.508577
0.507286
0.49594
0.493371
0.474345
0.467653
0.462971
0.455241
0.445964
0.439309
0.426781
0.427599
0.41522
0.405574
0.400415
0.392467
0.385791
0.377714
0.372616
0.360366
0.354616
0.346812
0.342263
0.33299
0.324743
0.317669
0.310903
0.304226
0.294975
0.288626
0.280456
0.277095
0.27003
0.261294
0.258057
0.249727
0.243281
0.235082
0.227549
0.222383
0.216349
0.208218
0.203542
0.194493
0.191234
0.182624
0.177297
0.172816
0.163138
0.158004
0.151726
0.14669
0.139355
0.133239
0.127286
0.123266
0.115627
0.111839
0.105525
0.100276
0.0965909
0.0940429
0.0908277
0.0869564
0.0819556
0.0788153
0.0762871
0.072445
0.0709345
0.067102
0.0638082
0.0614622
0.0582033
0.057554
0.0539955
0.0525184
0.0501578
0.0466929
0.0452101
0.0429699
0.0415212
0.0387241
0.0376414
0.0358496
0.0339128
0.0315989
0.0308158
0.0292014
0.0272304
0.0258799
0.0249296
0.0240237
0.021596
0.0212695
0.0197494
0.0180816
0.0177685
0.0158558
0.0153625
0.0153189
0.0134047
0.0127144
0.0128081
0.011502
0.010659
0.00975093
0.0087706
0.00813857
0.00749661
0.00667713
0.00642989
0.0057737
0.00517104
0.00492663
0.00434156
0.00405686
0.00351238
0.00300382
0.00268359
0.00233595
0.00205976
0.00169573
0.00144015
0.00121683
0.000936173
0.000813439
0.00072865
0.000659299
0.000342688
0.000283029
0.00019503
0.000100656
2.14691e-05
1.42465e-05
0
0
0
0
0
0
0
0
0
0
0
0
0
0
0
0
0
0
0
0
0
0
0
0
0
0
0
0
0
0
0
0
0
0
0
0
0
0
0
0
0
0
0
0
0
0
0
0
0
0
0
0
0
0
0
0
0
0
0
0
0
0
0
0
0
0
0
0
