0
0
0
0
0
0
0
0
0
0
0
0
0
0
0
0
0
0
0
0
0
0
0
0
0
0
0
0
0
0
0
0
0
0
0
0
0
0
0.000894782
0.016151
0.0590271
0.204074
0.475078
0.804641
1.08903
1.27488
1.46538
1.44724
1.42088
1.41276
1.35008
1.34017
1.30789
1.26455
1.25474
1.25169
1.17412
1.1886
1.15955
1.10891
1.12437
1.1109
1.08073
1.05748
1.04375
1.03439
1.0476
1.00951
1.01191
1.01155
0.990532
0.975212
0.979531
0.991113
0.980694
0.963264
0.960682
0.954598
0.950449
0.93781
0.935327
0.938273
0.961458
0.956638
0.983167
0.980079
0.955777
0.962638
0.98876
0.990134
0.99315
0.995322
1.00197
0.992187
0.981101
1.03177
1.00381
1.00188
0.982595
1.01104
0.997189
1.01034
0.996778
1.01067
1.02676
1.00357
1.0075
1.02201
1.01824
1.00416
1.00746
0.997685
1.00172
1.01575
1.00527
1.00116
1.00936
0.983989
1.00108
0.995072
1.01461
0.996453
1.00155
0.985572
1.00959
1.00123
1.00104
1.00017
1.00233
0.997748
1.00713
0.998309
0.992136
1.01067
0.979638
0.996077
1.01108
1.00554
0.982848
0.992388
0.995579
0.994408
0.995457
1.00173
0.996294
0.998622
1.00506
0.996536
1.00024
0.998713
1.00135
0.994765
0.994023
0.993104
1.0044
1.01215
0.995412
1.00265
0.999275
0.994396
0.990281
1.00079
0.98494
1.00865
1.00397
1.00481
1.00942
0.998586
1.00223
0.989932
0.989075
1.00314
0.998588
0.996539
1.01555
0.998844
1.00225
1.00791
0.997271
1.00039
1.01087
0.997751
0.994253
0.990969
1.00632
1.00498
0.998353
0.991656
0.997586
0.998534
0.998933
1.00538
0.994604
0.992392
0.999497
0.997696
1.00282
1.00551
0.986448
1.00071
1.00385
0.9994
0.990233
0.993559
1.00752
0.998528
1.00054
0.997608
1.00487
0.999109
0.982815
1.00453
1.0025
0.998248
0.989798
1.0006
1.00009
1.00347
0.996227
1.00176
1.00282
1.00035
0.997942
1.00464
1.0015
1.00151
1.00266
0.999634
1.00134
0.99737
0.999644
0.996025
0.994689
1.00443
1.00502
1.00017
0.999504
1.00528
1.00554
0.998298
0.996709
0.999365
1.00348
0.996906
0.996068
1.00467
1.00097
1.00301
0.997915
1.00124
0.991935
0.979408
0.974182
0.956296
0.939622
0.936852
0.914624
0.906374
0.902749
0.900138
0.877096
0.868384
0.854062
0.852864
0.841782
0.824503
0.817001
0.801247
0.79483
0.78025
0.768945
0.765343
0.749144
0.741761
0.731508
0.724984
0.716246
0.700053
0.696334
0.678474
0.674235
0.668315
0.649832
0.648968
0.633419
0.631007
0.615655
0.600517
0.596727
0.589494
0.582017
0.569773
0.562908
0.551996
0.544997
0.541481
0.525932
0.520888
0.51014
0.50393
0.4955
0.48736
0.479171
0.469828
0.462198
0.45534
0.450242
0.439898
0.429345
0.422961
0.410529
0.403414
0.397903
0.389673
0.386368
0.377167
0.371464
0.365655
0.353347
0.348384
0.339668
0.333311
0.326197
0.317543
0.30846
0.306154
0.297277
0.288985
0.283602
0.276899
0.26765
0.263998
0.25693
0.249632
0.246162
0.232725
0.226518
0.22151
0.216106
0.208759
0.20122
0.196381
0.191132
0.185558
0.178861
0.170516
0.163591
0.156752
0.151562
0.146093
0.138631
0.133786
0.124628
0.121928
0.117136
0.112626
0.106277
0.103265
0.0980666
0.093458
0.0890826
0.0882251
0.081017
0.0810135
0.0747198
0.0721273
0.0691177
0.0661298
0.0649021
0.062045
0.0601646
0.0566218
0.0535463
0.052661
0.0500254
0.0471256
0.0457622
0.0427559
0.0411046
0.0393043
0.0369177
0.0354031
0.0338493
0.0324105
0.0312105
0.0286838
0.0276832
0.0261891
0.0245694
0.0229572
0.0225266
0.0208109
0.0199043
0.0184328
0.0170953
0.01639
0.0151516
0.0152601
0.0132961
0.0126812
0.0119895
0.0109919
0.0105854
0.0100198
0.00884355
0.00841282
0.00759292
0.00692473
0.00635835
0.00538615
0.0053442
0.00470732
0.00459099
0.00391723
0.0030878
0.00323429
0.00263772
0.00246531
0.00215063
0.00167312
0.00146265
0.00130642
0.0010179
0.000828228
0.000662409
0.000571392
0.000488512
0.000290286
0.00028171
9.34665e-05
9.30328e-05
2.84929e-05
7.09033e-06
0
0
0
0
0
0
0
0
0
0
0
0
0
0
0
0
0
0
0
0
0
0
0
0
0
0
0
0
0
0
0
0
0
0
0
0
0
0
0
0
0
0
0
0
0
0
0
0
0
0
0
0
0
0
0
0
0
0
0
0
0
0
0
0
0
0
0
