0
0
0
0
0
0
0
0
0
0
0
0
0
0
0
0
0
0
0
0
0
0
0
0
0
0
0
0
0
0
0
0
0
0
0
0
0
0
0.00357913
0.016151
0.118054
0.306497
0.583752
0.881741
1.13055
1.32741
1.40342
1.42666
1.3628
1.38245
1.37089
1.29816
1.24774
1.25899
1.21589
1.22112
1.21235
1.15691
1.16846
1.10816
1.08741
1.09161
1.08005
1.08807
1.05045
1.08416
1.0209
1.00223
1.01417
0.985194
0.998804
0.972618
1.00426
0.965334
0.946762
0.962333
0.966121
0.954157
0.956905
0.96614
0.951495
0.956244
0.968278
0.985932
0.962549
0.956494
0.965526
0.984639
0.971657
0.99626
0.972908
1.01338
0.996394
0.998862
1.02447
1.00429
0.992555
0.982484
1.00365
1.01318
1.00809
1.01948
1.00751
0.986152
0.999068
1.00691
1.00996
1.01317
1.01475
0.996744
1.00453
0.985951
1.0078
1.00762
1.00719
0.992711
0.991964
1.00368
1.0193
0.992472
0.980452
1.00984
1.0027
0.995572
0.980926
0.997945
1.01265
0.995193
1.00129
1.00724
0.996612
1.00774
0.994478
0.985142
1.0009
1.00908
0.994064
0.991513
1.01258
0.994637
0.99437
0.99666
0.996568
1.01435
1.00296
1.01009
0.983614
0.973005
0.993564
0.99266
0.99784
0.99985
0.999327
1.01044
1.00263
0.998548
1.00131
0.987678
1.00292
1.00769
0.994503
0.994073
1.01186
0.974219
1.00686
1.01507
0.997652
1.00492
1.00102
1.0077
0.997333
0.999174
0.996582
1.0046
1.00501
0.996605
1.00101
1.00063
1.01413
1.00624
0.996705
0.99304
1.00043
0.991402
0.990308
1.00371
0.992786
0.994221
1.00053
1.00341
0.996082
1.00596
0.995034
0.997209
0.999112
1.00193
0.996567
1.00068
0.994897
0.995045
1.01144
1.00064
1.00366
1.00669
0.993539
1.00406
0.997683
0.987412
0.999411
0.996752
0.997422
0.997707
0.996035
1.00043
1.00225
0.998197
0.989224
1.00263
0.99845
0.997714
0.991576
1.00527
1.00609
1.00491
0.999792
0.994101
0.995114
1.00745
0.999337
1.00208
0.998645
1.00278
1.01231
1.00925
0.995015
1.0016
0.990612
0.996137
1.00293
1.00047
0.999185
1.00171
1.00578
0.994267
0.993516
0.996244
1.00359
0.997724
0.999654
0.999753
0.995592
0.979387
0.965778
0.959268
0.947198
0.938112
0.925973
0.916135
0.897251
0.887414
0.874575
0.869509
0.855871
0.848948
0.831583
0.821869
0.808467
0.80323
0.796688
0.785309
0.770903
0.760538
0.753717
0.741016
0.72915
0.7246
0.708786
0.710507
0.692863
0.683415
0.67378
0.664466
0.654186
0.64349
0.63609
0.621066
0.624057
0.609246
0.597667
0.592248
0.577821
0.581511
0.564164
0.553905
0.548606
0.528267
0.528602
0.521773
0.516794
0.502821
0.499554
0.485667
0.482867
0.469957
0.457578
0.453493
0.450581
0.437247
0.427045
0.423086
0.414573
0.402867
0.399845
0.389781
0.383284
0.377794
0.373596
0.364352
0.356577
0.347839
0.340972
0.335017
0.324718
0.314438
0.310991
0.304827
0.299915
0.285893
0.282791
0.27817
0.269301
0.261198
0.254314
0.247724
0.243744
0.234846
0.22947
0.220311
0.215307
0.208977
0.201677
0.19596
0.192737
0.183984
0.177073
0.170728
0.161436
0.15862
0.153353
0.145658
0.140154
0.132906
0.128225
0.124231
0.11626
0.110727
0.104816
0.102082
0.0984897
0.092596
0.0901031
0.0855762
0.0819758
0.079267
0.076297
0.0729414
0.0710826
0.0673082
0.0640231
0.0613553
0.0583579
0.0570447
0.0531162
0.0518719
0.0493351
0.0466082
0.0453692
0.0426628
0.0416323
0.0386504
0.0373574
0.0365604
0.0346108
0.0320318
0.0298559
0.0283178
0.0289173
0.0265336
0.0249736
0.0245133
0.0228919
0.0212608
0.0201196
0.0182529
0.0177685
0.016568
0.0149913
0.0141437
0.0135884
0.012864
0.0118738
0.0110248
0.00972576
0.0102316
0.00823561
0.00879192
0.00734411
0.00702057
0.0061994
0.00547315
0.00541503
0.00476998
0.00420906
0.00360696
0.0035201
0.00324197
0.00274475
0.0021229
0.00218092
0.00183139
0.00165767
0.00127656
0.00108477
0.000931757
0.000816971
0.000498137
0.000408309
0.000275772
0.000209476
0.000150984
5.72509e-05
2.13697e-05
0
0
0
0
0
0
0
0
0
0
0
0
0
0
0
0
0
0
0
0
0
0
0
0
0
0
0
0
0
0
0
0
0
0
0
0
0
0
0
0
0
0
0
0
0
0
0
0
0
0
0
0
0
0
0
0
0
0
0
0
0
0
0
0
0
0
0
0
