0
0
0
0
0
0
0
0
0
0
0
0
0
0
0
0
0
0
0
0
0
0
0
0
0
0
0
0
0
0
0
0
0
0
0
0
0
0
0.00805304
0.0382523
0.135843
0.360403
0.64176
0.95043
1.13256
1.3319
1.41692
1.39551
1.46034
1.32074
1.32512
1.27966
1.25592
1.2525
1.18954
1.21639
1.15377
1.1537
1.14288
1.10217
1.07799
1.10985
1.0556
1.00189
1.06224
1.05943
1.05929
1.02552
1.02632
0.998099
1.02389
0.982736
0.987606
0.956496
0.958471
0.991417
0.955922
0.942233
0.954538
0.958166
0.966231
0.965229
0.957365
0.95854
0.972765
0.964658
0.972262
0.988276
0.979954
0.981359
1.00837
0.979639
0.981669
1.00008
1.00769
1.01141
1.00352
0.994762
0.993257
1.02993
1.00205
1.00879
1.01218
1.01649
1.02324
1.00739
1.00762
1.00537
1.00596
0.985019
1.00225
1.01209
1.00654
0.999486
1.00537
0.993606
0.991964
0.99398
0.995315
0.997209
1.01032
0.983336
0.997839
0.991572
1.00728
0.999124
0.997894
0.99764
1.00201
1.00226
0.990459
0.991253
0.997575
1.00047
1.00706
0.997883
0.975628
1.01137
0.991283
0.999136
1.00351
0.994077
1.01211
1.00179
0.998454
0.990165
0.995108
0.994951
1.01058
0.999544
0.993097
1.0039
1.00235
1.00363
0.996792
1.00952
1.00451
1.00265
0.996688
1.00102
0.998879
1.00877
0.998049
1.0018
0.996866
0.985582
0.994638
0.982513
0.998914
1.01015
1.00555
0.998768
1.00594
0.994336
1.00745
0.997079
1.00395
0.99932
1.00185
1.0069
0.992431
0.998032
0.997558
0.993569
1.00765
0.993921
0.992252
1.00248
0.996615
1.00378
0.985008
1.00773
1.00133
0.984174
0.994835
0.993532
1.01017
1.00612
1.00001
1.00181
0.99656
1.00113
0.987451
1.00282
0.991826
1.01266
0.994728
1.0074
0.99935
1.00258
1.00619
0.993616
1.00029
1.00724
0.995938
1.0022
1.00125
1.01127
1.00359
0.999723
0.995968
0.995781
1.00579
0.99628
0.99674
1.00013
0.993305
0.994329
1.00244
1.00188
0.996773
0.991571
1.00156
0.996429
0.999116
0.993183
0.992864
1.00152
1.01051
0.99876
0.997466
1.00052
0.997297
0.998181
1.00272
1.00357
0.991844
1.00496
0.999332
0.997367
0.997769
0.981064
0.970126
0.956151
0.942304
0.934922
0.923272
0.912214
0.89872
0.885543
0.874282
0.863671
0.856025
0.849387
0.834692
0.825086
0.812575
0.807234
0.795272
0.784469
0.776631
0.768347
0.752788
0.738428
0.724732
0.718921
0.714129
0.705392
0.693085
0.68535
0.671757
0.661738
0.651494
0.652351
0.636369
0.633106
0.619985
0.602458
0.599277
0.585016
0.581027
0.569571
0.56821
0.553351
0.548529
0.535679
0.532057
0.518221
0.506687
0.502304
0.492768
0.489636
0.480317
0.469914
0.466289
0.458367
0.445541
0.435676
0.430376
0.427461
0.416527
0.407268
0.398636
0.393425
0.385067
0.379139
0.367214
0.362984
0.351739
0.350022
0.339668
0.332361
0.324833
0.317112
0.313598
0.304276
0.295249
0.290864
0.28241
0.274786
0.270794
0.263382
0.25519
0.248844
0.242013
0.236177
0.227642
0.220683
0.212922
0.208563
0.20337
0.200225
0.190917
0.18222
0.177822
0.171228
0.163005
0.159564
0.152403
0.145029
0.139862
0.134709
0.124489
0.122098
0.116239
0.110601
0.105859
0.102694
0.0986961
0.0956541
0.0891846
0.0855863
0.0826117
0.0817764
0.0767363
0.0723358
0.0705198
0.0664735
0.0643552
0.0613067
0.0585511
0.0557954
0.0533456
0.0527751
0.0495242
0.0471256
0.045285
0.0435935
0.0407713
0.0395437
0.0376506
0.0355124
0.0348284
0.0329696
0.0302685
0.0286213
0.0283402
0.0264982
0.0244024
0.0230534
0.0221961
0.0206638
0.0198441
0.0188697
0.0177685
0.0171785
0.0155819
0.0144459
0.0132126
0.0135122
0.0120557
0.0112799
0.0100205
0.00942508
0.00872196
0.00780787
0.00718358
0.00698064
0.00632656
0.00567879
0.00523401
0.00481697
0.00462996
0.00384742
0.00346606
0.00324197
0.00260713
0.00222943
0.00205219
0.00172588
0.00118512
0.00132881
0.00112935
0.000939152
0.00072865
0.000483486
0.000386435
0.000224972
0.000252816
0.000165364
6.44073e-05
2.13697e-05
0
0
0
0
0
0
0
0
0
0
0
0
0
0
0
0
0
0
0
0
0
0
0
0
0
0
0
0
0
0
0
0
0
0
0
0
0
0
0
0
0
0
0
0
0
0
0
0
0
0
0
0
0
0
0
0
0
0
0
0
0
0
0
0
0
0
0
0
