0
0
0
0
0
0
0
0
0
0
0
0
0
0
0
0
0
0
0
0
0
0
0
0
0
0
0
0
0
0
0
0
0
0
0
0
0
0
0
0
0
0.000577569
0.0137677
0.0956738
0.367196
0.835559
1.47534
2.00288
2.50683
2.62701
2.69094
2.5717
2.34835
2.097
1.87909
1.6686
1.55085
1.44744
1.28967
1.1652
1.07835
1.01885
0.953656
0.882659
0.843069
0.776252
0.779849
0.747744
0.726284
0.708005
0.712879
0.666616
0.699449
0.710743
0.68749
0.679869
0.716942
0.704687
0.714612
0.743648
0.773026
0.800747
0.833919
0.858863
0.910957
0.944474
0.982853
1.01469
1.0385
1.09068
1.11347
1.13679
1.16256
1.18983
1.19341
1.20192
1.21025
1.23641
1.22148
1.19223
1.18615
1.15661
1.12706
1.10371
1.0907
1.06289
1.03258
1.01097
0.977037
0.957863
0.95258
0.947652
0.936303
0.910147
0.906003
0.900002
0.89781
0.898876
0.874064
0.902823
0.912358
0.906969
0.910783
0.915462
0.938421
0.932873
0.953428
0.968147
0.974523
0.98551
0.994762
1.00788
1.01108
1.02613
1.03688
1.04319
1.0537
1.05084
1.06834
1.05788
1.05865
1.05691
1.0578
1.05707
1.05049
1.05457
1.04597
1.02511
1.02344
1.01233
1.02523
1.00632
1.00365
0.997916
0.987874
0.986151
0.981753
0.982598
0.974792
0.971991
0.959222
0.963436
0.963292
0.972346
0.962655
0.971321
0.97501
0.974465
0.971972
0.98325
0.981023
0.976346
0.985517
0.992992
1.0002
0.994936
1.00732
1.01738
1.01809
1.01638
1.00937
1.01132
1.01941
1.02289
1.02837
1.02044
1.02614
1.021
1.0128
1.01111
1.01425
1.00754
1.00489
1.00985
0.998262
1.00416
1.00128
0.999889
1.00105
1.00119
0.991743
0.999661
0.985082
0.982438
0.989527
0.98661
0.982233
0.987967
0.988535
0.996163
0.993276
0.99329
0.99251
0.995062
0.999102
0.994392
0.995838
1.00092
0.995401
1.00305
1.00322
1.00962
1.00771
1.00136
1.00324
0.995907
1.00007
1.00111
1.00315
1.01088
1.00662
1.00795
1.00023
1.00247
1.00374
1.0073
1.00003
1.0115
0.99982
0.998581
1.00828
1.00005
0.999755
0.999361
0.997926
1.00574
0.993339
0.994877
0.997163
0.993516
0.994191
0.974176
0.966038
0.951776
0.94451
0.934038
0.922203
0.914935
0.898089
0.88836
0.87972
0.870066
0.849288
0.847668
0.834915
0.827946
0.820722
0.806131
0.787361
0.782446
0.773341
0.762837
0.753645
0.74579
0.736828
0.721621
0.717165
0.700742
0.693756
0.68423
0.672609
0.670274
0.655042
0.645676
0.633341
0.627668
0.619949
0.611095
0.598512
0.584794
0.580575
0.572653
0.562664
0.553998
0.545975
0.535463
0.532377
0.524579
0.507316
0.502592
0.494835
0.48427
0.480769
0.472358
0.465731
0.454587
0.450313
0.437552
0.43587
0.423806
0.417015
0.403301
0.400469
0.391047
0.383917
0.37763
0.371623
0.362862
0.354635
0.349622
0.338196
0.332794
0.323847
0.316621
0.311876
0.303438
0.296123
0.288976
0.282057
0.275867
0.269192
0.260745
0.253996
0.250106
0.242923
0.237111
0.22988
0.222537
0.212179
0.2086
0.202993
0.197029
0.191878
0.185038
0.178107
0.172494
0.165899
0.158603
0.153239
0.144676
0.139285
0.133268
0.126421
0.123685
0.114819
0.111097
0.106491
0.10135
0.0988509
0.094184
0.0897664
0.0857842
0.0826622
0.0799345
0.0756182
0.0717798
0.0686709
0.0671634
0.0647629
0.0607409
0.0587468
0.0571408
0.0543683
0.0513252
0.0505337
0.0472526
0.0452265
0.0424464
0.0412573
0.0389267
0.0377742
0.0354577
0.033906
0.0320859
0.0303986
0.029458
0.0282536
0.0262001
0.0249846
0.0236172
0.0223223
0.0204301
0.0196159
0.0190281
0.0182415
0.0167758
0.0151664
0.0152224
0.014219
0.0129326
0.0115782
0.011138
0.0106345
0.0093538
0.00862064
0.0082394
0.00754878
0.0068169
0.00606825
0.00550478
0.00535403
0.00471124
0.00409214
0.0038513
0.00342746
0.00331303
0.00289575
0.00250525
0.00213549
0.0017466
0.00144578
0.00133255
0.00114793
0.000831926
0.000640328
0.00042305
0.000393726
0.000332015
0.00017336
0.000118631
8.05091e-05
3.20546e-05
0
0
0
0
0
0
0
0
0
0
0
0
0
0
0
0
0
0
0
0
0
0
0
0
0
0
0
0
0
0
0
0
0
0
0
0
0
0
0
0
0
0
0
0
0
0
0
0
0
0
0
0
0
0
0
0
0
0
0
0
0
0
0
0
0
0
0
0
