0
0
0
0
0
0
0
0
0
0
0
0
0
0
0
0
0
0
0
0
0
0
0
0
0
0
0
0
0
0
0
0
0
0
0
0
0
0
0
0
0
0
0.0187241
0.130894
0.436516
0.919643
1.56367
2.09503
2.53136
2.62335
2.60201
2.47531
2.27039
2.01185
1.76824
1.65019
1.54338
1.38335
1.29635
1.19751
1.0808
1.02095
0.9725
0.904121
0.860284
0.824247
0.769952
0.73399
0.724164
0.714801
0.710277
0.685489
0.687337
0.679809
0.693942
0.705347
0.714222
0.71363
0.776114
0.751518
0.804187
0.822911
0.844003
0.879692
0.902877
0.953455
0.956264
0.996115
1.0432
1.08335
1.09549
1.14273
1.17047
1.16115
1.20299
1.20137
1.20534
1.23348
1.20466
1.16248
1.16497
1.15632
1.10225
1.10195
1.07413
1.06914
1.02881
1.02878
0.995373
0.959191
0.951032
0.938451
0.931901
0.930378
0.917233
0.901419
0.89246
0.904712
0.894607
0.913969
0.907425
0.915999
0.909855
0.921462
0.941373
0.945757
0.955914
0.96368
0.976571
0.982722
0.994061
1.00569
1.02145
1.0316
1.0288
1.0322
1.04943
1.05831
1.05761
1.05369
1.05452
1.06555
1.05961
1.04717
1.0462
1.047
1.02224
1.03892
1.02669
1.03004
1.01421
0.995271
1.00352
1.00893
0.980831
0.975744
0.982849
0.978468
0.978514
0.98814
0.965169
0.957105
0.962125
0.966652
0.972507
0.954471
0.97397
0.971912
0.979855
0.982384
0.986155
0.988521
0.986687
1.00297
1.00918
0.999103
1.00828
1.00898
1.01094
1.01549
1.01181
1.02225
1.01633
1.01436
1.01955
1.01075
1.02443
1.02371
1.01397
1.01369
1.00905
1.01402
1.00599
1.01296
1.00236
1.0064
0.99685
0.991269
0.998297
0.998361
0.987759
0.989396
0.989594
1.00012
0.985769
0.987411
0.985942
0.992333
0.995651
0.991494
0.994825
0.99578
0.987201
0.989912
1.00265
0.991029
0.994416
1.00064
0.997859
0.993392
1.00824
1.00017
1.00157
1.00642
1.00292
1.01302
1.0003
1.00959
0.999743
1.00214
1.00542
1.01155
1.00009
1.00849
1.00768
1.0042
1.00062
1.00417
0.99982
1.00762
1.00037
0.991968
1.00466
0.997096
1.00257
0.994912
0.996351
1.00123
0.993393
0.996153
0.988374
0.978658
0.967349
0.952875
0.940517
0.932621
0.925802
0.914335
0.897792
0.889719
0.879573
0.862371
0.857906
0.850949
0.839507
0.824926
0.813551
0.805478
0.793846
0.785487
0.778017
0.764591
0.750363
0.747732
0.729225
0.717741
0.717204
0.699127
0.691358
0.686407
0.673443
0.664173
0.65822
0.644723
0.638786
0.62718
0.621924
0.610373
0.593313
0.591844
0.578441
0.571506
0.565721
0.55342
0.545643
0.542207
0.526177
0.517374
0.514963
0.502847
0.501423
0.486853
0.476128
0.467261
0.460185
0.452711
0.44649
0.440203
0.433184
0.422113
0.416334
0.407494
0.402323
0.394913
0.388966
0.376311
0.371494
0.362398
0.353468
0.346806
0.338544
0.332188
0.325062
0.320698
0.307342
0.303945
0.296431
0.287918
0.28202
0.280412
0.269866
0.263144
0.256219
0.248487
0.242656
0.234301
0.229291
0.222101
0.215816
0.208954
0.202375
0.196893
0.193616
0.184001
0.172843
0.170244
0.164035
0.158891
0.151658
0.145856
0.137495
0.131843
0.127414
0.120604
0.116466
0.11201
0.106522
0.102635
0.0974655
0.0954463
0.0880595
0.0863779
0.0820263
0.0813573
0.0763445
0.0727255
0.0717663
0.067841
0.0650193
0.0612727
0.0592395
0.0570038
0.0544113
0.051204
0.0501436
0.0476194
0.0456616
0.0436331
0.0403339
0.0400663
0.0369635
0.0353894
0.034246
0.0318289
0.0304322
0.0289626
0.0268553
0.026273
0.0241212
0.0232566
0.0220026
0.0213517
0.0198806
0.0184564
0.0174681
0.0162797
0.0153246
0.014618
0.0133483
0.013051
0.0120929
0.0113786
0.0100573
0.00989145
0.00955079
0.0082394
0.00800628
0.00682289
0.00637226
0.00597933
0.00560196
0.00464074
0.00422659
0.00367677
0.00361852
0.00304223
0.00263772
0.00238541
0.00206733
0.00171834
0.00143453
0.00118697
0.000958463
0.00082638
0.000723129
0.000445027
0.000410132
0.000228601
0.000227535
0.0001402
6.97746e-05
1.06849e-05
0
0
0
0
0
0
0
0
0
0
0
0
0
0
0
0
0
0
0
0
0
0
0
0
0
0
0
0
0
0
0
0
0
0
0
0
0
0
0
0
0
0
0
0
0
0
0
0
0
0
0
0
0
0
0
0
0
0
0
0
0
0
0
0
0
0
0
0
