0
0
0
0
0
0
0
0
0
0
0
0
0
0
0
0
0
0
0
0
0
0
0
0
0
0
0
0
0
0
0
0
0
0
0
0
0
0
0
0
0
0.00404298
0.030289
0.15823
0.486748
1.00373
1.61704
2.14352
2.44678
2.61564
2.54038
2.47268
2.21915
2.00282
1.81044
1.6292
1.52935
1.39328
1.25421
1.15537
1.09085
0.997283
0.96206
0.897707
0.829918
0.812422
0.806167
0.74447
0.721408
0.72448
0.706475
0.699693
0.720266
0.713874
0.692149
0.715468
0.7302
0.731351
0.747381
0.775283
0.792521
0.826654
0.847949
0.861145
0.923774
0.949645
0.953473
0.995595
1.03609
1.06522
1.0927
1.13999
1.15105
1.18653
1.19619
1.19581
1.24091
1.21987
1.19
1.18409
1.15148
1.14049
1.10623
1.09619
1.08524
1.0384
1.031
1.01165
1.00365
0.97263
0.953965
0.941811
0.923649
0.921884
0.904941
0.92513
0.924781
0.905576
0.899283
0.900525
0.909275
0.90825
0.913368
0.933267
0.938165
0.946262
0.965363
0.957438
0.97639
0.980705
1.00154
0.997523
1.00853
1.0211
1.03825
1.03583
1.04766
1.0389
1.05885
1.04945
1.07588
1.04528
1.05496
1.04837
1.05116
1.0501
1.03809
1.03362
1.04243
1.01674
0.991414
1.01872
0.991029
0.994961
0.991583
0.995284
0.989022
0.982879
0.974277
0.980984
0.967447
0.972894
0.966005
0.953852
0.970852
0.964785
0.968946
0.983612
0.978138
0.977952
0.984445
0.988149
0.985551
0.993917
0.998696
0.995518
1.00043
1.01097
1.01494
1.01385
1.00872
1.0202
1.01606
1.02535
1.01926
1.02397
1.00618
1.01327
1.00916
1.01003
1.01801
1.01191
1.01444
1.01134
1.00807
1.01168
1.00319
0.994967
0.999307
0.982816
0.995009
0.992066
0.99316
0.997234
0.995474
0.989413
0.990794
0.998178
0.991349
0.982792
0.987507
0.989665
0.988699
0.994888
0.996983
1.00035
0.991615
0.995386
0.989713
1.00151
1.00038
1.00491
0.999455
0.996486
1.00654
1.00747
1.00454
0.999768
1.01114
1.00827
1.01523
1.00901
1.01091
1.00681
0.999526
1.00621
1.00062
1.00129
0.997844
1.00482
1.00237
1.00058
0.998419
0.9976
0.996961
1.00117
0.998676
0.996322
0.998049
0.996792
0.98728
0.974632
0.962996
0.952906
0.943743
0.935791
0.916534
0.912189
0.901975
0.890694
0.880321
0.865484
0.851497
0.848657
0.834062
0.826224
0.819629
0.803504
0.792438
0.777283
0.77345
0.766737
0.754998
0.740524
0.736776
0.727505
0.715864
0.705986
0.694654
0.687298
0.677147
0.666709
0.655578
0.6496
0.636156
0.624678
0.613865
0.607545
0.598536
0.587762
0.58015
0.569469
0.563838
0.552831
0.544553
0.538106
0.528915
0.519116
0.511748
0.506185
0.491949
0.487247
0.47928
0.47455
0.462019
0.45819
0.446575
0.439909
0.436257
0.424803
0.416654
0.409842
0.398514
0.390986
0.384601
0.375222
0.366817
0.359527
0.356832
0.346484
0.341052
0.334931
0.323752
0.321164
0.313425
0.303156
0.293697
0.289792
0.281209
0.277022
0.268035
0.263307
0.255265
0.248934
0.243616
0.236979
0.229203
0.221778
0.215452
0.209153
0.202667
0.196458
0.189529
0.182981
0.176489
0.169786
0.165444
0.157837
0.150741
0.146093
0.140062
0.133019
0.127974
0.123128
0.115081
0.110672
0.106937
0.102635
0.0983014
0.0938762
0.0902103
0.0856701
0.082155
0.0802657
0.0766514
0.0729489
0.0697817
0.0666405
0.0638619
0.061994
0.0584497
0.0549857
0.054526
0.0524804
0.0496117
0.0474924
0.0458581
0.0436121
0.0405977
0.0395207
0.0377261
0.0347606
0.0343479
0.0326878
0.0308292
0.0291099
0.0274945
0.0262399
0.0248923
0.0233091
0.0221592
0.021144
0.0196934
0.0191245
0.0172444
0.0168012
0.0150841
0.0142529
0.0139559
0.0127331
0.0121735
0.0114527
0.0104196
0.00945156
0.00878478
0.00834224
0.00778355
0.0068169
0.00631861
0.00566495
0.00517104
0.00479935
0.00410383
0.00392111
0.00345641
0.00297309
0.00289575
0.00215714
0.00213549
0.00178052
0.00149641
0.00133255
0.00134296
0.000843018
0.000723129
0.000456015
0.000339042
0.000293915
0.000135437
0.000124023
5.36727e-05
2.13697e-05
0
0
0
0
0
0
0
0
0
0
0
0
0
0
0
0
0
0
0
0
0
0
0
0
0
0
0
0
0
0
0
0
0
0
0
0
0
0
0
0
0
0
0
0
0
0
0
0
0
0
0
0
0
0
0
0
0
0
0
0
0
0
0
0
0
0
0
0
