0.0463849
0.0558979
0.0613452
0.067053
0.062084
0.0496621
0.049506
0.0795751
0.0555762
0.0541858
0.0462818
0.0498387
0.0653307
0.0497369
0.0505956
0.080272
0.0647998
0.0553619
0.0472529
0.0812772
0.0566106
0.0528027
0.0452678
0.0487489
0.0862037
0.0613099
0.0527987
0.0575353
0.0847603
0.0422615
0.0626015
0.0623908
0.054458
0.0481021
0.0635526
0.0681466
0.0558075
0.0571422
0.0447398
0.0528594
0.0626225
0.0521898
0.0434004
0.0498603
0.0617021
0.0634331
0.0514236
0.0526966
0.0570935
0.07019
0.057302
0.0533059
0.062177
0.0491312
0.0525789
0.0694694
0.0481893
0.064392
0.0478792
0.0593179
0.0553753
0.0506378
0.0560291
0.0529582
0.0527454
0.0456928
0.0822429
0.0602249
0.0583549
0.0493674
0.0524076
0.060182
0.0464657
0.0651244
0.0641872
0.0566921
0.0718084
0.0512799
0.0574199
0.0610272
0.0599326
0.0559679
0.0577885
0.0606085
0.0634926
0.0617904
0.0535649
0.046117
0.0634493
0.0539765
0.0492786
0.0588116
0.044405
0.0486946
0.0602371
0.0803023
0.0671634
0.0521337
0.0435052
0.0555922
0.0530527
0.0622746
0.0649627
0.0545869
0.0666619
0.0481335
0.0453411
0.0630157
0.0533429
0.0580781
0.0531832
0.0565181
0.0528258
0.0472125
0.0502459
0.0482743
0.0484254
0.0527346
0.0570119
0.0541452
0.0685543
0.0444409
0.0528612
0.0510031
0.0464449
0.0577182
0.0509748
0.0546149
0.053288
0.0517908
0.0531381
0.058588
0.0569105
0.0561799
0.0648
0.0581361
0.0495913
0.0509814
0.0659263
0.0482836
0.0531681
0.0669381
0.0548436
0.0569453
0.0616606
0.0523482
0.0665637
0.0538456
0.0481512
0.0544636
0.0435166
0.0644966
0.0520294
0.0627255
0.0522976
0.0600638
0.0542264
0.0695628
0.058194
0.0430087
0.0685329
0.0565293
0.0611992
0.0635405
0.0506586
0.0521481
0.052658
0.0459225
0.0664144
0.0615891
0.0571637
0.0524332
0.0535267
0.0718412
0.052951
0.0515088
0.0580447
0.0505695
0.0558314
0.0608652
0.0444883
0.0506623
0.0628326
0.0538072
0.0519864
0.0579622
0.0566287
0.0589754
0.0588929
0.0649253
0.0533469
0.0464025
0.0628633
0.048223
0.0527724
0.059679
0.0641085
0.0676453
0.0500784
0.0732805
0.0517785
0.0502763
0.0690667
0.0619408
0.0503705
0.065987
0.06925
0.0610653
0.0527598
0.0408332
0.0491566
0.0424233
0.0595875
0.0487212
0.0736078
0.0535503
0.0554596
0.0734008
0.0434623
0.051989
0.0458515
0.0596339
0.0653955
0.0482988
0.0599077
0.0551683
0.0667333
0.0456202
0.0491681
0.0407895
0.064969
0.0613147
0.0792329
0.0521257
0.0521522
0.0646713
0.0592873
0.0466301
0.0451065
0.0570744
0.0743301
0.0782619
0.0547874
0.0589824
0.0489265
0.0693002
0.0483389
0.0730254
0.054082
0.0499501
0.0523651
0.0441192
0.0490838
0.0677946
0.0536132
0.0654544
0.0659159
0.0442192
0.0490173
0.0741285
0.0596189
0.0586857
0.0445417
0.0555589
0.0628438
0.0656331
0.0568118
0.0740518
0.0511862
0.0455818
0.0492819
0.0599109
0.0667416
0.0560729
0.0421995
0.0489275
0.0469124
0.0558963
0.0495726
0.0540803
0.0542116
0.0728576
0.055029
0.0667682
0.0423042
0.0604215
0.0635209
0.0524944
0.0535404
0.0430384
0.0525252
0.0552966
0.0514572
0.060406
0.0734372
0.0547953
0.0662575
0.0711328
0.0800002
0.0860286
0.0725806
0.0614011
0.0584779
0.037151
0.0557376
0.0616049
0.0525898
0.0589996
0.0560013
0.0582271
0.0554885
0.0510289
0.0551137
0.0521452
0.0452565
0.0632444
0.0671656
0.0603225
0.067766
0.042971
0.0556227
0.0447569
0.0597353
0.045681
0.0491503
0.0611698
0.0586105
0.0491983
0.0536718
0.0490687
0.0677898
0.051469
0.0577497
0.0520281
0.0436281
0.043619
0.066915
0.0721229
0.0572444
0.0563587
0.0455388
0.0516754
0.0577915
0.0664328
0.0679285
0.058065
0.0567031
0.075411
0.0532622
0.0745817
0.0442148
0.0623115
0.0505404
0.049071
0.0764168
0.0546497
0.0520539
0.0606927
0.0573561
0.052366
0.051987
0.0692577
0.0558064
0.0547205
0.0580068
0.0540476
0.0738664
0.0578859
0.0557017
0.057877
0.0551388
0.0723948
0.0609857
0.0603997
0.053283
0.0616268
0.0596702
0.0573451
0.0476511
0.0501246
0.0502357
0.0694276
0.0644507
0.0505219
0.0459886
0.0508352
0.057067
0.0538748
0.0460275
0.0563922
0.047062
0.0700335
0.046813
0.0649995
0.0624558
0.0601918
0.041075
0.0657581
0.0703552
0.0425099
0.0465429
0.0518888
0.0516296
0.0549419
0.0501268
0.0638486
0.0561427
0.0483014
0.0530193
0.0515329
0.0577134
0.0517842
0.0554173
0.0605161
0.0446441
0.0574297
0.0618822
0.053708
0.0612031
0.0535957
0.0721886
0.0528768
0.0623719
0.0494295
0.0501695
0.0638192
0.063917
0.0528226
0.0582256
0.0604013
0.0658109
0.0439503
0.0701716
0.0541153
0.0757608
0.0516702
0.0552771
0.0522714
0.0516314
0.0523726
0.049183
0.0519507
0.0785746
0.052759
0.0516304
0.0517589
0.0748254
0.0791197
0.0761985
0.0730685
0.0658118
0.0499923
0.0583733
0.0834275
0.0540533
0.0470909
0.0613244
0.0601627
0.0614384
0.0750753
0.0622309
0.0495303
0.0547183
0.0459148
0.0451443
0.0507394
0.0687399
0.05223
0.0512794
0.0396392
0.0526969
0.0474592
0.0490344
0.06905
0.0516844
0.0468543
0.0640528
0.0504075
0.063856
0.0687599
0.04663
0.0573092
0.057903
0.0568029
0.0604609
0.058947
0.049686
0.0549431
0.07005
0.0539714
0.0656991
0.0908137
0.0643518
0.0624626
0.0692209
0.0674291
0.0488434
0.0555968
0.0619654
0.0646817
0.0677174
0.0737982
0.0593411
0.05769
0.0438748
0.0512526
0.0612636
0.0579942
0.0636267
0.0630353
0.0574524
0.0486349
0.0692234
0.054977
0.0550429
0.0761229
0.05519
0.0498216
0.0498671
0.0511653
0.0478409
0.0559754
0.04804
0.067816
0.0659281
0.0513558
0.058677
0.0431973
0.0520344
0.0721726
0.0664769
0.0454305
0.0568345
0.0755456
0.0424265
0.0530266
0.0516585
0.0674886
0.0550368
0.0489607
0.0483713
0.0499875
0.0430554
0.0501526
0.0762027
0.0513202
0.0639544
0.0661262
0.0592952
0.0514625
0.0624108
0.064589
0.0538067
0.0630034
0.0561411
0.0658424
0.0639898
0.0530161
0.0465889
0.0687672
0.0591934
0.0630163
0.0545572
0.0446664
0.0465479
0.0523486
0.0650975
0.0523739
0.0512968
0.0603498
0.0484882
0.0553417
0.0585389
0.0516451
0.0600586
0.0556464
0.0682163
0.0599668
0.0573712
0.0539501
0.0642824
0.0496192
0.0639063
0.0506797
0.0651047
0.0486949
0.0493879
0.0630832
0.056864
0.0692293
0.0676062
0.0555256
0.0575067
0.0650482
0.0635111
0.0540804
0.0543799
0.0751262
0.062594
0.0709406
0.0792255
0.0467564
0.0665142
0.0487636
0.048859
0.0496366
0.0438691
0.0814677
0.0524267
0.0584016
0.0545765
0.0539647
0.0555156
0.0544993
0.0580531
0.0723508
0.0569664
0.0538265
0.0597475
0.0617147
0.0507803
0.077362
0.0569175
0.0637869
0.0697632
0.0648095
0.0601668
0.0552889
0.0440944
0.0510529
0.0485781
0.043996
0.0524152
0.053011
0.0456795
0.0490007
0.045049
0.0587014
0.0540078
0.0575439
0.0630128
0.0573574
0.0522513
0.0452615
0.0545701
0.0488376
0.0640623
0.0519484
0.0656892
0.0560975
0.0566144
0.0510038
0.0532927
0.0534719
0.0514405
0.0511667
0.073085
0.0416396
0.0505856
0.0528929
0.0452585
0.0568939
0.0589414
0.0590941
0.0532397
0.042009
0.056782
0.0646867
0.0472814
0.0630072
0.0656507
0.0592319
0.0597992
0.048662
0.0611339
0.0417561
0.0515586
0.0598775
0.0616249
0.0470609
0.0539753
0.0595742
0.0610144
0.0659736
0.0553614
0.0599525
0.0501189
0.0710921
0.0575015
0.0563485
0.0538408
0.0527816
0.04602
0.0604193
0.0638789
0.0686055
0.0621073
0.0531051
0.0935329
0.0555849
0.0652105
0.0510841
0.0500668
0.0555242
0.052545
0.0584456
0.0659089
0.0487223
0.0603735
0.0739318
0.0552002
0.0471125
0.0623112
0.0719307
0.0547537
0.0486822
0.0586339
0.0545945
0.0624439
0.0526705
0.0533622
0.0504933
0.0466846
0.0552699
0.0507231
0.0596525
0.0510723
0.0410872
0.0677673
0.0547029
0.0431771
0.0409958
0.0659431
0.0609392
0.0609671
0.0468275
0.0464773
0.0638905
0.0754344
0.0550704
0.06313
0.0447614
0.0537884
0.0399877
0.0476163
0.0597569
0.0420849
0.0503641
0.057106
0.0713102
0.0680072
0.0691151
0.0485301
0.0614906
0.0644035
0.0572936
0.048215
0.0537142
0.0566475
0.0488426
0.0649488
0.0445842
0.0567933
0.0622541
0.0519123
0.0670048
0.0484446
0.0475122
0.0621788
0.0608878
0.0531004
0.0434565
0.0623257
0.0658777
0.04848
0.0649274
0.0539319
0.0503252
0.0540301
0.0807792
0.055376
0.0491956
0.0572412
0.0530704
0.0427803
0.0540859
0.0424258
0.05206
0.0528405
0.0642069
0.0593794
0.056418
0.0469161
0.058719
0.0594857
0.050512
0.0535682
0.0655369
0.0632358
0.0681475
0.0431698
0.0585122
0.0545746
0.0472616
0.0597433
0.0555417
0.0608072
0.0675676
0.0439698
0.0691742
0.0455855
0.0427979
0.047414
0.0553375
0.057539
0.0427842
0.0425841
0.0541022
0.0537131
0.0502005
0.0609982
0.0562922
0.0530316
0.0491063
0.0567817
0.047825
0.0431677
0.0530834
0.0600952
0.0640136
0.0454071
0.0695463
0.0536482
0.0480618
0.0620162
0.0508418
0.0654528
0.0593099
0.0538158
0.0475287
0.0533624
0.0443818
0.0443113
0.0544416
0.0702195
0.0615649
0.0497557
0.0411497
0.0610509
0.0690119
0.0533273
0.0557516
0.0590366
0.0703889
0.0435962
0.0506437
0.0547357
0.0804188
0.0444325
0.0446373
0.042935
0.0590996
0.0491863
0.0713606
0.0466903
0.0736486
0.0470892
0.041321
0.0534063
0.0412559
0.0551931
0.0531181
0.0608031
0.0599949
0.0582851
0.0593724
0.0467282
0.0572271
0.0494599
0.0618774
0.054572
0.0458161
0.0525501
0.0581926
0.0580266
0.0461515
0.0544356
0.066985
0.0479407
0.046245
0.0525126
0.0624942
0.0581678
0.0454056
0.0577164
0.0583141
0.0590477
0.0422921
0.0485263
0.0521587
0.0511574
0.0558311
0.0574013
0.0619459
0.0586578
0.0446171
0.0399468
0.0660766
0.053409
0.0491452
0.0498847
0.0550611
0.0439771
0.05088
0.0544678
0.0464974
0.0450045
0.0561508
0.0577501
0.0584093
0.045377
0.0590667
0.0568757
0.041441
0.0503725
0.056188
0.0487384
0.0558506
0.062235
0.0530323
0.0633667
0.0740852
0.0796245
0.062778
0.0606553
0.0435626
0.0688286
0.056232
0.0644673
0.0659461
0.0470845
0.0564484
0.0464274
0.0675676
0.0474812
0.0413669
0.0573631
0.0605539
0.0514812
0.0541322
0.0636075
0.0734973
0.0463708
0.0649561
0.0555938
0.0481906
0.0522133
0.0496926
0.0557766
0.0659087
0.0407549
0.0690701
0.0541534
0.0574483
0.0506499
0.0704174
0.0840954
0.0551863
0.061636
0.0450588
0.046584
0.0521676
0.0664781
0.0589333
0.0538121
0.0591957
0.0543684
0.0494418
0.0684525
0.0532166
0.0597089
0.0508029
0.0577397
0.0495692
0.0619217
0.0627124
0.0462675
0.0685886
0.0597619
0.0556993
0.0483878
0.0467901
0.0663211
0.0421614
0.0623266
0.0502051
0.0501151
0.0422605
0.0437258
0.0452951
