0
0
0
0
0
0
0
0
0
0
0
0
0
0
0
0
0
0
0
0
0
0
0
0
0
0
0
0
0
0
0
0
0
0
0
0.00315721
0.0268792
0.119779
0.462602
0.890003
1.44253
1.91599
2.23735
2.42584
2.39506
2.41907
2.2867
2.09032
2.0535
1.92482
1.78174
1.64171
1.62499
1.48326
1.40968
1.3912
1.32328
1.28287
1.23086
1.18196
1.13053
1.15613
1.09091
1.13609
1.09126
1.10271
1.09318
1.09946
1.07098
1.05604
1.07272
1.09585
1.07945
1.09766
1.10687
1.09891
1.12544
1.13103
1.14265
1.15836
1.16906
1.20085
1.18808
1.21648
1.22167
1.22428
1.22184
1.19442
1.19315
1.2029
1.21111
1.2095
1.18659
1.16984
1.18145
1.18868
1.15577
1.14725
1.16399
1.14112
1.17065
1.12157
1.11708
1.1299
1.10582
1.10248
1.1021
1.11658
1.09992
1.10072
1.11749
1.08271
1.10599
1.10079
1.10229
1.09869
1.10473
1.1083
1.10648
1.09222
1.09618
1.0801
1.10036
1.10827
1.09396
1.09723
1.11061
1.08404
1.09486
1.10807
1.08859
1.08751
1.0939
1.074
1.08074
1.09793
1.07051
1.10116
1.07688
1.06852
1.08595
1.0737
1.06005
1.08075
1.06362
1.07493
1.06463
1.07932
1.07043
1.06494
1.05282
1.06567
1.06445
1.05975
1.05791
1.06376
1.06316
1.05627
1.06083
1.0373
1.03641
1.0522
1.0432
1.04566
1.05764
1.03449
1.04856
1.05148
1.04992
1.02682
1.03652
1.04864
1.03732
1.03879
1.03676
1.03717
1.04044
1.03826
1.02766
1.0353
1.03188
1.03962
1.03105
1.04198
1.02136
1.03505
1.0361
1.02599
1.02704
1.02683
1.01571
1.02137
1.02646
1.02406
1.0274
1.0181
1.01127
1.01907
1.01735
1.01374
1.0152
1.01495
1.02316
1.00829
1.0099
1.0109
1.00729
1.01686
1.00441
1.01089
1.00137
1.01538
1.0138
1.00986
1.00113
1.00502
1.003
1.01043
1.00517
1.00528
0.999623
1.00389
1.00346
1.00239
1.0099
0.993788
0.997751
0.997276
1.00099
0.993543
0.998546
0.991398
0.999891
0.990226
0.989589
0.992657
0.980795
0.996818
0.995075
0.984887
0.989532
0.987949
0.998469
0.988854
0.983555
0.984383
0.985099
0.990947
0.992352
0.986437
0.980965
0.960452
0.955627
0.945832
0.933745
0.921086
0.913777
0.885991
0.890542
0.878985
0.859291
0.847243
0.837817
0.830839
0.808796
0.813232
0.799503
0.778838
0.774041
0.767395
0.753393
0.737742
0.729318
0.718374
0.70632
0.71125
0.690466
0.684052
0.667675
0.658407
0.65131
0.641117
0.62846
0.630371
0.617426
0.601312
0.591483
0.582256
0.57982
0.565551
0.556588
0.552464
0.537981
0.534413
0.517715
0.513655
0.508039
0.499549
0.488438
0.485817
0.474688
0.470639
0.455372
0.455991
0.440327
0.433157
0.424321
0.417694
0.40904
0.401195
0.395658
0.387572
0.379595
0.368041
0.363425
0.358234
0.348175
0.344117
0.333984
0.327518
0.318066
0.314859
0.304633
0.299762
0.294466
0.287978
0.277918
0.273602
0.268215
0.259064
0.252727
0.247427
0.240638
0.232281
0.226722
0.220895
0.215285
0.207724
0.19953
0.195779
0.186898
0.183974
0.176965
0.173205
0.166032
0.159506
0.152942
0.148361
0.14026
0.135137
0.12926
0.123502
0.117743
0.113299
0.107479
0.102321
0.0978134
0.0938736
0.0886759
0.0864386
0.0835105
0.0781674
0.0762329
0.0719696
0.0698183
0.0672923
0.0651088
0.0626142
0.0595205
0.056673
0.0543868
0.0506541
0.0490347
0.0469756
0.0447487
0.0434853
0.0416266
0.0379815
0.0382254
0.0354365
0.0343802
0.0323867
0.0316284
0.0289296
0.02703
0.0262116
0.0253748
0.0246345
0.0224868
0.0210776
0.0209089
0.0191581
0.0178295
0.0164628
0.0152801
0.0145161
0.0141646
0.0136905
0.0121603
0.011551
0.0107658
0.00991414
0.00949653
0.00856974
0.00772493
0.00692061
0.00679831
0.00625382
0.00607223
0.00506978
0.00520252
0.00441752
0.0038661
0.00322687
0.003165
0.00265811
0.00236248
0.00198594
0.00174171
0.00150732
0.00140265
0.000977946
0.000861873
0.000702515
0.000588808
0.000417556
0.00035727
0.000304801
0.00017336
0.000100656
8.58764e-05
7.12324e-06
0
0
0
0
0
0
0
0
0
0
0
0
0
0
0
0
0
0
0
0
0
0
0
0
0
0
0
0
0
0
0
0
0
0
0
0
0
0
0
0
0
0
0
0
0
0
0
0
0
0
0
0
0
0
0
0
0
0
0
0
0
0
0
0
0
0
0
0
