0.162674
0.0837741
0.012462
0.0852183
0.104757
0.037106
0.108938
0.15474
0.16005
0.0765311
0.0397361
0.059102
0.0695871
0.0759337
0.0778977
0.0537889
0.146652
0.0932668
0.0823677
0.0292743
0.0114366
0.0628033
0.100821
0.117423
0.102177
0.0217556
0.117002
0.125324
0.0766029
0.0471482
0.100006
0.123437
0.0950779
0.158967
0.193235
0.0303371
0.175613
0.0940259
0.0583234
0.133668
0.0538186
0.111451
0.0213891
0.0985003
0.0567259
0.079335
0.109912
0.14543
0.0413915
0.0571046
0.190823
0.0483323
0.0682832
0.0902268
0.099582
0.0157861
0.164609
-0.0138526
0.123422
0.134325
