0
0
0
0
0
0
0
0
0
0
0
0
0
0
0
0
0
0
0
0
0
0
0
0
0
0
0
0
0
0
0
0
0
0
0
0.00315721
0.0597316
0.271624
0.534185
0.928255
1.23472
1.62181
1.78209
1.94922
1.949
1.98151
1.8512
1.7776
1.69321
1.62874
1.62572
1.49269
1.47678
1.38039
1.33288
1.28915
1.23395
1.30694
1.26031
1.17335
1.07944
1.10143
1.13777
1.15747
1.15151
1.14258
1.09228
1.03833
1.08625
1.07498
1.05831
1.09429
1.06053
1.0385
1.01941
1.02609
1.0647
1.06125
1.05634
1.07652
1.01494
1.01475
1.02479
1.05689
1.03703
1.0238
1.0359
1.02847
1.02872
1.03418
0.992016
1.03984
1.05049
1.04225
1.01853
1.0405
0.98401
1.03257
0.977674
1.0168
1.06127
0.986777
0.986552
0.973152
1.01437
1.01203
1.0054
1.03601
1.05182
0.992209
0.972051
1.00206
0.988097
0.997942
1.00305
1.0111
0.967436
0.996862
1.00816
1.00919
1.0243
1.00804
0.969115
0.991833
0.958765
0.981693
1.01596
0.99764
0.979523
0.985806
0.973326
1.00552
0.986545
0.99437
0.992395
0.963498
0.968012
1.00807
1.01182
0.991639
0.987651
1.01547
0.983635
0.995479
0.966504
0.996116
0.9948
0.988489
0.986407
0.995508
1.00305
0.990894
0.994366
0.993272
0.988624
0.983683
0.970503
1.0142
0.973723
0.981571
0.984978
0.99509
0.97836
0.986374
1
1.00698
0.974975
1.00535
1.0083
0.978299
0.981639
0.995927
0.996315
0.999402
1.01281
0.981534
1.00646
0.98606
0.995148
0.985325
0.985063
0.999482
0.97255
0.976277
0.99436
0.966324
0.966971
0.988826
0.984969
0.982246
0.98764
0.997207
0.982901
0.990727
0.990137
0.971809
0.974206
0.982828
0.959015
0.985615
0.980856
0.981042
1.00437
0.979532
0.992048
0.990331
0.975538
0.988429
0.978146
0.991132
0.978505
0.992667
0.982377
0.981663
0.987838
0.976721
0.980707
0.989877
1.00359
1.00033
0.973763
0.99743
0.994432
0.97488
0.997555
0.997491
0.990021
0.991869
0.991208
0.978736
0.981945
0.989591
0.997732
0.979936
0.978687
0.991916
0.991086
0.994538
0.983627
0.983685
0.982951
0.99161
0.99353
0.984581
0.992917
0.974018
0.980799
0.985036
0.990655
0.982922
0.974646
0.967162
0.945413
0.958896
0.948242
0.920781
0.922264
0.887451
0.896258
0.882983
0.861324
0.847301
0.834275
0.834029
0.818578
0.815359
0.805946
0.794093
0.779413
0.777749
0.76532
0.760395
0.738374
0.726761
0.71572
0.713521
0.693953
0.69883
0.680534
0.669357
0.670662
0.654306
0.64709
0.637384
0.634878
0.621261
0.608448
0.604416
0.596982
0.577626
0.58087
0.558208
0.551188
0.562404
0.542076
0.531031
0.520169
0.517487
0.497012
0.49769
0.49456
0.480386
0.471214
0.466689
0.459208
0.447041
0.443451
0.41949
0.431365
0.42256
0.416375
0.403865
0.40214
0.390389
0.378296
0.377021
0.363918
0.363168
0.348693
0.343902
0.331998
0.328858
0.3194
0.316326
0.311205
0.298706
0.289339
0.28368
0.282803
0.272661
0.272689
0.257649
0.252683
0.244265
0.241278
0.231606
0.22749
0.216259
0.21026
0.204674
0.197365
0.200748
0.18835
0.185536
0.177353
0.168861
0.168849
0.153051
0.145949
0.143975
0.136645
0.133002
0.1253
0.119434
0.112017
0.110947
0.105786
0.098284
0.0960027
0.0920213
0.0923075
0.0834855
0.0834797
0.0763962
0.075768
0.0727925
0.0698187
0.0628989
0.0644333
0.060005
0.0581743
0.0537965
0.055458
0.0499989
0.0482854
0.0481132
0.0436757
0.043305
0.0400492
0.0363574
0.0382552
0.0354031
0.0322267
0.033168
0.02982
0.0290764
0.0267687
0.0258358
0.0240685
0.0223452
0.0219178
0.0204821
0.0199904
0.0178332
0.0172572
0.0157455
0.0151347
0.0135478
0.0127783
0.0124402
0.0117332
0.0103173
0.00992224
0.00889558
0.00855984
0.0082273
0.00703108
0.00690077
0.0059848
0.00588442
0.00543077
0.00441752
0.00420906
0.00414218
0.00375168
0.0024891
0.00259184
0.0021229
0.00199918
0.00151485
0.00126013
0.00111979
0.00106991
0.000865203
0.000552007
0.000329649
0.000328105
0.00043543
0.00015169
0.000150984
8.58764e-05
6.41091e-05
0
0
0
0
0
0
0
0
0
0
0
0
0
0
0
0
0
0
0
0
0
0
0
0
0
0
0
0
0
0
0
0
0
0
0
0
0
0
0
0
0
0
0
0
0
0
0
0
0
0
0
0
0
0
0
0
0
0
0
0
0
0
0
0
0
0
0
0
