0.0750127
0.0598407
0.0643513
0.0567283
0.0765067
0.0731182
0.0638424
0.0609251
0.0703076
0.0669284
0.0635157
0.0666937
0.0691019
0.0752425
0.0687691
0.0678636
0.0646196
0.0818162
0.0712455
0.054547
0.067384
0.0613304
0.0563702
0.0740253
0.066634
0.0613707
0.0707392
0.0619173
0.0673771
0.0571545
0.0549262
0.060037
0.0585318
0.0608576
0.0653515
0.0743014
0.0631861
0.0697193
0.0676359
0.0597895
0.0583701
0.0532829
0.0629507
0.0631946
0.070684
0.0705168
0.0871536
0.0624808
0.0681335
0.0740447
0.0588532
0.0684901
0.056884
0.0684912
0.0584753
0.0707347
0.0567723
0.0817438
0.0636085
0.0674517
0.0730651
0.0586865
0.0677719
0.0595619
0.0539355
0.0840453
0.0859996
0.0790754
0.0736143
0.0651134
0.0809137
0.083179
0.0815624
0.0531539
0.0610477
0.0686713
0.0539572
0.0660466
0.073414
0.0805166
0.052693
0.0565721
0.0601647
0.0648038
0.059278
0.0715915
0.0495891
0.0660559
0.0728669
0.0661459
0.060408
0.0721274
0.0624509
0.0621583
0.058327
0.0607785
0.0564611
0.0675292
0.0556151
0.0634952
0.0626663
0.0712821
0.0742394
0.0618166
0.0851973
0.0643925
0.0558516
0.072622
0.0599017
0.0671443
0.0630193
0.0691502
0.0588268
0.0663754
0.0676032
0.062031
0.0584249
0.0549915
0.0556218
0.0828983
0.0713572
0.0650338
0.0563033
0.0876299
0.0592505
0.0742242
0.0625213
0.0668746
0.0730385
0.0740581
0.0573944
0.0782595
0.0872252
0.0590382
0.0689901
0.0596115
0.0715372
0.0738325
0.0613794
0.0607881
0.0536983
0.0634872
0.0828989
0.0969999
0.0593411
0.079604
0.058541
0.0767896
0.0681935
0.0563718
0.0764726
0.0875379
0.0607297
0.0842577
0.0588782
0.0548878
0.050696
0.0832548
0.0554605
0.064604
0.0701561
0.0701065
0.0662944
0.0735891
0.0713666
0.0622984
0.0640305
0.0615266
0.0686892
0.0665364
0.059488
0.0675814
0.0600249
0.0662569
0.0732923
0.0611341
0.067353
0.0579296
0.0688455
0.0774867
0.074998
0.0605805
0.074827
0.0563092
0.0622194
0.0684985
0.0657695
0.0632342
0.0622443
0.0703179
0.0766417
0.0590914
0.0744803
0.0532482
0.0646925
0.0828243
0.0541473
0.0657628
0.0569483
0.0691718
0.0614627
0.0831008
0.064648
0.0795652
0.0572821
0.0812966
0.068516
0.0539357
0.0578556
0.0606598
0.0747931
0.0675462
0.0534451
0.0812777
0.0987176
0.0652258
0.0813828
0.0921372
0.0595073
0.073919
0.0598737
0.0887929
0.0653446
0.0629491
0.0639646
0.0591907
0.075064
0.0600403
0.0551448
0.0571098
0.05405
0.0602841
0.0685274
0.0638583
0.0547418
0.0586633
0.0585778
0.0653619
0.0851032
0.0622385
0.0617686
0.0666811
0.0624844
0.0598746
0.0534991
0.0660701
0.0700101
0.0633002
0.0567988
0.0581099
0.0621731
0.063421
0.0674994
0.0576896
0.0592359
0.0609695
0.0700991
0.0575804
0.0592182
0.0576559
0.0554586
0.0884521
0.0601663
0.0680201
0.0665857
0.0658303
0.049117
0.0584669
0.0759603
0.0693012
0.0558356
0.0652197
0.0755317
0.0598262
0.0601372
0.0782421
0.0952985
0.0595745
0.0693305
0.063423
0.0652266
0.0626608
0.0713872
0.100827
0.0555867
0.0710677
0.0604792
0.061214
0.0587317
0.0651633
0.0605795
0.0536312
0.0712222
0.0648913
0.0563044
0.0569301
0.0575045
0.0634529
0.0750528
0.0630134
0.0612876
0.0674417
0.060046
0.0657549
0.0902838
0.0793239
0.0736367
0.0625356
0.0763885
0.0733946
0.0691153
0.0668518
0.0630533
0.0645322
0.0594563
0.0814991
0.0585976
0.0647023
0.0771884
0.0723896
0.0555705
0.0771557
0.0536628
0.0669538
0.0705404
0.0718993
0.0717618
0.0676623
0.0727123
0.0749494
0.0805006
0.0760745
0.0523738
0.0580173
0.0792921
0.0746554
0.0712372
0.0597777
0.0614508
0.0841065
0.0584878
0.0523858
0.0584581
0.0671395
0.0762296
0.06439
0.0600949
0.0653911
0.0696784
0.0629631
0.064483
0.0598986
0.0827658
0.0673303
0.089015
0.0624819
0.0692722
0.0735365
0.0712164
0.0633462
0.0596104
0.0649887
0.0595477
0.0576464
0.0790336
0.0544683
0.0657106
0.058171
0.0623942
0.0685427
0.053641
0.0686206
0.0629282
0.0804964
0.0650639
0.0685638
0.0741413
0.0721849
0.0706501
0.0682922
0.0593557
0.0662489
0.0677636
0.0622707
0.0646185
0.0701001
0.0754475
0.0576803
0.0547643
0.0679465
0.0579941
0.0528454
0.053555
0.0842137
0.0717579
0.0856679
0.0558203
0.0814659
0.0769964
0.0537124
0.0576513
0.0559212
0.0757197
0.0595522
0.062058
0.0870646
0.0610846
0.0712948
0.0601147
0.0605042
0.0587133
0.064832
0.0679009
0.0571225
0.0607458
0.0572668
0.0614808
0.0674454
0.0690842
0.0612619
0.0598233
0.0662956
0.0560125
0.0611411
0.0526166
0.0884456
0.0734531
0.06218
0.0588339
0.0632295
0.0674321
0.0634536
0.0735678
0.0841591
0.0684087
0.0514857
0.0566576
0.0687038
0.0498671
0.060278
0.0661012
0.0616257
0.0728937
0.0706003
0.0643281
0.0570748
0.0679514
0.0543676
0.0769842
0.0717119
0.0664691
0.071537
0.0574831
0.0586646
0.0683389
0.0718185
0.0647903
0.0655752
0.058143
0.0691454
0.06774
0.0720022
0.0642502
0.0546579
0.0567513
0.0564837
0.0591925
0.0655982
0.0617959
0.0698193
0.064716
0.0674767
0.0815192
0.0736629
0.0679001
0.0712467
0.0675432
0.0597948
0.0655886
0.0778003
0.0703435
0.072502
0.0509152
0.0751117
0.0776391
0.0663697
0.0609504
0.0756873
0.0719576
0.0633239
0.0794316
0.0678728
0.0607665
0.0645532
0.0643865
0.0707079
0.0633624
0.0552498
0.0609659
0.0709909
