0
0
0
0
0
0
0
0
0
0
0
0
0
0
0
0
0
0
0
0
0
0
0
0
0
0
0
0
0
0
0
0
0
0
0
0
0
0
0
0
0
0
0
0
0
0
0
0
0
0
0
0
0
0
0
0
0
0
0
0
0
0
0
0
0
0
0
0
0
0
0
0
0
0
0
0
0
0
0
0
0
0
0
0
0
0
0
0
0
0
0
0
0
0
0
0
0
0
0
0
0
0
0
0
0
0
0
0
0
0
0
0
0
0
0
0
0
0
0
0
0
0
0
0
0
0
0
0
0
0
0
0
0
0
0
0
0
0
0
0
0
0
0
0
0
0
0
0
0
0
0
0
0
0
0
0
0
0
0
0
0
0
0
0
0
0
0
0
0
0
0
0
0
0
0
0
0
0
0
0
0
0
0
0
0
0
0
0
0
0
0
0
0
0
0
0
0
0
0
0
1.53772
1.53056
1.52518
1.51851
1.51066
1.49375
1.49449
1.48621
1.47094
1.46679
1.46716
1.45122
1.44632
1.44194
1.43622
1.43044
1.42874
1.41554
1.40234
1.40432
1.39965
1.39325
1.38591
1.38101
1.36548
1.36081
1.3548
1.35274
1.34484
1.34264
1.33788
1.32263
1.31993
1.31559
1.30535
1.3081
1.29634
1.29413
1.28925
1.28405
1.27911
1.27676
1.26782
1.26358
1.25695
1.24817
1.24986
1.24522
1.23887
1.22959
1.22906
1.22286
1.21383
1.21289
1.21234
1.2022
1.20259
1.19082
1.19254
1.18182
1.18011
1.18002
1.17338
1.16858
1.1679
1.16096
1.1584
1.15532
1.15039
1.14574
1.14139
1.13726
1.13399
1.13082
1.12407
1.12441
1.11788
1.11492
1.11338
1.10966
1.10836
1.10767
1.10057
1.09625
1.09224
1.08935
1.08605
1.08337
1.08514
1.07792
1.07787
1.07303
1.07027
1.06521
1.06009
1.06066
1.06229
1.05631
1.05381
1.04861
1.0465
1.04518
1.04603
1.03628
1.04032
1.03507
1.03513
1.03174
1.03115
1.02805
1.0257
1.02174
1.02017
1.01939
1.01469
1.01711
1.01386
1.00986
1.00891
1.00808
1.00566
1.00435
1.00405
1.00085
1.0009
0.99697
0.997907
0.995927
0.993343
0.992263
0.989228
0.990909
0.989137
0.988689
0.987391
0.984299
0.980009
0.981735
0.981972
0.97957
0.980103
0.979628
0.977106
0.975728
0.973313
0.974607
0.977089
0.971867
0.971196
0.968823
0.971473
0.971005
0.966937
0.968958
0.967222
0.967004
0.966986
0.966904
0.967283
0.967107
0.964768
0.964859
0.966392
0.965424
0.965337
0.962729
0.964178
0.965045
0.962551
0.96453
0.967355
0.964328
0.965651
0.965855
0.963762
0.965546
0.965624
0.96507
0.968432
0.964314
0.966519
0.967288
0.969854
0.969279
0.968782
0.971017
0.968838
0.972264
0.970652
0.972427
0.972489
0.973755
0.973981
0.974688
0.976042
0.977266
0.975878
0.980409
0.979687
0.98098
0.980561
0.981901
0.983742
0.982981
0.985069
0.985407
0.985179
0.985809
0.987996
0.988164
0.989772
0.991316
0.988398
0.993238
0.989393
0.993927
0.994022
0.994547
0.993791
0.995608
0.997073
0.998241
0.999656
0.997384
0.998726
0.999078
1.00149
1.00219
1.00082
1.00199
1.00234
1.00202
1.0032
1.00175
1.00438
1.00164
1.00486
1.00249
1.00672
1.00505
1.00376
1.00657
1.00494
1.00655
1.00748
1.00603
1.00587
1.0062
1.00544
1.0076
1.00724
1.00551
1.00569
1.00772
1.00612
1.00775
1.00904
1.00885
1.00978
1.00867
1.00902
1.00664
1.00908
1.00866
1.00894
1.00985
1.00959
1.00732
1.00818
1.01061
1.00841
1.0084
1.00937
1.00975
1.00884
1.00705
1.00898
1.00853
1.00931
1.00758
1.00874
1.00846
1.01028
1.009
1.0087
1.00902
1.00852
1.00988
1.00793
1.00708
1.00842
1.00869
1.0083
1.00742
1.00938
1.00762
1.007
1.00808
1.00684
1.00636
1.00803
1.00842
1.0079
1.00706
1.0077
1.00629
1.00648
1.008
1.00637
1.00702
1.0068
1.0067
1.00603
1.0071
1.00533
1.00734
1.00453
1.00622
1.00553
1.00532
1.00637
1.00561
1.00607
1.00369
1.00478
1.00522
1.00354
1.00464
1.00344
1.00532
1.0044
1.00405
1.00388
1.00291
1.00546
1.00207
1.00358
1.00301
1.00381
1.0044
1.00322
1.00424
1.00279
1.00286
1.00334
1.00233
1.00258
1.00263
1.00203
1.00215
1.00121
1.00185
1.00173
1.00306
1.0014
1.00151
1.00316
1.00235
1.00201
1.00204
1.00229
1.00254
1.00219
1.00126
1.00136
1.00176
1.0016
1.00066
1.00123
1.00192
1.00142
1.00144
1.00209
1.00418
1.00108
1.00211
1.00169
1.00083
1.0013
1.00022
1.00201
1.00103
1.00285
0.999071
1.00283
1.00218
1.00061
1.00207
1.00028
1.00053
1.00204
1.00106
1.00192
1.00115
1.00059
1.00114
0.999957
0.999751
1.00089
1.00101
1.00115
1.00104
1.00218
1.00216
1.00128
1.00064
1.00026
1.00068
1.00126
1.00121
1.00041
1.00242
1.00033
1.00156
1.00075
1.00199
1.0014
1.00264
1.00233
1.00132
1.00108
1.00324
1.00125
1.00136
1.00099
1.00065
1.00042
1.00059
1.00158
1.00056
1.00065
1.0002
1.00176
1.00141
1.00194
1.00154
1.00227
1.00212
1.00085
1.00197
1.00091
1.00207
1.00163
1.0022
1.00229
1.00216
1.00153
1.00367
1.00119
1.00275
1.0026
1.00303
1.00261
1.00242
1.00093
1.00215
1.00056
1.00046
1.00048
1.00316
1.00209
1.0026
1.00314
1.00259
1.00237
1.00259
1.00172
1.00182
1.00128
1.00279
1.00268
1.00257
1.00308
1.00312
1.00122
1.00311
1.00173
1.00194
1.00141
1.00212
1.00299
1.00233
1.00299
1.00204
1.00226
1.00391
1.00269
1.00187
1.00223
1.00251
1.00338
1.00352
1.00232
1.00171
1.00229
1.00247
1.00279
1.002
1.00189
1.00305
1.00312
1.00237
1.00282
1.0013
1.00177
1.00192
1.00249
1.0024
1.00222
1.003
1.00268
1.00419
1.00163
1.00258
1.0023
1.00216
1.00188
1.00235
1.00161
1.003
1.00196
1.00299
1.00223
1.00273
1.00359
1.00374
1.00251
1.00087
1.00329
1.00133
1.00319
1.0031
1.00171
1.00182
1.00209
1.00252
1.00265
1.00317
1.00223
1.00274
1.00268
1.00066
1.00205
1.00348
1.00203
1.00255
1.00263
1.00206
1.00311
1.00302
1.00204
1.00207
1.00212
1.00282
1.00262
1.00285
1.00199
1.0014
1.00253
1.00193
1.00395
1.00088
1.00322
1.00223
1.00358
1.00136
1.00226
1.00326
1.00234
1.00039
1.00285
1.00218
1.00172
1.002
1.0029
1.00274
1.00281
1.00322
1.00263
1.00311
1.0023
1.00249
1.00255
1.0015
1.00212
1.00164
1.00319
1.00241
1.00247
1.00202
1.00323
1.00353
1.00329
1.00178
1.00306
1.00266
1.00221
1.00218
1.00253
1.00165
1.00195
1.00203
1.00284
1.00291
1.0034
1.00294
1.00227
1.00128
1.00265
1.00305
1.00201
1.0017
1.00272
1.00304
1.002
1.0024
1.00259
1.00169
1.0018
1.00248
1.00264
1.00149
1.0022
1.00262
1.00329
1.00252
1.00231
1.00227
1.00193
1.00198
1.00319
1.00235
1.00249
1.00267
1.00259
1.00287
1.00319
1.00221
1.00362
1.00222
1.00181
1.00185
1.00255
1.0024
1.0014
1.00184
1.00153
1.00197
1.00271
1.00286
1.0026
1.00279
1.00232
1.00258
1.00145
1.00265
1.0037
1.00228
1.00265
1.0024
1.0018
1.00242
1.00223
1.00272
1.00235
1.00207
1.00207
1.00253
1.00189
1.00187
1.00183
1.00243
1.00328
1.00177
1.00215
1.00158
1.00366
1.00174
1.00322
1.00244
1.00228
1.00315
1.00206
1.00233
1.0013
1.00224
1.00147
1.00239
1.00276
1.0024
1.00115
1.00257
1.00273
1.0025
1.00239
1.00209
1.0021
1.00314
1.00172
1.00224
1.00384
1.00159
1.00207
1.00157
1.00295
1.00269
1.00208
1.00243
1.00305
1.00248
1.00239
1.00236
1.00342
1.00184
1.00277
1.0022
1.00271
1.00205
1.0014
1.00207
1.00213
1.00346
1.00139
1.0017
1.00272
1.00288
1.00142
1.00194
1.00217
1.00231
1.0022
1.00274
1.00257
1.00178
1.00248
1.0011
1.00305
1.00173
1.0024
1.00143
1.00256
1.00245
1.00182
1.00186
1.00104
1.0027
1.00199
1.0017
1.00209
1.00207
1.00306
1.00259
1.00263
1.00215
1.0023
1.00272
1.0024
1.00242
1.00148
1.00265
1.00251
1.00269
1.00125
1.00265
1.00131
1.00224
1.0027
1.00259
1.00199
1.00144
1.00188
1.00252
1.00199
1.00227
1.00268
1.00216
1.00222
1.00154
1.00227
1.00257
1.00181
1.00194
1.00285
1.0026
1.00266
1.00202
1.00277
1.00208
1.00265
1.00172
1.00243
1.00293
1.0026
1.00272
1.00238
1.00234
1.00226
1.00277
1.00305
1.00178
1.00099
0.997966
0.995258
0.992021
0.988597
0.985445
0.982533
0.979377
0.977393
0.974214
0.971533
0.969042
0.965304
0.962843
0.959255
0.956542
0.953389
0.950434
0.948092
0.944948
0.94266
0.939398
0.936289
0.934732
0.930837
0.928197
0.925099
0.92189
0.918845
0.916218
0.913727
0.91076
0.907917
0.904493
0.902007
0.899676
0.896444
0.8937
0.89101
0.88804
0.885527
0.882872
0.879473
0.877493
0.874297
0.871506
0.869141
0.865392
0.863564
0.860625
0.858292
0.855855
0.852779
0.850084
0.846255
0.844236
0.841781
0.83857
0.83574
0.833616
0.830776
0.827688
0.825704
0.823391
0.819553
0.817118
0.815441
0.812653
0.809882
0.80732
0.803244
0.801461
0.799083
0.796026
0.794178
0.791087
0.78811
0.785136
0.784008
0.780417
0.778701
0.776025
0.773466
0.77101
0.76818
0.765193
0.762865
0.760851
0.758123
0.755438
0.752476
0.750569
0.747922
0.745389
0.743731
0.740282
0.737546
0.735578
0.732797
0.730085
0.726952
0.725186
0.722759
0.720378
0.71785
0.716174
0.712556
0.710644
0.707387
0.705459
0.70327
0.700606
0.698534
0.695744
0.693746
0.690745
0.688713
0.686494
0.68293
0.681988
0.679327
0.676599
0.674275
0.67212
0.668876
0.666607
0.664514
0.662247
0.660825
0.657798
0.654601
0.653375
0.650871
0.648245
0.644629
0.644046
0.641077
0.638642
0.636355
0.635032
0.631664
0.629169
0.627231
0.625768
0.62197
0.620332
0.618142
0.615799
0.613137
0.611467
0.609027
0.606657
0.604608
0.602473
0.600449
0.597948
0.595195
0.592463
0.590944
0.588831
0.586563
0.584552
0.582084
0.579649
0.577348
0.575242
0.573051
0.57115
0.568645
0.565916
0.564175
0.561966
0.56002
0.55794
0.554977
0.553415
0.550638
0.548973
0.546987
0.544849
0.542064
0.540015
0.537433
0.535752
0.534608
0.531713
0.529334
0.527022
0.525217
0.523251
0.520948
0.51915
0.51674
0.514991
0.51322
0.511192
0.508519
0.506589
0.504642
0.502806
0.499478
0.497722
0.495507
0.494508
0.492031
0.489459
0.486846
0.485558
0.483373
0.48179
0.47971
0.47723
0.47548
0.472938
0.471642
0.469108
0.467593
0.465502
0.462986
0.461035
0.459236
0.457094
0.45506
0.453352
0.451168
0.449121
0.447012
0.445445
0.443562
0.440889
0.438758
0.436778
0.435208
0.433307
0.431255
0.429043
0.427233
0.425019
0.423713
0.421178
0.419807
0.418145
0.415153
0.413526
0.411715
0.409324
0.407346
0.405554
0.40421
0.401899
0.400197
0.398067
0.396381
0.394197
0.392755
0.39085
0.388595
0.386426
0.384927
0.382572
0.380716
0.379352
0.376895
0.375126
0.373582
0.371231
0.369628
0.36782
0.365861
0.36368
0.362116
0.360115
0.35827
0.356774
0.355043
0.352915
0.350988
0.349367
0.347155
0.345704
0.343785
0.341724
0.340422
0.338135
0.336365
0.334737
0.332732
0.331259
0.328693
0.327542
0.325134
0.323471
0.321903
0.319617
0.318071
0.316812
0.314357
0.313105
0.31103
0.309228
0.307565
0.305709
0.304174
0.302108
0.300281
0.298574
0.296925
0.295344
0.293382
0.291641
0.289888
0.288541
0.286417
0.284667
0.28284
0.28059
0.279506
0.277767
0.275875
0.2741
0.272589
0.270602
0.268986
0.267466
0.265314
0.264249
0.262509
0.260766
0.25885
0.256978
0.255362
0.254038
0.25195
0.250592
0.2487
0.247241
0.245155
0.243598
0.241901
0.240196
0.238736
0.236749
0.235278
0.233571
0.231909
0.230299
0.22839
0.226666
0.225106
0.223658
0.222117
0.220176
0.218871
0.216851
0.215426
0.213679
0.212135
0.210718
0.208771
0.207019
0.205666
0.203769
0.202205
0.200514
0.199205
0.197432
0.195907
0.193979
0.192761
0.190976
0.189395
0.187797
0.18621
0.184616
0.182955
0.181392
0.180019
0.178439
0.176615
0.174949
0.173662
0.172124
0.170444
0.16886
0.167345
0.166173
0.164089
0.162463
0.160834
0.15951
0.157587
0.156246
0.154762
0.153402
0.151535
0.150105
0.148489
0.146879
0.145552
0.143916
0.142599
0.140904
0.139404
0.137929
0.136183
0.134835
0.133165
0.131861
0.130198
0.128966
0.127227
0.125279
0.124281
0.122453
0.121249
0.119657
0.118247
0.117121
0.115686
0.114522
0.113195
0.111973
0.110812
0.109598
0.108318
0.107368
0.106354
0.104672
0.103984
0.102782
0.101829
0.100786
0.0997279
0.0985798
0.0973586
0.0966455
0.0955564
0.094643
0.0936226
0.0927001
0.0916271
0.0908028
0.0897105
0.0887979
0.0878521
0.0870652
0.0862164
0.0852882
0.0843429
0.0834462
0.0825631
0.0817191
0.0807163
0.0800834
0.0792554
0.0782869
0.0774091
0.0767044
0.0757793
0.0751394
0.0744244
0.0735274
0.072881
0.0720703
0.0714111
0.0704306
0.0697074
0.0689993
0.0682838
0.0675587
0.0668951
0.066258
0.0653535
0.0647779
0.0641516
0.063494
0.062686
0.0620586
0.0613225
0.0608166
0.0601867
0.0594246
0.0588627
0.0580579
0.0575675
0.0569234
0.0564017
0.0556677
0.0550253
0.0545119
0.0538708
0.0533867
0.0526524
0.0520639
0.0515947
0.0509958
0.0502498
0.0497568
0.0493265
0.0487193
0.0481302
0.047564
0.0471428
0.0464177
0.0459513
0.0456723
0.045037
0.0444771
0.0439572
0.0434541
0.042945
0.0424904
0.0420174
0.0415026
0.0410446
0.0405209
0.0400609
0.0395451
0.0391177
0.0387585
0.0381572
0.0377543
0.037272
0.0368649
0.0362788
0.0358423
0.0355451
0.0350675
0.0344929
0.0342016
0.0337265
0.0333597
0.0329491
0.0325379
0.0322033
0.0317599
0.031373
0.0309737
0.0305691
0.030164
0.029825
0.0295189
0.0290603
0.028667
0.0282999
0.0278479
0.0275337
0.0272122
0.0268504
0.0265482
0.0261015
0.0258773
0.0254982
0.0250632
0.0248415
0.0245707
0.0240668
0.0238034
0.0234388
0.0231477
0.0228711
0.0224895
0.0221636
0.0218532
0.0216396
0.0212678
0.0209433
0.0206559
0.020379
0.0200699
0.0196732
0.0194633
0.0191843
0.0189436
0.0186126
0.0183804
0.0181503
0.0177833
0.0175142
0.0171997
0.0170647
0.0167327
0.016538
0.0162369
0.0159525
0.0157566
0.015432
0.0152359
0.0150478
0.0147738
0.0145145
0.0143207
0.014041
0.0138259
0.0135024
0.0134131
0.0131141
0.0128521
0.0127454
0.0125357
0.0122603
0.0120583
0.0118921
0.0116442
0.0114381
0.0112535
0.0110459
0.0108415
0.0106704
0.0104741
0.0102985
0.0101082
0.00989719
0.00965457
0.0095534
0.00937351
0.00920231
0.00898314
0.00880668
0.00865618
0.00847956
0.00829806
0.00815465
0.00798933
0.00781374
0.00761521
0.00747833
0.00732714
0.00717604
0.0070041
0.00686906
0.00669888
0.00657537
0.00646066
0.00629638
0.00616795
0.00603198
0.00591627
0.00574541
0.00564687
0.00549292
0.0053865
0.00522762
0.00513867
0.00496621
0.00484965
0.00474149
0.00461092
0.00452759
0.00437785
0.00425948
0.00417088
0.00400903
0.00392752
0.00384637
0.00370957
0.0036275
0.00351445
0.00341096
0.00330918
0.00320876
0.00313086
0.00300829
0.0029432
0.00287554
0.00274569
0.00265841
0.00257499
0.00247911
0.00241324
0.00235313
0.00224981
0.00219815
0.00211181
0.00204609
0.00195466
0.00188617
0.00179389
0.00173969
0.00165752
0.00163042
0.00156297
0.00150294
0.00142653
0.00135506
0.00131198
0.00124563
0.00118185
0.00113523
0.00108631
0.00101035
0.000991631
0.000937357
0.000880075
0.00083504
0.000772005
0.00073427
0.000694244
0.000659887
0.000621597
0.000592804
0.000538666
0.000515425
0.000480173
0.000452901
0.000418292
0.000373203
0.000338524
0.000320135
0.000293451
0.000261817
0.000243258
0.00021232
0.000192654
0.000169975
0.000156192
0.000135455
0.000121422
0.000103097
8.79346e-05
7.59243e-05
6.16268e-05
5.111e-05
3.94229e-05
3.2695e-05
2.20893e-05
1.69049e-05
1.08605e-05
7.20558e-06
3.55908e-06
9.47992e-07
2.36724e-07
0
0
0
0
0
0
0
0
0
0
0
0
0
0
0
0
0
0
0
0
0
0
0
0
0
0
0
0
0
0
0
0
0
0
0
0
0
0
0
0
0
0
0
0
0
0
0
0
0
0
0
0
0
0
0
0
0
0
0
0
0
0
0
0
0
0
0
0
0
0
0
0
0
0
0
0
0
0
0
0
0
0
0
0
0
0
0
0
0
0
0
0
0
0
0
0
0
0
0
0
0
0
0
0
0
0
0
0
0
0
0
0
0
0
0
0
0
0
0
0
0
0
0
0
0
0
0
0
0
0
0
0
0
0
0
0
0
0
0
0
0
0
0
0
0
0
0
0
0
0
0
0
0
0
0
0
0
0
0
0
0
0
0
0
0
0
0
0
0
0
0
0
0
0
0
0
0
0
0
0
0
0
0
0
0
0
0
0
0
0
0
0
0
0
0
0
0
0
0
0
0
0
0
0
0
0
0
0
0
0
0
0
0
0
0
0
0
0
0
0
0
0
0
0
0
0
0
0
0
0
0
0
0
0
0
0
0
0
0
0
0
0
0
0
0
0
0
0
0
0
0
0
0
0
0
0
0
0
0
0
0
0
0
0
0
0
0
0
