0
0
0
0
0
0
0
0
0
0
0
0
0
0
0
0
0
0
0
0
0
0
0
0
0
0
0
0
0
0
0
0
0
0
0
0
0
0
0
0
0
0
0
0
0
0
0
0
0
0
0
0
0
0
0
0
0
0
0
0
0
0
0
0
0
0
0
0
0
0
0
0
0
0
0
0
0
0
0
0
0
0
0
0
0
0
0
0
0
0
0
0
0
0
0
0
0
0
0
0
0
0
0
0
0
0
0
0
0
0
0
0
0
0
0
0
0
0
0
0
0
0
0
0
0
0
0
0
0
0
0
0
0
0
0
0
0
0
0
0
0
0
0
0
0
0
0
0
0
0
0
0
0
0
0
0
0
0
0
0
0
0
0
0
0
0
0
0
0
0
0
0
0
0
0
0
0
0
0
0
0
0
0
0
0
0
0
0
0
0
0
0
0
0
0
0
0
0
0
0
5.68759
5.34757
5.13157
4.86524
4.70406
4.45751
4.27587
4.09213
3.90363
3.77633
3.5564
3.37881
3.28916
3.14551
3.01528
2.8884
2.77147
2.67193
2.5674
2.49118
2.40283
2.31098
2.22322
2.09226
2.06562
1.97849
1.9093
1.83326
1.77851
1.71204
1.65773
1.62721
1.56574
1.52502
1.46625
1.42661
1.4007
1.3624
1.28501
1.28624
1.24448
1.23153
1.18901
1.14038
1.12668
1.0829
1.06476
1.06663
1.01138
1.00603
0.984739
0.976543
0.947204
0.92093
0.921852
0.901602
0.879827
0.866874
0.851935
0.854985
0.828302
0.824742
0.808472
0.791882
0.777402
0.788026
0.767477
0.76509
0.750974
0.744386
0.738731
0.735606
0.7282
0.715013
0.719644
0.701796
0.708305
0.686929
0.704979
0.697705
0.678398
0.674704
0.675839
0.687476
0.674213
0.671354
0.661334
0.657129
0.662688
0.66082
0.661192
0.667007
0.659896
0.647476
0.657054
0.646515
0.650233
0.645522
0.652124
0.663101
0.650921
0.644823
0.653326
0.660273
0.65162
0.662225
0.658251
0.665065
0.654373
0.658149
0.676181
0.670107
0.680032
0.676218
0.685761
0.678149
0.693108
0.70245
0.694527
0.699721
0.709724
0.700223
0.707538
0.707375
0.72764
0.729876
0.728715
0.733465
0.740585
0.744716
0.757689
0.752332
0.760592
0.755593
0.771169
0.778684
0.780998
0.791535
0.792514
0.810892
0.820813
0.827591
0.832296
0.846932
0.845837
0.867245
0.85849
0.869364
0.892089
0.88926
0.893039
0.901587
0.918258
0.918653
0.941904
0.932299
0.942937
0.95968
0.966453
0.990865
0.989005
1.00598
1.00799
1.00755
1.01446
1.03434
1.04059
1.05572
1.05402
1.05905
1.07882
1.07271
1.08506
1.08746
1.09849
1.10441
1.11211
1.10527
1.1228
1.13913
1.13919
1.14419
1.15555
1.15996
1.16184
1.17057
1.19286
1.19964
1.19722
1.21435
1.22762
1.22845
1.24613
1.24934
1.25113
1.2716
1.27111
1.28996
1.29141
1.29484
1.32017
1.30875
1.33253
1.31649
1.31875
1.31531
1.31942
1.31308
1.31912
1.30404
1.28816
1.28692
1.28151
1.26626
1.27401
1.26491
1.25795
1.24253
1.22134
1.23166
1.21732
1.20255
1.1873
1.17975
1.17709
1.1636
1.14776
1.13127
1.13377
1.11907
1.10531
1.10118
1.08441
1.09202
1.07776
1.06563
1.04982
1.05356
1.02946
1.02866
1.02287
1.01296
1.00111
0.988368
0.990733
0.982308
0.973035
0.960228
0.965979
0.952707
0.945206
0.931939
0.92921
0.931656
0.920268
0.924077
0.927663
0.914464
0.922763
0.901799
0.905888
0.903327
0.894907
0.893247
0.894504
0.883364
0.877305
0.881693
0.878023
0.870273
0.870185
0.877125
0.869903
0.859597
0.860724
0.854194
0.869097
0.860588
0.86287
0.861655
0.863898
0.858123
0.860644
0.860262
0.865067
0.864123
0.865886
0.86197
0.863134
0.86166
0.876065
0.86559
0.873426
0.879953
0.870236
0.87873
0.876573
0.878463
0.885133
0.888042
0.891522
0.888573
0.891189
0.900046
0.91586
0.89474
0.905588
0.901002
0.91367
0.910962
0.912679
0.915193
0.913255
0.927883
0.925779
0.929759
0.93674
0.933525
0.939255
0.936857
0.939734
0.940872
0.942801
0.952754
0.948877
0.958582
0.95803
0.962713
0.962316
0.976391
0.970819
0.968463
0.97693
0.977115
0.98389
0.994069
0.992903
1.00131
0.998938
1.00236
1.00443
1.01664
1.01117
1.01352
1.01714
1.01787
1.02255
1.02672
1.03658
1.03689
1.03742
1.03964
1.04162
1.04148
1.05126
1.05324
1.05603
1.0544
1.05339
1.05342
1.06567
1.07101
1.07259
1.0663
1.06668
1.06488
1.06967
1.07029
1.06481
1.07179
1.0724
1.06631
1.07409
1.07719
1.08266
1.08234
1.07867
1.08215
1.08135
1.07575
1.08469
1.08526
1.08106
1.08083
1.08847
1.0817
1.08328
1.07248
1.08016
1.06695
1.07248
1.07377
1.07432
1.07035
1.0675
1.06071
1.06762
1.06674
1.05973
1.06127
1.06231
1.05437
1.0636
1.05307
1.05279
1.04521
1.04901
1.03977
1.04958
1.03816
1.04218
1.03407
1.03673
1.03204
1.02937
1.02792
1.02352
1.02805
1.02447
1.01342
1.02033
1.00749
1.00494
1.01641
1.00404
1.00373
0.994796
0.992141
0.988862
0.993893
0.991883
0.9887
0.980818
0.976552
0.979614
0.973408
0.97341
0.970423
0.970887
0.969423
0.968883
0.967837
0.967493
0.962184
0.960443
0.958136
0.955973
0.959786
0.956576
0.959311
0.954495
0.955301
0.953425
0.958415
0.95395
0.955315
0.960925
0.950258
0.952101
0.951314
0.948855
0.95333
0.955913
0.953107
0.951737
0.948044
0.948174
0.948977
0.956212
0.953739
0.956406
0.950802
0.955817
0.950793
0.956862
0.957339
0.958289
0.959614
0.961895
0.959273
0.960869
0.963601
0.96935
0.960208
0.969024
0.964649
0.970125
0.963743
0.966304
0.968054
0.97315
0.973902
0.978827
0.973851
0.979313
0.982751
0.979246
0.977838
0.984575
0.986428
0.979414
0.996411
0.99368
1.00021
0.998752
0.994889
0.999733
0.998932
0.994238
1.00222
1.00318
0.995836
1.00829
1.00963
1.01018
1.0078
1.00833
1.01054
1.01276
1.01543
1.01552
1.01303
1.01703
1.0181
1.01618
1.01691
1.02003
1.01904
1.02057
1.01324
1.01932
1.02154
1.02007
1.01631
1.01799
1.02032
1.02346
1.01683
1.01776
1.02002
1.02398
1.02507
1.0145
1.0253
1.02237
1.02206
1.02797
1.02176
1.01948
1.01614
1.0189
1.02248
1.02672
1.02314
1.03025
1.01937
1.02459
1.02108
1.02793
1.02058
1.02695
1.02546
1.02988
1.02429
1.02389
1.02237
1.02254
1.02113
1.02466
1.01854
1.03016
1.02518
1.02501
1.02069
1.02573
1.01379
1.01753
1.02088
1.01367
1.01619
1.01604
1.01943
1.01285
1.01805
1.0138
1.00757
1.01535
1.00961
1.00948
1.00606
1.00616
0.999587
1.00549
1.00507
1.00089
0.99803
1.00112
1.00436
0.995115
0.999484
0.989386
0.990845
0.997057
0.986915
0.992954
0.991199
0.990957
0.988776
0.989026
0.990087
0.988441
0.984958
0.996326
0.985349
0.985368
0.987596
0.99147
0.985895
0.986689
0.983685
0.984437
0.978764
0.985281
0.983429
0.979113
0.978746
0.9839
0.98214
0.981347
0.98315
0.981697
0.982512
0.978912
0.979082
0.982173
0.976979
0.979327
0.9738
0.98686
0.976956
0.981531
0.985887
0.977526
0.98471
0.983016
0.981986
0.9798
0.976659
0.981608
0.978585
0.981076
0.978254
0.979301
0.982464
0.985497
0.98463
0.984399
0.987219
0.986833
0.990829
0.988562
0.98555
0.990206
0.994931
0.989696
0.994613
0.991516
0.994078
0.994009
0.994794
0.998419
0.995592
0.99171
1.00026
0.998034
0.99177
0.999216
0.99837
1.00257
1.00344
0.998744
0.996569
1.00277
1.0052
1.00456
1.00485
1.0083
1.00406
1.00139
1.00777
1.01381
1.00636
1.00879
1.0126
1.01451
1.0141
1.01351
1.01786
1.00782
1.01537
1.01402
1.01714
1.01431
1.01992
1.01746
1.01708
1.01392
1.01813
1.01182
1.0152
1.01434
1.01416
1.01912
1.02155
1.01714
1.00909
1.01135
1.02194
1.01165
1.02005
1.01001
1.01301
1.01264
1.01107
1.01022
1.01026
1.00737
1.00672
1.00961
1.01033
1.00692
1.00596
1.009
1.00916
1.01023
1.00845
1.00556
1.00437
1.00352
1.01105
1.00594
1.00774
1.0052
1.00295
1.00692
1.00274
1.00636
1.00816
1.00418
1.00126
1.00317
1.00386
1.00943
1.00792
1.00389
1.00724
1.00984
1.0046
1.00378
1.00576
1.00135
1.00187
1.00265
1.00218
1.00539
1.00548
0.999251
1.00102
1.00179
0.999081
1.00423
0.994341
0.995881
0.997049
0.993541
0.994916
0.995077
0.995096
0.989143
0.98708
0.991505
0.991327
0.992321
0.990415
0.989229
0.99397
0.989883
0.986545
0.990105
0.987149
0.993464
0.985258
0.987309
0.992395
0.981481
0.987087
0.984336
0.986636
0.985949
0.984802
0.985706
0.98542
0.975216
0.980399
0.977869
0.973015
0.970234
0.965912
0.965451
0.960054
0.956745
0.953325
0.951192
0.952666
0.952672
0.947401
0.943737
0.94189
0.940163
0.930982
0.925234
0.926992
0.927232
0.919899
0.919165
0.917315
0.911823
0.907256
0.90726
0.909783
0.904785
0.900154
0.901651
0.900667
0.897705
0.895275
0.895305
0.886103
0.888474
0.888786
0.88432
0.87936
0.878502
0.878338
0.873205
0.872463
0.868489
0.868901
0.866913
0.86488
0.8627
0.8618
0.853709
0.856198
0.850764
0.845264
0.844888
0.842313
0.842755
0.835872
0.835711
0.83348
0.833127
0.829432
0.829984
0.826954
0.822364
0.817817
0.81453
0.817786
0.812819
0.813051
0.80913
0.806691
0.805284
0.802015
0.804254
0.792759
0.790398
0.791034
0.787901
0.78123
0.780089
0.778773
0.774761
0.772577
0.7726
0.76959
0.7608
0.763399
0.757907
0.755654
0.7509
0.75049
0.745241
0.74375
0.738854
0.741012
0.735099
0.735583
0.736065
0.72765
0.724225
0.719836
0.718183
0.714523
0.709092
0.710853
0.707735
0.706087
0.703939
0.697242
0.698246
0.696557
0.694007
0.688266
0.691085
0.687593
0.679412
0.677763
0.676269
0.673999
0.673448
0.670432
0.665908
0.664631
0.662769
0.65869
0.653687
0.650617
0.650151
0.647304
0.646201
0.647083
0.643984
0.642236
0.639622
0.63269
0.634568
0.625716
0.627559
0.623593
0.625895
0.617764
0.617661
0.615946
0.613126
0.610171
0.609448
0.605305
0.604743
0.601995
0.593892
0.594919
0.590633
0.590422
0.588955
0.584118
0.577075
0.580861
0.579655
0.570933
0.57092
0.569247
0.567612
0.564879
0.56185
0.561488
0.560597
0.556306
0.55424
0.55252
0.549543
0.545077
0.544633
0.542296
0.542352
0.538351
0.535007
0.535741
0.530931
0.529217
0.529681
0.527022
0.526142
0.522884
0.523491
0.520331
0.518476
0.514596
0.5143
0.512839
0.511153
0.505255
0.505595
0.505718
0.504074
0.502514
0.499797
0.500875
0.496873
0.494413
0.492734
0.492576
0.490749
0.487083
0.486
0.483889
0.484919
0.481336
0.47861
0.476668
0.476272
0.473215
0.473592
0.473631
0.468726
0.466484
0.465995
0.462947
0.462189
0.461492
0.4603
0.457317
0.456533
0.453548
0.451868
0.449455
0.446819
0.445198
0.44298
0.443704
0.443681
0.440382
0.435357
0.43396
0.435349
0.432338
0.429237
0.424938
0.425006
0.425375
0.421492
0.420416
0.420886
0.417851
0.41421
0.413135
0.412308
0.411935
0.407431
0.404809
0.404744
0.403859
0.399119
0.400116
0.396511
0.394127
0.392683
0.389217
0.389946
0.385052
0.385879
0.383768
0.379259
0.379489
0.375232
0.373595
0.371423
0.368938
0.367711
0.365876
0.362481
0.360873
0.359216
0.354613
0.353363
0.350602
0.349342
0.345254
0.343748
0.342511
0.341435
0.335737
0.33528
0.332482
0.331236
0.32969
0.327376
0.324186
0.323745
0.320962
0.320361
0.317046
0.315727
0.312347
0.310837
0.308325
0.307392
0.304688
0.302219
0.301963
0.298612
0.297562
0.295165
0.292352
0.290519
0.287886
0.286752
0.285368
0.281981
0.2809
0.278402
0.277475
0.275004
0.273362
0.27315
0.268699
0.267705
0.266462
0.263883
0.262998
0.262856
0.258301
0.258331
0.257318
0.257074
0.251069
0.253645
0.252061
0.247565
0.245256
0.24656
0.243824
0.242354
0.240291
0.23859
0.237098
0.235926
0.232819
0.234225
0.232524
0.229996
0.226877
0.226032
0.227826
0.223807
0.222799
0.221895
0.217366
0.218073
0.216204
0.214241
0.214052
0.211723
0.208477
0.207548
0.208615
0.205762
0.203785
0.201447
0.202535
0.201127
0.200362
0.197008
0.194668
0.193858
0.194419
0.193235
0.18966
0.188308
0.186974
0.185419
0.185023
0.183791
0.180951
0.180639
0.180648
0.178222
0.178773
0.175584
0.174226
0.172147
0.170643
0.170036
0.169561
0.167926
0.165701
0.163293
0.163482
0.161591
0.161573
0.158895
0.157877
0.157263
0.154983
0.152781
0.152521
0.150582
0.149253
0.146965
0.146211
0.14558
0.143042
0.141735
0.139875
0.138569
0.136553
0.136042
0.133348
0.131487
0.130297
0.129576
0.126267
0.125673
0.124287
0.122748
0.120907
0.118189
0.117779
0.116753
0.114948
0.113621
0.11216
0.111225
0.109905
0.108685
0.107233
0.104947
0.1042
0.104365
0.103056
0.100959
0.0996339
0.09863
0.0977052
0.0956885
0.0952449
0.0943709
0.0921544
0.0921811
0.0903369
0.0881592
0.0875662
0.0871466
0.0850301
0.0847052
0.0832373
0.0830895
0.081957
0.0807199
0.078492
0.078059
0.0777224
0.0762062
0.0754988
0.0741677
0.0734915
0.0725007
0.0720441
0.0712584
0.0698623
0.0701374
0.068626
0.0672653
0.067446
0.0665117
0.0652645
0.0650706
0.0635781
0.0631339
0.0629029
0.0620603
0.0607999
0.0605207
0.0596817
0.0597712
0.0586933
0.0579119
0.057279
0.0577441
0.056514
0.0552501
0.0546069
0.0546161
0.0538328
0.0532993
0.0533499
0.0522562
0.0515283
0.0517933
0.050672
0.0500761
0.050607
0.0492719
0.0488151
0.0480842
0.0479247
0.0478972
0.0471731
0.0473841
0.0465928
0.0461797
0.0455534
0.0451261
0.0450467
0.0443633
0.0442436
0.0437869
0.0428732
0.0424994
0.0428755
0.0422826
0.041532
0.0419187
0.0417402
0.040654
0.0408108
0.0399387
0.0395892
0.0398255
0.0393901
0.0389584
0.0383788
0.0385965
0.0381756
0.0374642
0.0367897
0.0363997
0.0361074
0.035499
0.0352435
0.0346672
0.0344053
0.0338316
0.032787
0.0333865
0.0322574
0.0322926
0.0318817
0.0319914
0.0315979
0.0307796
0.0300691
0.0302438
0.0298887
0.0293556
0.029055
0.0286476
0.0284194
0.0280269
0.0275491
0.027083
0.0268475
0.0261725
0.0262819
0.0249681
0.0252343
0.0247979
0.024241
0.0240782
0.0233895
0.023187
0.0222515
0.0226112
0.0220074
0.0219075
0.0209425
0.0204402
0.0202712
0.0201561
0.0198045
0.0198938
0.0192943
0.0186151
0.0186777
0.0179782
0.0179883
0.0178039
0.0172242
0.016671
0.0163683
0.0167219
0.015898
0.0155497
0.0151697
0.0154605
0.0146448
0.0143322
0.0139556
0.0141818
0.0137095
0.0137121
0.0131202
0.0128835
0.0125412
0.0124909
0.0119157
0.0119452
0.0115712
0.0117066
0.0110837
0.0110258
0.0109191
0.0106807
0.0107064
0.010308
0.0101321
0.00965264
0.00981064
0.00977421
0.00934545
0.00911854
0.00907825
0.00859399
0.00863156
0.00837052
0.00810531
0.00859
0.00815007
0.00766331
0.00766821
0.00735767
0.00734384
0.0071298
0.00697581
0.0068745
0.00659293
0.00675563
0.00671891
0.00644329
0.00651102
0.00616787
0.00609431
0.00572423
0.00591714
0.00570556
0.0056024
0.00527924
0.0052728
0.00540896
0.0049728
0.00491545
0.00470918
0.00459413
0.00463966
0.00432076
0.00451252
0.00453483
0.00423108
0.00414282
0.00376877
0.00391856
0.00374126
0.00371146
0.00366107
0.00352597
0.00334999
0.00320187
0.00313177
0.0031394
0.00301485
0.00307268
0.00298487
0.00286549
0.00271464
0.00276122
0.00269908
0.00255575
0.00236761
0.00242565
0.0025038
0.00229391
0.00229342
0.00216728
0.00208851
0.00205916
0.00198964
0.0018265
0.00184663
0.00172637
0.00163532
0.00174227
0.00166695
0.00156743
0.00143492
0.00153496
0.00131002
0.00137908
0.00138185
0.00121952
0.00115432
0.00115955
0.0010814
0.000985919
0.00100226
0.000928952
0.000842713
0.000933308
0.000740541
0.000785356
0.000701861
0.000618562
0.000706718
0.000591128
0.000568808
0.000518456
0.000466064
0.000422416
0.000391784
0.000361224
0.000287783
0.000321769
0.000244259
0.000231134
0.000196662
0.000172947
0.000157817
0.000129941
0.000106385
8.07588e-05
7.85423e-05
6.57293e-05
4.0239e-05
3.38462e-05
3.80328e-05
2.11049e-05
1.68644e-05
1.0528e-05
6.30953e-06
0
0
0
0
0
0
0
0
0
0
0
0
0
0
0
0
0
0
0
0
0
0
0
0
0
0
0
0
0
0
0
0
0
0
0
0
0
0
0
0
0
0
0
0
0
0
0
0
0
0
0
0
0
0
0
0
0
0
0
0
0
0
0
0
0
0
0
0
0
0
0
0
0
0
0
0
0
0
0
0
0
0
0
0
0
0
0
0
0
0
0
0
0
0
0
0
0
0
0
0
0
0
0
0
0
0
0
0
0
0
0
0
0
0
0
0
0
0
0
0
0
0
0
0
0
0
0
0
0
0
0
0
0
0
0
0
0
0
0
0
0
0
0
0
0
0
0
0
0
0
0
0
0
0
0
0
0
0
0
0
0
0
0
0
0
0
0
0
0
0
0
0
0
0
0
0
0
0
0
0
0
0
0
0
0
0
0
0
0
0
0
0
0
0
0
0
0
0
0
0
0
0
0
0
0
0
0
0
0
0
0
0
0
0
0
0
0
0
0
0
0
0
0
0
0
0
0
0
0
0
0
0
0
0
0
0
0
0
0
0
0
0
0
0
0
0
0
0
0
0
0
0
0
0
0
0
0
0
0
0
0
0
0
0
0
0
0
0
0
0
