0.0440658
0.0440875
0.0402099
0.0345723
0.0422001
0.0443675
0.0360476
0.0355092
0.040738
0.0392164
0.0440069
0.0396831
0.0398759
0.0384077
0.0464242
0.0426032
0.0474205
0.0426041
0.0464219
0.0330226
0.0381296
0.0327807
0.0547217
0.0367734
0.0382949
0.0386518
0.0297319
0.0416901
0.0587063
0.0562951
0.0378017
0.0444246
0.0346548
0.0551977
0.0462333
0.0405024
0.0542342
0.0517567
0.0402038
0.0625709
0.0704628
0.0515198
0.0422158
0.0507329
0.0524162
0.0462429
0.0408828
0.0270537
0.0527775
0.0274196
0.0471843
0.0354653
0.0384733
0.0441837
0.0594058
0.0477478
0.046572
0.053579
0.0308165
0.0462276
0.0352129
0.0561966
0.0539236
0.0466815
0.0501006
0.0416807
0.0457312
0.0450882
0.0351424
0.0412086
0.0415333
0.050626
0.0606293
0.0268754
0.0351039
0.039539
0.0540398
0.0541618
0.051346
0.0334708
0.0442643
0.0454942
0.0530671
0.0366508
0.0333649
0.0300572
0.0426207
0.0512701
0.0439383
0.0491779
0.0428801
0.0408751
0.054064
0.0426815
0.0375278
0.0344885
0.0363904
0.0484884
0.0384269
0.0429404
0.0561453
0.0349221
0.043557
0.0472634
0.0476593
0.0637328
0.0327224
0.0395546
0.0481304
0.0399527
0.0510451
0.0536957
0.0399254
0.0543034
0.0519041
0.0557002
0.0399095
0.0331928
0.0470911
0.0300852
0.0423697
0.0289504
0.0346886
0.0399978
0.0340581
0.0350767
0.0515782
0.0401265
0.0432318
0.0372178
0.049387
0.0478121
0.0484398
0.0497382
0.0459949
0.060512
0.053978
0.0584855
0.0405687
0.0447899
0.0375873
0.0349216
0.0423265
0.0449417
0.0455212
0.0241431
0.0554052
0.0373065
0.0387324
0.0425856
0.0387826
0.0398159
0.0482215
0.0444623
0.0619967
0.0329949
0.0392421
0.0360865
0.0409927
0.0403593
0.042322
0.0365564
0.0428289
0.0453912
0.0371077
0.0583601
0.0386489
0.0409437
0.0420251
0.031918
0.0474641
0.0546827
0.0362927
0.0397021
0.0468678
0.0474937
0.0301638
0.0490792
0.0563164
0.0506517
0.0511659
0.0428582
0.0348021
0.0435937
0.0403706
0.0464565
0.0404133
0.0350102
0.0424693
0.0506845
0.0704608
0.0401257
0.0491189
0.0338848
0.050766
0.0426329
0.0379139
0.0464514
0.0354777
0.044801
0.0499583
0.0358612
0.0516795
0.0322767
0.0421968
0.0406332
0.0474088
0.0467935
0.0426093
0.0516394
0.0468005
0.0412693
0.0364858
0.0421421
0.0421176
0.0479378
0.0645896
0.0461898
0.0517684
0.0358967
0.0422851
0.0516178
0.041682
0.042484
0.0338211
0.0425987
0.0519228
0.0498554
0.0545425
0.0431193
0.0387861
0.0380061
0.047639
0.042646
0.0357758
0.0497291
0.0498682
0.0673798
0.0479552
0.0516479
0.0460417
0.0419791
0.0475033
0.052938
0.0590873
0.0424586
0.0363502
0.0355808
0.0466781
0.0629956
0.0484116
0.0424916
0.0346617
0.0441323
0.0638388
0.0369163
0.0392565
0.0572503
0.0516235
0.0444748
0.0576828
0.050327
0.0302019
0.0477842
0.041474
0.0707428
0.0520718
0.0463484
0.058259
0.0397204
0.0540614
0.0459136
0.0495045
0.0401252
0.0505751
0.0468364
0.0453303
0.0415713
0.0514976
0.03442
0.0368589
0.0444147
0.0447852
0.0583707
0.0351138
0.0458202
0.0408149
0.0419914
0.0439126
0.0500138
0.0437526
0.0378921
0.0376722
0.0360714
0.0403886
0.0418139
0.0375301
0.0475697
0.0517235
0.0392954
0.0510946
0.0322952
0.0508355
0.042398
0.0474688
0.0517297
0.0489943
0.0557165
0.0362142
0.0398484
0.0393206
0.0616537
0.0363232
0.0394604
0.0383801
0.0464647
0.0529207
0.0406231
0.0355792
0.0385482
0.026264
0.0385872
0.0372432
0.0546121
0.0438367
0.0399572
0.0455576
0.0390163
0.050101
0.035125
0.0331345
0.0514586
0.0460944
0.0439248
0.040767
0.0485703
0.0398667
0.0321825
0.0553556
0.0461788
0.0303641
0.0344996
0.0549987
0.0546058
0.0320141
0.0415934
0.0402387
0.0432568
0.0418541
0.0411155
0.0540585
0.0477099
0.0394624
0.0422809
0.0433806
0.0435954
0.0356284
0.041442
0.0460691
0.0345885
0.0308768
0.0382598
0.0478214
0.0588714
0.040275
0.0419231
0.0454964
0.0313133
0.0505889
0.0417717
0.0459136
0.0422559
0.0553305
0.0446579
0.032672
0.0516983
0.0429725
0.0384225
0.0578709
0.0323835
0.0479795
0.0415076
0.0616738
0.0452804
0.0346357
0.0508325
0.0449424
0.0470943
0.0456347
0.0371398
0.0509941
0.0490078
0.0365506
0.0432972
0.0446941
0.0556368
0.0436774
0.0358747
0.0413715
0.0306668
0.0340671
0.040339
0.0358525
0.0458576
0.0434881
0.0340101
0.0368971
0.0335093
0.0396018
0.0378002
0.0455526
0.0489974
0.0439769
0.040106
0.0368857
0.0412211
0.0350223
0.0432277
0.041573
0.0577023
0.0364625
0.0401783
0.0469171
0.0594963
0.0427617
0.0410002
0.0355508
0.0460983
0.0445676
0.0388056
0.0442375
0.0569049
0.0380367
0.0419476
0.048935
0.0440428
0.0350077
0.0447399
0.0371086
0.0569942
0.0518289
0.0355012
0.0368625
0.0462438
0.0438172
0.0355034
0.0393888
0.0510665
0.0326314
0.0488094
0.0404768
0.0444986
0.055494
0.0460055
0.0400112
0.0312653
0.0312843
0.0433797
0.0360527
0.0467567
0.0370899
0.0348469
0.0400531
0.0439888
0.0324513
0.0337975
0.0389283
0.0643143
0.0466235
0.0334356
0.0397312
0.0404313
0.0371908
0.0496377
0.0474902
0.0447926
0.0345179
0.0467946
0.0368527
0.0408552
0.0656491
0.0392277
0.0477506
0.0407053
0.0590698
0.0396218
0.0489142
0.0475808
0.0324093
0.040392
0.0490784
0.0400866
0.0449466
0.0448493
0.0332399
0.0458326
0.036872
0.0293329
0.0410638
0.049631
0.0374579
0.0368127
0.0288618
0.0533643
0.0394585
0.0357271
0.0410468
0.0449736
0.0501382
0.0398313
0.0536577
0.0390422
0.0366506
0.0496948
0.0558184
0.0486067
0.0439806
0.0418596
0.0320976
0.0393002
0.0529131
0.0383446
0.043842
0.0483729
0.0555701
0.0522113
0.0418953
0.0533779
0.0407996
0.0389155
0.0388598
0.0379722
0.0421461
0.0379726
0.0404937
0.0399337
0.0401738
0.0392944
0.0546084
0.0448771
0.0377224
0.0329036
0.0357895
0.0422561
0.0411899
0.0447209
0.0364375
0.0559722
0.0386427
0.0489138
0.0402304
0.0415315
0.0506191
0.0363191
0.0314301
0.0347934
0.0353538
0.0413303
0.0324842
0.0416243
0.0374266
0.0459769
0.0440148
0.048819
0.0333547
0.0397207
0.0443604
0.0404939
0.0498643
0.0439603
0.0542455
0.0534287
0.0443019
0.0386822
0.0359577
0.0434545
0.0437981
0.0431539
0.0542812
0.0451517
0.0439638
0.0601721
0.0444521
0.0355374
0.0377598
0.0347822
0.057234
0.0377522
0.0624198
0.0519643
0.0371875
0.0346752
0.0629845
0.0421366
0.0307211
0.0491469
0.0377043
0.0297224
0.0450126
0.0363116
0.0415654
0.0472456
0.0350818
0.051182
0.0468663
0.0443613
0.0521352
0.0378519
0.0275853
0.0444189
0.0359653
0.0390266
0.0527502
0.0439004
0.0357781
0.0478656
0.0472915
0.0487576
0.0509596
0.0422998
0.0522851
0.0467995
0.0392318
0.0387745
0.0562961
0.0465712
0.0505831
0.0347356
0.0552215
0.040172
0.0500436
0.0460864
0.0563731
0.0492254
0.0449675
0.0451083
0.0391675
0.0469622
0.0469194
0.0507282
0.0433933
0.0473751
0.0345628
0.0329524
0.0462626
0.0396011
0.0313644
0.0303749
0.0481129
0.0428816
0.037465
0.0396952
0.0346156
0.0608983
0.0370036
0.0426608
0.0537418
0.0440595
0.035982
0.0481061
0.0337584
0.0377398
0.0446503
0.0503398
0.0375342
0.0506911
0.0408383
0.0396438
0.0444217
0.0382487
0.0483546
0.0342968
0.0509272
0.037145
0.0615682
0.0404978
0.033614
0.0478753
0.0533679
0.0308311
0.0530716
0.0698026
0.0531543
0.0449203
0.034258
0.0318304
0.0489838
0.0387577
0.0338492
0.0443302
0.0413096
0.0489952
0.0473598
0.039031
0.0403852
0.0443082
0.0370548
0.0448386
0.0410665
0.0377525
0.0372298
0.042656
0.0401425
0.0365933
0.0389328
0.0437711
0.040929
0.0429646
0.044624
0.0402994
0.0385914
0.0465134
0.0428082
0.0448867
0.0365659
0.0304791
0.041777
0.046994
0.0657338
0.0489709
0.0370515
0.0422778
0.0398259
0.0363954
0.0511083
0.0520344
0.0438623
0.0348127
0.0378007
0.0376852
0.034299
0.0436066
0.0441668
0.0378564
0.043022
0.0431997
0.0476429
0.0337819
0.0479495
0.0335408
0.0413248
0.0370652
0.0702255
0.0328557
0.0407974
0.0421299
0.0483615
0.0568752
0.0524258
0.0570124
0.0574668
0.0370997
0.0585477
0.0512022
0.0411004
0.0450642
0.0417423
0.0364844
0.0355915
0.0379665
0.0571839
0.0415292
0.0436723
0.0481807
0.0619425
0.0412596
0.0474283
0.0390925
0.0531063
0.046269
0.0484451
0.0602455
0.0303481
0.0406154
0.0437083
0.0308303
0.0302141
0.0504532
0.02807
0.0592824
0.0339162
0.0420943
0.0501567
0.0420982
0.0509129
0.048861
0.0399508
0.0386577
0.0504152
0.0484267
0.0552496
0.0342699
0.037544
0.0357194
0.0550277
0.0329108
0.0361177
0.0436862
0.0376931
0.0494532
0.0494741
0.0693488
0.0413599
0.0466061
0.0312337
0.0339684
0.0379483
0.038405
0.0453737
0.0543031
0.054783
0.0359356
0.0338243
0.0307348
0.0400384
0.0509927
0.0544768
0.0432015
0.0406387
0.0559829
0.0505681
0.0450406
0.0403043
0.0427825
0.0380736
0.0434146
0.0321464
0.0348987
0.0467157
0.0519368
0.0315244
0.0388666
0.0506175
0.0274415
0.04266
0.0407038
0.0458996
0.0362542
0.0467327
0.0503792
0.0437291
0.0367097
0.040232
0.033567
0.0346825
0.0441062
0.0422381
0.0361498
0.0615473
0.039166
0.0348332
0.0478114
0.0547961
0.0454904
0.0371141
0.0393684
0.0413646
0.055732
0.0676288
0.0398142
0.0314523
0.0353647
0.034764
0.0340185
0.040949
0.0375289
0.0461672
0.0435187
0.0441411
0.0363071
0.0613725
0.0469752
0.0541174
0.0554288
0.0480357
0.0418297
0.0508999
0.0376244
0.0376765
0.0558514
0.0514608
0.0402993
0.0394113
0.0425381
0.0573206
0.0435111
0.0362127
0.0436904
0.0625099
0.0400274
0.0432243
0.0441058
0.0425387
0.0397785
0.0308766
0.0346497
0.0364761
0.0344716
0.0402152
0.0383913
0.0411465
0.0305277
0.0339249
0.0365848
0.047604
0.0379258
0.0446211
0.0658526
0.0395789
0.0360793
0.0431642
0.0348425
0.0365815
0.0399526
0.0457536
0.0398363
0.0492014
0.0418632
0.0440634
0.0431878
0.0414913
0.0457713
0.0481557
0.0329613
0.0356175
0.0507384
0.0311962
0.0428765
0.0584901
0.0321682
0.0380171
0.0384849
0.0382063
0.0381902
0.0383037
0.0540614
0.0459061
0.0375177
0.0461215
0.0471352
0.03421
0.0410885
0.031135
0.0342024
0.0444126
0.0442188
0.0509972
0.0369411
0.0308267
0.0401905
0.0373901
0.0556576
0.0408683
0.0453186
0.0581887
0.0720698
0.0292609
0.0522008
0.041583
0.0278607
0.0332132
0.028929
0.0325001
0.0551173
0.0371037
0.0526076
0.0507195
0.0410825
0.0541314
0.0525288
0.0424223
0.0446323
0.0421821
0.0383099
0.0467539
0.0421857
0.0379712
0.0423361
0.0467327
0.0466021
0.0394205
0.0416002
0.0433521
0.038906
0.0501318
0.0504911
0.035265
0.0480718
0.0507324
0.0472594
0.0279872
0.0533806
0.0353427
0.0448794
0.0235504
0.0545366
0.0543912
0.0333427
0.0337039
0.0362194
