-0.0409022
-0.0291619
-0.151838
0.00394166
0.0492069
-0.0345177
0.011218
-0.118584
-0.0241715
-0.111131
-0.0767984
-0.0673532
-0.0723906
0.00848611
-0.0258436
-0.0998979
0.0110683
-0.0301138
-0.0472187
-0.0364414
-0.0871402
-0.0277084
-0.0512912
0.0315855
-0.0704073
-0.074173
0.0572455
0.0541554
0.0424709
0.0388825
-0.0541703
-0.123786
-0.00449212
-0.0500427
0.0321971
0.0515001
0.0788993
0.0663255
-0.0431735
-0.0282089
0.00114672
-0.0664951
-0.103196
0.0287697
0.00175619
-0.0271266
-0.0584118
0.125024
0.00615048
-0.0571775
0.0613598
0.0294996
-0.00635462
0.0312791
-0.0531181
-0.0555573
-0.0207851
-0.0220421
-0.0286359
-0.0927697
