0.085327
0.0730039
0.0692425
0.0684261
0.0821117
0.0805619
0.0704988
0.0837044
0.0833632
0.080047
0.076525
0.0675
0.0703968
0.0800305
0.0705008
0.0683386
0.0758069
0.0681849
0.0729143
0.077023
0.0880864
0.0716339
0.0675
0.071424
0.081186
0.0694621
0.0725904
0.0712589
0.0782307
0.0763833
0.0824429
0.0696529
0.0732479
0.0699462
0.0706856
0.0682546
0.0740867
0.0868036
0.067961
0.0803328
0.0781701
0.0676332
0.0692493
0.0787338
0.087149
0.0770772
0.0692224
0.0728873
0.0776988
0.0807595
0.0705421
0.0809773
0.0819183
0.0813545
0.0760946
0.0809266
0.0677658
0.0785067
0.0765633
0.0675
0.0706909
0.0855995
0.0857399
0.0740339
0.0829135
0.0723437
0.0779006
0.0877911
0.0775459
0.0808226
0.0676919
0.0814674
0.0741461
0.0754924
0.0719005
0.0776453
0.0725545
0.0795145
0.0758683
0.07103
0.0740108
0.0709059
0.0760527
0.0781616
0.0792905
0.0891788
0.0744906
0.0734038
0.0905613
0.071499
0.0686441
0.0767131
0.0681347
0.0723102
0.0688019
0.0792579
0.0731126
0.0745038
0.080076
0.0725681
0.0727978
0.0754711
0.0702577
0.0716954
0.0687158
0.0698624
0.0748546
0.0789348
0.0733948
0.0883265
0.0853762
0.0678518
0.0697122
0.077893
0.0802873
0.0851317
0.0759444
0.0760911
0.0767043
0.0719528
0.0836576
0.0772459
0.0823411
0.0760528
0.0725986
0.0816833
0.0744534
0.0872275
0.0707212
0.072248
0.0801612
0.0798892
0.0684784
0.0730911
0.0685138
0.0806295
0.0675614
0.0731357
0.0792804
0.0752336
0.0688798
0.0692912
0.0721016
0.0884688
0.0721319
0.0824796
0.0675
0.0694489
0.078868
0.0712714
0.0702073
0.0720099
0.0766468
0.0702244
0.0870309
0.0776255
0.0713871
0.0744932
0.0685318
0.0796167
0.0702255
0.0756612
0.0750477
0.0813206
0.0762123
0.0847408
0.0750973
0.0848227
0.0700543
0.0684271
0.0729195
0.0714189
0.0776372
0.0787998
0.0687643
0.0863685
0.0722567
0.089165
0.0710815
0.0710375
0.0763923
0.0694052
0.0794121
0.0715583
0.0739554
0.0831176
0.0771776
0.0728321
0.0808953
0.0879529
0.0764478
0.0724389
0.0675421
0.0675
0.079146
0.0764202
0.0703003
0.0705121
0.0756007
0.0717427
0.0716295
0.0722338
0.0782606
0.0837502
0.0707832
0.0790695
0.0879915
0.0829867
0.0745026
0.0755685
0.0752379
0.0748839
0.0686503
0.068838
0.0855344
0.0689685
0.081025
0.0697971
0.0769576
0.0768441
0.0684751
0.071661
0.0751295
0.0700901
0.073779
0.079205
0.069096
0.0868356
0.0728134
0.0728071
0.070693
0.0751985
0.0697071
0.0811282
0.0807787
0.0841424
0.0768867
0.0731691
0.0727188
0.0736358
0.094243
0.0845101
0.0877869
0.0748521
0.0763636
0.0751693
0.0756702
0.0675
0.0698671
0.0709294
0.0783187
0.0733183
0.0714732
0.069379
0.0708386
0.0784442
0.0681293
0.0778457
0.0696935
0.0825691
0.0687513
0.0737633
0.0744223
0.0695797
0.0722044
0.0748738
0.0764028
0.0736505
0.0952318
0.0691163
0.0702798
0.0707063
0.0727894
0.0734481
0.0708809
0.0772519
0.0742265
0.0753614
0.0741279
0.0796598
0.0785228
0.0731582
0.0860688
0.0714658
0.0680841
0.0760118
0.0906433
0.085547
0.0743008
0.0755743
0.0824126
0.0694989
0.0811574
0.0719811
0.07304
0.0746128
0.076609
0.0734189
0.0782836
0.0760828
0.0839146
0.0790765
0.0801008
0.0745168
0.0751184
0.0780484
0.0708022
0.0776023
0.08751
0.0772883
0.0838087
0.0684324
0.0729784
0.0754737
0.0696762
0.0694653
0.0810033
0.073496
0.0719176
0.0734538
0.0739109
0.0715867
0.0748893
0.0785123
0.0725176
0.078268
0.0744721
0.0709175
0.0923506
0.0839043
0.0783914
0.0686817
0.0850126
0.0832183
0.0731331
0.0723646
0.069595
0.0828668
0.0699186
0.0708091
0.0719934
0.07559
0.0704708
0.0766902
0.0867879
0.0745941
0.0700026
0.0778981
0.0764508
0.0799607
0.0729138
0.0771402
0.0679861
0.0781068
0.0879816
0.0681857
0.0738157
0.0738232
0.0806328
0.082811
0.075882
0.0779882
0.0761082
0.0713079
0.0695011
0.0803824
0.0683015
0.0701444
0.0743177
0.0798683
0.075565
0.0795645
0.0731739
0.0772904
0.0757305
0.0679838
0.0808655
0.0822328
0.0715863
0.0802795
0.0828394
0.0787979
0.0809515
0.0733042
0.0699968
0.0737713
0.0728724
0.0711963
0.0714582
0.085537
0.0705221
0.0787829
0.0681746
0.0815466
0.0684518
0.0797451
0.0743597
0.0813712
0.0694915
0.0743568
0.0676295
0.0794186
0.071413
0.0751839
0.0725388
0.0749983
0.0815449
0.078152
0.0825317
0.0725434
0.0723291
0.0693399
0.0691814
0.0717005
0.0699031
0.0768587
0.0796754
0.0700796
0.0705604
0.0763252
0.0806948
0.0706602
0.0844615
0.0789218
0.0723702
0.0804763
0.0743761
0.0688925
0.0694549
0.100209
0.0677073
0.0752585
0.0722268
0.0824425
0.072442
0.0684708
0.0811859
0.0760035
0.0757553
0.0813676
0.0770537
0.0759756
0.0697606
0.0700109
0.0710117
0.0721363
0.0692167
0.0870995
0.0803513
0.077017
0.0905389
0.0685726
0.0755404
0.0706855
0.0801604
0.0852627
0.0842353
0.0683239
0.0734831
0.0722364
0.0754047
0.0769516
0.070117
0.0838013
0.0734207
0.0679826
0.0690025
0.0697007
0.073097
0.0685014
0.0682136
0.0724368
0.0726458
0.0758499
0.0773833
0.0783814
0.0687634
0.0747957
0.0740614
0.0701769
0.0822625
0.0904679
0.075066
0.0860034
0.0729563
0.0723042
0.0690906
0.0702783
0.0726931
0.0692434
0.0738157
0.0688241
0.0688101
0.0720302
0.0691077
0.0723119
0.0689877
0.0715525
0.0770335
0.0853733
0.0714137
0.0697461
0.0676126
0.0704059
0.0708301
0.0725026
0.0709965
0.0696168
0.072384
0.0841677
0.0704495
0.0725907
0.0679403
0.0737154
0.0765899
0.0702806
0.0719427
0.0793028
0.0694284
0.0675
0.0721416
0.0745352
0.080399
0.0829798
0.0683616
0.0714853
0.0718429
0.100671
0.0795409
0.0735505
0.0836618
0.0868945
0.0723288
0.0756097
0.0742443
0.0728121
0.076841
0.0757355
0.0749355
0.0748991
0.082155
0.075286
0.0917167
0.068567
0.0743555
0.0851556
0.0724225
0.072761
0.0988895
0.080111
0.068191
0.0777657
0.0706238
0.0734547
0.0793281
0.0697085
0.0729933
0.0762309
0.0824745
0.0687138
0.0726775
0.072586
0.0763718
0.0761621
0.0706355
0.073833
0.082013
0.0895028
0.0763476
0.074652
0.0778228
0.0718181
0.076734
0.0816741
0.0703131
0.0707186
0.0699003
0.0730729
0.0710761
0.085121
0.0713138
0.0693683
0.0743971
0.0707627
0.0763335
0.0763363
0.083307
0.0721214
0.0774182
0.0780872
0.0728644
0.0701549
0.0707487
0.0698903
0.0747797
0.0749821
0.0756334
0.0675386
0.0739186
0.069968
0.083085
0.0715081
0.0766795
0.0684902
0.0687318
0.085914
0.085662
0.0683185
0.0745043
0.0758674
0.0773401
0.0752642
0.0746826
0.0745401
0.067776
0.075934
0.0748961
0.072641
0.0787743
0.0697554
0.0710934
0.0736667
0.0703169
0.0982694
0.0836579
0.0722948
0.0693702
0.0799364
0.0781711
0.0715565
0.0699486
0.0764555
0.0683983
0.079058
0.0755482
0.0778446
0.0803938
0.0736879
0.0723476
0.075553
0.072346
0.0691701
0.0676894
0.0790033
0.0710407
0.0696081
0.0682419
0.079511
0.0924973
0.0856789
0.0735978
0.0701561
0.0678949
0.0776384
0.0889819
0.0737049
0.070875
0.0707411
0.0695877
0.0675
0.0714443
0.0786286
0.0935082
0.0694659
0.0743682
0.0745809
0.0707734
0.0759844
0.0793535
0.0718441
0.0850669
0.0701798
0.0675786
0.0758048
0.0703195
0.0738219
0.0813195
0.0736117
0.0726716
0.0709029
0.0726683
0.0748608
0.080487
0.0685725
0.069579
0.0754512
0.0742468
0.0717771
0.0681539
0.0761813
0.0821957
0.0786225
0.0741337
0.071696
0.0832649
0.0791369
0.0795004
0.0733224
0.0806065
0.0723758
0.0945362
0.0756177
0.0678373
0.0764214
0.0699845
0.0851709
0.0752494
0.0711377
0.0740159
0.072664
0.0692888
0.0701321
0.102373
0.0791088
0.0747798
0.0786331
0.0795482
0.0778463
0.0828006
0.0746474
0.0728683
0.0759537
0.0711023
0.0729719
0.0763766
0.0781852
0.0699438
0.0734544
0.0776995
0.069312
0.0769245
0.071444
0.0823619
0.0761231
0.0747776
0.0698008
0.07164
0.0724813
0.0833355
0.0731399
0.0734689
0.0711742
0.0755453
0.0722245
0.0676932
0.0754859
0.0719499
0.072435
0.0790769
0.0725075
0.079459
0.0725116
0.0763933
0.0788875
0.0777658
0.0688137
0.0707929
0.0959364
0.0755497
0.0723103
0.071954
0.0789465
0.0708775
0.0685418
0.073817
0.0751975
0.0777746
0.0676236
0.0728772
0.0744108
0.072525
0.0736288
0.0732221
0.0812479
0.0685867
0.073861
0.0767779
0.0801631
0.0702704
0.0694104
0.0766915
0.0802711
0.0828871
0.0697733
0.0698106
0.0797662
0.0694917
0.0875655
0.0686159
0.0734914
0.0717266
0.0730572
0.0762454
0.0685942
0.0814617
0.0731335
0.0819534
0.0703161
0.0701187
0.0759571
0.0831342
0.0694109
0.0749715
0.0741756
0.0679475
0.0745613
0.0720485
0.073474
0.0679574
0.0828355
0.0695282
0.0675
0.0774662
0.0883673
0.081464
0.0721505
0.0784595
0.0716904
0.0685583
0.0760883
0.0755615
0.0739686
0.0684042
0.0831925
0.0697648
0.0706292
0.0695169
0.0704602
0.07267
0.0922712
0.0823964
0.0798182
0.0792166
0.0756955
0.0734595
0.0747045
0.0789327
0.0697242
0.0728949
0.0763714
0.0762988
0.0805621
0.0796459
0.1039
0.0816641
0.0726107
0.0686245
0.0789137
0.067572
0.0744312
0.0839011
0.0703882
0.0753684
0.0693435
0.0862475
0.0707223
0.0727652
0.0780434
0.0787098
0.068736
0.068846
0.0677439
0.0705372
0.0771873
0.0752916
0.0720333
0.0707909
0.0745231
0.0709424
0.0722267
0.0811539
0.0771384
0.0919451
0.0854767
0.0766155
0.0679736
0.0679088
0.0786331
0.0850518
0.0705842
0.0814973
0.0752257
0.0686366
0.0766347
0.0857962
0.0742888
0.0713962
0.0796646
0.0772807
0.0795321
0.0823139
0.0703407
0.0678627
0.0832806
0.0693498
0.0865173
0.0746266
0.0845103
0.0746559
0.076299
0.0859672
0.0718046
0.0785344
0.0716118
0.0678012
0.076467
0.0720779
0.0721324
0.0690739
0.0775242
0.0680341
0.0782852
0.0750057
0.0682068
0.0862516
0.0705105
0.0725363
0.073502
0.0702354
0.075765
0.0701305
0.0784267
0.0678109
0.0689298
0.0731771
0.0728261
0.0740828
0.0721438
0.0715251
0.0775805
0.0707554
0.0795529
0.0757686
0.0719044
0.0734943
0.0792837
0.0705009
0.0716337
0.0854282
0.0829083
0.0713452
0.0868098
0.0730319
0.0892032
0.0727774
0.076856
0.068049
0.0724956
0.0761765
0.0697593
0.0782008
0.0829644
0.0741083
0.0754879
0.0686776
0.0677973
0.0756084
0.0748077
0.0768927
0.0728888
0.0770144
0.0798427
0.0797898
0.0726499
0.0778455
0.0751457
0.0712764
0.0760014
0.0687944
0.0781239
0.0735614
0.075961
0.0733192
0.0686442
0.0683561
0.077703
0.0886007
0.0726517
0.0740548
0.0696909
0.0684757
0.0680682
0.0786479
0.078997
0.0842118
0.0699577
0.0700923
0.0731444
0.0710876
0.0708277
0.0728571
0.0732726
0.0861975
0.0698986
0.0876765
0.073084
0.0889859
0.0702527
0.08105
0.0747401
