0
0
0
0
0
0
0
0
0
0
0
0
0
0
0
0
0
0
0
0
0
0
0
0
0
0
0
0
0
0
0
0
0
0
0
0.00315721
0.0179195
0.110347
0.256355
0.457752
0.730158
0.884836
1.00339
1.03769
1.05588
1.07916
1.08477
1.06779
1.06058
1.01573
1.05235
1.02538
1.03433
1.08638
1.03951
1.01466
1.00212
1.05482
0.97895
0.983409
0.981606
1.00254
1.0247
0.99515
0.99418
1.03129
0.971719
1.00733
0.978554
1.02762
1.02429
0.989611
1.01473
1.00793
0.991089
0.987346
1.01303
1.03476
0.992418
1.01325
0.990382
1.00636
1.00345
0.938471
1.00889
0.990058
1.01011
0.993387
1.00205
0.990465
0.976713
0.979481
0.980041
0.973981
1.00761
0.989674
0.994051
0.985066
1.01171
0.990875
0.998239
0.976349
1.01818
0.991909
1.00654
0.967527
0.972947
0.979203
0.991655
1.00946
0.978242
0.988137
0.977251
1.00288
0.989844
0.956373
0.983706
1.00479
0.993992
1.0025
0.995249
0.986211
0.98635
0.98805
1.00035
0.978914
1.01323
0.990909
0.989523
1.00846
0.988863
0.989987
0.998104
1.0023
0.979528
1.00207
0.987978
0.984288
0.988483
1.00524
0.987046
0.985763
1.00078
0.985238
0.997184
0.980517
1.00685
0.988123
0.995158
0.999158
0.999363
0.999475
0.982988
0.988882
0.990707
0.998986
1.01217
0.985405
1.00714
0.995725
0.992315
0.990132
0.995764
0.988383
0.991695
0.989698
0.99105
0.993362
0.991486
0.986262
1.00525
1.00411
1.00026
0.993454
0.991509
0.981921
0.979511
0.993195
0.992151
0.99045
0.995077
0.993684
0.990828
1.00346
0.987815
0.988987
0.992252
0.990411
0.995719
1.00108
0.999316
0.995091
0.995893
1.00284
0.993607
0.999032
0.999555
1.00568
1.0038
0.981016
0.984567
1.00025
0.985349
0.986065
0.99495
1.00187
0.982396
0.992726
1.00007
0.984242
0.986811
0.991555
0.994933
0.988908
0.986541
0.993771
0.994713
0.994419
0.987963
0.995044
0.989108
0.993051
0.990253
0.986111
0.985319
1.00598
0.989091
0.992177
0.99799
0.995356
0.98554
0.99308
0.993978
0.994568
0.988564
0.988149
0.985715
0.994397
0.984921
0.998599
0.990552
0.985027
0.996304
0.988708
0.995579
0.992272
0.990622
0.994195
0.98782
0.982986
0.984189
0.972666
0.959891
0.943696
0.938598
0.929802
0.916882
0.907194
0.88697
0.880531
0.875073
0.86048
0.850761
0.843227
0.819602
0.816572
0.811324
0.797985
0.789348
0.774051
0.764559
0.760745
0.752547
0.732984
0.728076
0.715146
0.713548
0.697409
0.685279
0.672057
0.672255
0.653528
0.650829
0.641518
0.628389
0.625679
0.608739
0.604608
0.597245
0.582706
0.572642
0.566472
0.561489
0.55215
0.54297
0.532626
0.528994
0.518566
0.509604
0.497092
0.495463
0.487608
0.476954
0.466343
0.458243
0.446764
0.445527
0.42982
0.427206
0.414688
0.413879
0.405362
0.39719
0.389113
0.374796
0.374742
0.368664
0.359557
0.351556
0.345461
0.330584
0.330071
0.323723
0.316345
0.311753
0.299288
0.294789
0.290283
0.27895
0.274126
0.26839
0.261415
0.25504
0.246627
0.240673
0.230086
0.225048
0.221062
0.212257
0.208747
0.197519
0.194095
0.187943
0.179972
0.175659
0.171594
0.165336
0.153957
0.150044
0.143975
0.138038
0.133324
0.12482
0.120724
0.117526
0.10931
0.106647
0.100494
0.0968851
0.0917596
0.0905624
0.0852819
0.0831769
0.076878
0.0755134
0.071199
0.0679525
0.0666699
0.0652684
0.0606607
0.0596381
0.0565065
0.0519883
0.051368
0.0494628
0.0451644
0.044223
0.0413226
0.0408129
0.0388438
0.0377055
0.0358815
0.0328658
0.0314907
0.031206
0.0279252
0.0280339
0.0249216
0.0238576
0.0227911
0.0215786
0.0210142
0.0194739
0.0192851
0.017091
0.0166613
0.0148943
0.0150713
0.0137054
0.0124153
0.0116216
0.0112922
0.0113099
0.00981202
0.0103594
0.00790063
0.00701904
0.00687681
0.00652129
0.00609797
0.00495853
0.00446451
0.00432597
0.00400256
0.00297587
0.00304223
0.00246569
0.0021229
0.00226044
0.00158268
0.00137264
0.00132135
0.00111449
0.000665541
0.00072865
0.000472497
0.000557779
0.000337458
0.00017336
7.54922e-05
6.44073e-05
6.41091e-05
1.06355e-05
0
0
0
0
0
0
0
0
0
0
0
0
0
0
0
0
0
0
0
0
0
0
0
0
0
0
0
0
0
0
0
0
0
0
0
0
0
0
0
0
0
0
0
0
0
0
0
0
0
0
0
0
0
0
0
0
0
0
0
0
0
0
0
0
0
0
0
