0
0
0
0
0
0
0
0
0
0
0
0
0
0
0
0
0
0
0
0
0
0
0
0
0
0
0
0
0
0
0
0
0
0
0
0
0.0223994
0.0962003
0.236223
0.441176
0.652533
0.877905
0.948321
1.01351
1.04482
1.02919
1.01761
1.06515
1.04536
1.0482
1.05547
0.995375
1.04082
1.05024
1.002
1.01401
1.02767
1.00969
1.0179
1.00982
0.991933
0.979925
0.989562
1.02673
1.0114
1.01182
1.01671
0.999903
1.00484
1.01938
0.978658
1.01452
0.990129
0.991358
0.992523
0.967801
0.989237
1.01223
0.980473
0.99405
1.0088
0.974015
0.982113
0.955877
0.983539
0.990874
0.983784
0.984032
0.991639
0.966126
1.02845
0.99255
1.02561
0.988773
0.978874
1.01999
1.01477
0.978578
1.01028
0.958322
0.98583
0.98446
0.976327
1.00268
0.991416
0.982363
0.968737
0.980064
0.997739
1.00167
0.987692
1.0179
0.975679
0.985588
1.00775
0.987094
0.999391
0.99398
1.01468
1.00557
0.980315
0.980551
0.991387
0.99405
0.974423
0.992808
0.990849
1.00963
0.999523
0.994348
0.989213
1.00069
1.00422
0.980416
0.989426
0.969675
0.990968
0.991022
0.986305
0.97518
1.02313
1.00077
0.987358
1.00301
0.9908
0.994237
1.01028
0.991324
0.986949
0.999069
0.995498
0.98474
0.993767
0.989389
0.994125
0.998493
0.992028
1.00762
0.984651
0.994943
0.999034
0.990514
0.998627
0.986076
0.987872
0.992022
0.99026
0.992724
0.980626
0.99471
1.01161
1.00431
0.9913
0.989159
0.97511
0.995615
1.00122
0.988333
0.987343
0.984646
1.00375
0.991269
0.994412
0.986794
0.992899
0.997313
0.995169
0.99822
1.00104
0.996761
0.98287
0.982885
0.991437
0.99689
0.995448
0.989767
0.988993
0.987215
0.995924
0.986065
1.00204
0.973643
0.997478
0.986882
0.993285
0.982464
0.973998
0.993326
0.990457
0.994078
0.980929
0.993112
0.992202
0.994626
0.990259
0.995313
0.991827
1.00468
0.994005
0.994589
0.989967
1.00132
1.00315
0.989855
0.997674
0.994714
0.991107
0.987026
1.00306
0.993656
0.999432
0.984914
0.999461
0.994422
0.992833
1.00286
0.992829
0.988224
0.997617
0.999396
1.00011
0.992599
0.989876
0.999546
0.990321
0.993361
0.992815
0.978183
0.990945
0.976754
0.983428
0.968986
0.959454
0.945925
0.948242
0.924774
0.924471
0.911214
0.887773
0.883426
0.874663
0.860975
0.854889
0.843771
0.831062
0.809347
0.80068
0.791757
0.795198
0.77542
0.765103
0.758073
0.746009
0.734101
0.731218
0.719943
0.707068
0.692061
0.690922
0.672744
0.670131
0.66342
0.649184
0.643473
0.632665
0.622823
0.615817
0.604464
0.599444
0.584296
0.574033
0.566543
0.560862
0.559286
0.545631
0.531123
0.523269
0.516228
0.509671
0.496803
0.492136
0.477672
0.475671
0.464615
0.458694
0.449258
0.442244
0.427211
0.430801
0.421189
0.406594
0.404706
0.396701
0.386037
0.383686
0.372144
0.367989
0.36153
0.351811
0.345578
0.340772
0.330629
0.321791
0.312809
0.314077
0.298556
0.292064
0.287631
0.280075
0.275757
0.26799
0.257975
0.251369
0.248684
0.242967
0.231782
0.226418
0.220363
0.214375
0.20533
0.200951
0.193532
0.188401
0.179769
0.175609
0.169278
0.161823
0.154797
0.151076
0.14536
0.136872
0.131441
0.126117
0.122141
0.115104
0.108885
0.106318
0.1023
0.0966219
0.0923907
0.0910828
0.0836834
0.0819052
0.0801904
0.0730128
0.0705438
0.0671379
0.0661102
0.0622357
0.0617973
0.0591308
0.0556272
0.0536945
0.0509687
0.0488103
0.0460109
0.0446721
0.0416996
0.0400631
0.0385123
0.036249
0.0354851
0.0333281
0.0314772
0.0290664
0.0293174
0.027621
0.026273
0.0246485
0.0227124
0.0220091
0.0213517
0.0198871
0.0182444
0.0170143
0.0170301
0.0154384
0.0148824
0.0134799
0.012677
0.0119068
0.0108356
0.00938192
0.00934769
0.00855984
0.0082273
0.00736818
0.0066372
0.00621132
0.00577765
0.005478
0.00474648
0.00418567
0.004084
0.00345062
0.00320356
0.00267212
0.00232835
0.00198782
0.00178617
0.00141765
0.00122057
0.000869303
0.000909572
0.000540967
0.000505462
0.00038279
0.00043543
0.000162525
9.70613e-05
4.29382e-05
3.20546e-05
0
0
0
0
0
0
0
0
0
0
0
0
0
0
0
0
0
0
0
0
0
0
0
0
0
0
0
0
0
0
0
0
0
0
0
0
0
0
0
0
0
0
0
0
0
0
0
0
0
0
0
0
0
0
0
0
0
0
0
0
0
0
0
0
0
0
0
0
