0.0551675
0.0525205
0.0545783
0.0571709
0.0568327
0.0502524
0.0569028
0.0566477
0.0555135
0.0586875
0.0538835
0.0521216
0.0519134
0.0555544
0.0571357
0.0620488
0.0544497
0.0536892
0.0521184
0.0528185
0.0547684
0.055263
0.0541696
0.0528313
0.0505878
0.0650093
0.05
0.05
0.0541565
0.0557074
0.0515418
0.0605063
0.056447
0.0560329
0.0526758
0.0645296
0.05
0.0515153
0.0547329
0.0596441
0.055058
0.0514328
0.0550715
0.0574807
0.0525972
0.0605372
0.0573659
0.0619215
0.0565609
0.0608664
0.0531808
0.0519196
0.0542598
0.0817861
0.0629488
0.0587576
0.0556088
0.0596779
0.0527173
0.0677775
0.0535456
0.0550017
0.0524626
0.0638323
0.0517621
0.050416
0.0502531
0.0559534
0.0578375
0.0503796
0.0538897
0.0617493
0.0513687
0.0575478
0.0539021
0.0513524
0.0543912
0.0524614
0.0557187
0.0524866
0.0620237
0.0548676
0.0511712
0.0560368
0.0501456
0.0503711
0.0509642
0.0660372
0.0537391
0.057322
0.0507491
0.0625941
0.0552224
0.0560517
0.0508088
0.058231
0.0525975
0.0685475
0.0618687
0.0609641
0.0615425
0.0502803
0.0605982
0.0534793
0.05706
0.0617284
0.0616572
0.0586915
0.0577494
0.0599856
0.0533812
0.065028
0.0574911
0.062646
0.0514428
0.0528794
0.0589938
0.0555273
0.0586743
0.0527263
0.0537698
0.0527615
0.0511657
0.0585489
0.0693381
0.0537789
0.062446
0.05
0.0594998
0.0535944
0.0500994
0.0576401
0.0656172
0.0594706
0.050763
0.0532925
0.0537758
0.0509804
0.0614963
0.0582318
0.0529357
0.0618621
0.0536812
0.0641326
0.0560818
0.0554934
0.0517362
0.062196
0.0621557
0.0591682
0.05974
0.0595015
0.0564166
0.0520641
0.0589938
0.050751
0.052849
0.0518475
0.0517429
0.0539296
0.0579093
0.0562866
0.0569026
0.0544764
0.0542271
0.0547549
0.0501998
0.0568418
0.052876
0.062253
0.0599368
0.0559524
0.050538
0.0576536
0.0543319
0.0518516
0.0533604
0.0519103
0.0660518
0.05
0.0536818
0.0539172
0.0559959
0.0580047
0.0553596
0.0551237
0.070318
0.0549141
0.055385
0.0540568
0.0551178
0.0536438
0.0594812
0.0519892
0.0616134
0.0573313
0.0544496
0.0569187
0.0563495
0.0547464
0.0533646
0.0663069
0.0558227
0.0610425
0.0618706
0.0553988
0.052167
0.0578091
0.0515269
0.0528491
0.0569412
0.0513703
0.0521636
0.0569635
0.0549525
0.0539728
0.0521177
0.0567723
0.0533446
0.0557638
0.0625381
0.0544261
0.0563414
0.0541017
0.0545453
0.0548711
0.0584099
0.0516761
0.0534242
0.0502143
0.0618777
0.0565275
0.058031
0.0562752
0.0510511
0.0544539
0.0515562
0.051644
0.0536623
0.0550777
0.0540573
0.0533969
0.055866
0.0510376
0.0679369
0.0534174
0.0555207
0.0616494
0.0548537
0.0539975
0.0535667
0.052897
0.0613664
0.0722252
0.062377
0.0539307
0.0527669
0.0589101
0.0565394
0.0530702
0.060108
0.0588982
0.0508379
0.0515856
0.0603688
0.0589725
0.0575451
0.061251
0.0535412
0.056694
0.0551473
0.0576383
0.0547331
0.057642
0.053493
0.069701
0.0661691
0.0502672
0.0563556
0.0581266
0.0527835
0.0558287
0.0581367
0.0534331
0.060373
0.0582818
0.0549372
0.0665451
0.0600772
0.0554415
0.0522394
0.0548812
0.0535348
0.0590774
0.0651233
0.054648
0.0539517
0.0577636
0.0557384
0.058551
0.0580065
0.0576642
0.0652703
0.0601075
0.0512832
0.0570448
0.0526313
0.058699
0.0712136
0.0518288
0.0528642
0.0515119
0.0564475
0.0560508
0.0604243
0.0614616
0.0581316
0.0514197
0.0671937
0.0559237
0.0520809
0.0600753
0.0560156
0.0542248
0.0571244
0.0512339
0.0527499
0.0559916
0.0539715
0.0527133
0.051838
0.0519159
0.0516443
0.0560183
0.0501101
0.0543356
0.0667917
0.0513385
0.0568469
0.0611095
0.0522383
0.0557365
0.0524561
0.0549447
0.0525401
0.0685942
0.0520658
0.0715082
0.051147
0.053884
0.0524211
0.0522389
0.0677718
0.052737
0.0543034
0.0582685
0.053676
0.0575555
0.0519984
0.0606178
0.0527328
0.0552596
0.0589007
0.0604934
0.0514854
0.0643052
0.060077
0.0718326
0.0530783
0.0547151
0.0503773
0.0518246
0.056931
0.0568673
0.0519269
0.0511576
0.0521067
0.0551799
0.060124
0.0508026
0.0533298
0.050239
0.057798
0.0599725
0.0668616
0.0547356
0.060629
0.0547131
0.0589786
0.0589755
0.0619824
0.0530076
0.0501301
0.0587621
0.0573103
0.0529913
0.0532015
0.0553346
0.0596876
0.0552879
0.0552079
0.0552708
0.0514147
0.0585917
0.0559666
0.0508983
0.0546054
0.054501
0.0505121
0.0509033
0.0570663
0.0595759
0.050162
0.0546366
0.0524874
0.05
0.0541435
0.0657757
0.0523625
0.052511
0.0550999
0.0531632
0.0543946
0.0578487
0.0568643
0.05
0.0559893
0.0582463
0.0531843
0.0557973
0.0528248
0.0565425
0.065198
0.0635319
0.0529812
0.0569642
0.0508933
0.0613424
0.0572028
0.0630574
0.0673213
0.0655132
0.0510983
0.0622653
0.0533677
0.0527066
0.0533247
0.0559488
0.0558714
0.0571995
0.0522636
0.059999
0.0506814
0.063379
0.0698123
0.05473
0.0621709
0.0583525
0.0555266
0.0505249
0.0518584
0.0540078
0.0599373
0.05
0.0582355
0.0638447
0.0654841
0.0539873
0.0500135
0.0521245
0.058279
0.0606786
0.0665319
0.0544199
0.0513211
0.0560033
0.0569401
0.0600218
0.0643021
0.0500983
0.0507033
0.0621571
0.0567262
0.0519796
0.0539534
0.051005
0.059892
0.0531336
0.0527462
0.0526263
0.0561053
0.0540273
0.0617991
0.0731891
0.055826
0.0514106
0.0569961
0.0533765
0.0611434
0.0575707
0.0548176
0.0536044
0.0522811
0.0547101
0.0576255
0.050288
0.0545474
0.0534939
0.0535182
0.0635194
0.0533033
0.0673704
0.0504212
0.0645221
0.0583124
0.051852
0.0524721
0.0552493
0.0506882
0.0501706
0.0529612
0.0517608
0.0560975
0.0547513
0.058326
0.054097
0.0519499
0.0574729
0.0549674
0.0527189
0.0523342
0.0541626
0.0581964
0.0543969
0.0617866
0.0677508
0.0512123
0.0621406
0.0533278
0.0585789
0.0567549
0.0584423
0.0629396
0.05
0.0524185
0.0529247
0.0531945
0.0552519
0.0588115
0.0522538
0.0560756
0.0547127
0.0545429
0.0526562
0.0576481
0.0564445
0.0536967
0.0569393
0.054245
0.0528521
0.0532819
0.0515258
0.0507517
0.0618694
0.0511586
0.0568116
0.0524309
0.054097
0.0517518
0.0617477
0.0616704
0.0609392
0.0555037
0.0595729
0.0578794
0.0556413
0.053576
0.0522826
0.058393
0.0600137
0.0599609
0.0531401
0.0508864
0.0638116
0.0608903
0.0634458
0.0504429
0.055734
0.0523054
0.0513324
0.063098
0.07427
0.0682992
0.0667695
0.0521738
0.0554436
0.051796
0.0572142
0.0530991
0.0578039
0.0515251
0.0570255
0.0565846
0.0506211
0.0683296
0.0531522
0.0517745
0.0628371
0.0521294
0.0563031
0.0556082
0.0546232
0.0521403
0.0509967
0.0506847
0.0543276
0.052015
0.0653513
0.0531559
0.050665
0.0562996
0.0584489
0.0558157
0.061813
0.0590915
0.0710739
0.0512393
0.054432
0.050595
0.055478
0.0559607
0.0552116
0.0504656
0.0627152
0.0523517
0.0564143
0.0538163
0.0551211
0.0576845
0.0520041
0.0560041
0.0500727
0.0572674
0.0574806
0.0571849
0.0507224
0.0521501
0.0546885
0.0543448
0.0576969
0.0513436
0.0584101
0.0629895
0.0521222
0.0572017
0.0568742
0.0575433
0.0536611
0.0636774
0.0546397
0.0628974
0.0514689
0.0572487
0.0520677
0.052539
0.0522366
0.0539469
0.0551237
0.0617756
0.0537665
0.0682018
0.0564161
0.0550369
0.055613
0.0543544
0.05
0.0554495
0.051073
0.0575271
0.0611576
0.0547106
0.0514471
0.0536835
0.0524396
0.051252
0.0592061
0.0545728
0.05
0.0528734
0.0549275
0.0532758
0.0653545
0.054883
0.0535394
0.0519042
0.0529622
0.0548099
0.0540903
0.0542112
0.0508174
0.0566703
0.0529582
0.0519278
0.0544634
0.0576922
0.0554568
0.0590834
0.0564895
0.0554745
0.0571538
0.0551406
0.0505097
0.0599319
0.0559824
0.0603068
0.0542285
0.0549226
0.06132
0.0596606
0.0566341
0.0548634
0.0504054
0.0545335
0.0532614
0.0515153
0.0506406
0.0537206
0.050535
0.0566548
0.0586574
0.0572755
0.0573434
0.0548452
0.0583637
0.0664265
0.0527507
0.0562695
0.0695919
0.0518797
0.0521009
0.0547069
0.0706419
0.0558043
0.0538546
0.05
0.0570022
0.0636576
0.062243
0.0510994
0.0574772
0.0515036
0.0566205
0.0549851
0.0524736
0.0535142
0.0514549
0.0588744
0.0526584
0.05265
0.0509378
0.066103
0.0523411
0.0536467
0.0506108
0.0628392
0.0540654
0.0551531
0.0516751
0.0570073
0.0570103
0.0538674
0.05
0.0539116
0.0576773
0.0543482
0.0573993
0.0561992
0.0533033
0.0531504
0.0681541
0.0574585
0.0512352
0.0531984
0.0520338
0.0588082
0.0516509
0.057816
0.0573907
0.0545248
0.053669
0.0573812
0.0515257
0.0538703
0.0544382
0.0533485
0.055542
0.0539016
0.054798
0.0546418
0.0696938
0.0536211
0.0573724
0.0545391
0.052463
0.0514275
0.0582772
0.0515815
0.0501954
0.0500857
0.0513929
0.0562178
0.0616797
0.0524915
0.0574151
0.0548482
0.0547826
0.0529066
0.0507748
0.0575221
0.0558082
0.0533899
0.0570266
0.0581549
0.0570734
0.0619487
0.0560474
0.0540085
0.0590321
0.0538294
0.0566936
0.058075
0.0597284
0.0563848
0.0589204
0.0555085
0.050624
0.0524198
0.0506724
0.0507291
0.0607985
0.0541584
0.0546707
0.0520372
0.0563625
0.0545696
0.0544949
0.053931
0.0624604
0.0536034
0.0638237
0.0662998
0.0560266
0.0541519
0.0533134
0.0505017
0.0517736
0.0566547
0.0508349
0.0546229
0.0615942
0.0576049
0.0574999
0.0532002
0.0587578
0.0533752
0.0635235
0.0537218
0.0598268
0.05
0.0554055
0.05901
0.0517915
0.0557471
0.0547565
0.0531415
0.0512456
0.0712393
0.05941
0.0529071
0.0668893
0.0517806
0.0512577
0.067032
0.0516632
0.0506637
0.0538327
0.0515193
0.0530463
0.0511661
0.0566613
0.05
0.0642033
0.0586617
0.0660008
0.0585955
0.0550084
0.0546729
0.0657498
0.0513233
0.0663875
0.0536383
0.0581522
0.0533486
0.051399
0.0562198
0.0513018
0.0560652
0.0514963
0.0682344
0.0638052
0.0519647
0.0501374
0.0524317
0.0545118
0.0502065
0.0534843
0.0525729
0.0547211
0.0553683
0.0522587
0.0538005
0.051534
0.0563494
0.0510818
0.0528583
0.0543447
0.0514908
0.0673551
0.0583307
0.0572574
0.0517343
0.0515676
0.0594705
0.0533593
0.0549996
0.0564006
0.0584168
0.0587626
0.056845
0.0590285
0.0610382
0.0542647
0.0560883
0.052603
0.0519505
0.0630989
0.0596171
0.0558252
0.0502765
0.0549629
0.0557684
0.066683
0.0507754
0.0517582
0.0506478
0.0600131
0.05646
0.0580742
0.0559364
0.0542037
0.0577603
0.0566139
0.0512214
0.0509569
0.0544015
0.0563599
0.0711514
0.0594315
0.0673478
0.0601461
0.0567977
0.0520078
0.0541675
0.0591959
0.0549531
0.0556912
0.063491
0.05308
0.0517695
0.0611113
0.0569801
0.052739
0.0528146
0.0517205
0.0527482
0.0531533
0.0507642
0.0525048
0.0510632
0.0503301
0.0553748
0.0533432
0.0545635
0.0553012
0.0552335
0.066745
0.0631059
0.0549418
0.0554409
0.0633804
