0.0711155
0.077555
0.0663233
0.0624398
0.0667359
0.0777291
0.0609543
0.0609653
0.0684989
0.0701096
0.0624312
0.064197
0.0636316
0.0637387
0.0658692
0.0604487
0.0681468
0.0653892
0.0605536
0.0629822
0.0616252
0.0740586
0.0622304
0.0639872
0.0614977
0.063908
0.0713015
0.071531
0.0773142
0.0620233
0.0667678
0.0746771
0.0616615
0.064204
0.0667383
0.0700611
0.0624174
0.0640429
0.0646436
0.0725119
0.0658151
0.0647538
0.0615403
0.0605106
0.0651055
0.0655598
0.0643055
0.0637337
0.0765815
0.0701793
0.0683952
0.0611395
0.0659364
0.0679126
0.0624013
0.07919
0.064157
0.067571
0.067118
0.0676795
0.0797476
0.0638218
0.0637043
0.0812943
0.0611906
0.0623205
0.0625082
0.0678499
0.0748358
0.0691806
0.0643951
0.0731074
0.0673322
0.066378
0.0709829
0.0677755
0.064286
0.0669873
0.0689371
0.0736671
0.0737732
0.0613596
0.0714648
0.0652693
0.0653384
0.0606977
0.0626941
0.0612187
0.063083
0.0635654
0.0749347
0.0688277
0.0629253
0.063612
0.0657234
0.0645842
0.0779492
0.0783404
0.0679541
0.0686888
0.0682959
0.0612402
0.0674872
0.0658106
0.0614468
0.0635481
0.0678859
0.0659801
0.0697408
0.0744851
0.0662844
0.0658026
0.0675528
0.0640071
0.0636518
0.0614497
0.0634228
0.0692245
0.0654532
0.0631351
0.0805481
0.0673162
0.0673372
0.0681268
0.0688205
0.0704522
0.062239
0.0670623
0.0655835
0.0726242
0.0622115
0.0704238
0.074821
0.0642949
0.0683521
0.0603407
0.0671765
0.0826019
0.0639417
0.066562
0.0638939
0.0624738
0.0643255
0.0734485
0.0739529
0.0617406
0.0634192
0.0741863
0.0601223
0.0616642
0.0619926
0.0651226
0.0707307
0.06232
0.0829632
0.0644111
0.0721057
0.0627302
0.0671984
0.0617368
0.0683031
0.0617865
0.0689914
0.0701792
0.0610897
0.0617036
0.0639019
0.067871
0.0636643
0.0663373
0.0635998
0.0683007
0.0665434
0.0714677
0.0732961
0.0835259
0.0628098
0.0627918
0.0705098
0.0764923
0.0627545
0.0643737
0.0803968
0.0718923
0.0637514
0.0640539
0.0685794
0.0635119
0.06
0.0703776
0.0696865
0.0620732
0.0744913
0.062107
0.066913
0.0659358
0.0673776
0.0719033
0.0676697
0.0608312
0.0697331
0.0706555
0.0624058
0.0732049
0.0622518
0.0764475
0.0732874
0.0738034
0.0627652
0.0620934
0.0658991
0.0648649
0.0643679
0.070261
0.0697627
0.0641661
0.0612012
0.0678222
0.0678189
0.0696405
0.0650461
0.0705556
0.0699243
0.0651702
0.0646542
0.062066
0.0684411
0.0600034
0.0734914
0.0695211
0.0631827
0.0744735
0.0677618
0.0662193
0.0645635
0.0653575
0.0608031
0.0661852
0.0710609
0.0653829
0.0665368
0.0638122
0.0686405
0.0631253
0.0625782
0.060505
0.0605672
0.0691736
0.0617255
0.0645239
0.0628219
0.0670029
0.0709174
0.0653785
0.0731174
0.0802464
0.0626538
0.0605455
0.0640387
0.0682413
0.0759694
0.0701972
0.0602721
0.0651741
0.0750038
0.0634899
0.0662377
0.076548
0.0747028
0.0658548
0.0830843
0.0671159
0.0675415
0.0696242
0.063316
0.0652628
0.0688263
0.0612796
0.0658467
0.0610348
0.0600352
0.0746088
0.064971
0.0794734
0.0644275
0.0616404
0.0615175
0.072614
0.0612423
0.0635085
0.0670833
0.071404
0.0617961
0.0683981
0.0648557
0.0675451
0.0651163
0.0647968
0.0696693
0.0627199
0.0675983
0.0688845
0.0640907
0.0663459
0.0667972
0.0659097
0.073016
0.0634819
0.0712245
0.0669783
0.0636116
0.0732811
0.0745917
0.061074
0.0686069
0.0695309
0.0747283
0.0678608
0.0714418
0.0696652
0.0624949
0.0652385
0.0820126
0.0675973
0.0606595
0.0649815
0.066658
0.0703395
0.0636736
0.0666968
0.0675542
0.0618342
0.0696222
0.0684253
0.0726736
0.061962
0.0602821
0.0677577
0.0634934
0.0721712
0.0739057
0.0627754
0.0646476
0.068791
0.0641629
0.0609116
0.0634077
0.0682204
0.0653578
0.0625264
0.0657551
0.061599
0.0625146
0.0641124
0.0762494
0.0607323
0.0651681
0.0601578
0.0735003
0.0780143
0.0628813
0.0740784
0.0654488
0.0613996
0.0603396
0.0648619
0.0646019
0.0752751
0.0684909
0.0719845
0.0666664
0.0646325
0.0647799
0.0627483
0.0653312
0.0694877
0.0633796
0.06
0.0663679
0.0676442
0.0636103
0.0624276
0.0675945
0.0647874
0.0707521
0.0637308
0.0600538
0.0661381
0.0767023
0.0619335
0.0611362
0.0613285
0.0610772
0.064197
0.068731
0.0795959
0.0600142
0.0689389
0.0669552
0.0613272
0.0772646
0.0752683
0.060486
0.0632252
0.0630113
0.0758403
0.0622626
0.0710326
0.0700235
0.061544
0.0612233
0.0645926
0.0740905
0.067602
0.0740897
0.0671191
0.061774
0.0644374
0.0646222
0.0646618
0.0686948
0.0606987
0.060189
0.0620452
0.0609499
0.0673692
0.0647127
0.0602996
0.0756508
0.0836655
0.0683099
0.067931
0.0695441
0.063575
0.063922
0.0635778
0.06079
0.0674814
0.0706559
0.064737
0.0664847
0.0654922
0.0623616
0.0699136
0.0677921
0.0696894
0.0630272
0.0658284
0.0636823
0.0724498
0.063016
0.0664298
0.0676153
0.0703091
0.0745573
0.0635499
0.0608399
0.0695051
0.0697778
0.061523
0.0645114
0.0622913
0.0640684
0.0676184
0.068847
0.0669486
0.0631142
0.0677089
0.0621543
0.0682084
0.0662239
0.0760296
0.0632548
0.0634408
0.0631558
0.0673365
0.0622976
0.0613962
0.0627309
0.0736922
0.0618716
0.0662486
0.0637405
0.0658705
0.0658088
0.0657634
0.0677617
0.0632355
0.069984
0.0694118
0.0650229
0.0659201
0.0731075
0.0713484
0.0634481
0.0628027
0.0623128
0.06815
0.0665437
0.0707198
0.0674578
0.065811
0.0693721
0.0687897
0.0650786
0.0686507
0.0633437
0.0685408
0.0678414
0.0672742
0.0673968
0.0753893
0.0634626
0.0715933
0.0603046
0.0625584
0.0604794
0.06
0.06
0.0698008
0.0664711
0.0669223
0.0707881
0.0669969
0.0641169
0.0664468
0.0653911
0.0664426
0.068214
0.0665589
0.0744276
0.0695267
0.0634972
0.0694893
0.0609289
0.0672024
0.0693808
0.0755754
0.065033
0.0620253
0.0636672
0.0628716
0.0720419
0.0610357
0.0622197
0.0638468
0.0619019
0.0628548
0.0609311
0.0615708
0.0658954
0.0681948
0.0792956
0.0684049
0.0662809
0.0648078
0.0622047
0.0618725
0.06
0.061342
0.0608602
0.0646222
0.0641587
0.0624511
0.0601144
0.0752681
0.0680917
0.0628979
0.0600934
0.0674694
0.0648443
0.0622474
0.0649545
0.0705395
0.0653214
0.0637644
0.0696367
0.0662931
0.065616
0.0667633
0.0600518
0.0675031
0.0641431
0.0701364
0.0660684
0.064822
0.0635008
0.0656131
0.0789145
0.0709603
0.0665052
0.0612508
0.0796554
0.0690699
0.0643991
0.0707626
0.0630828
0.0693648
0.0782899
0.0659739
0.0642164
0.0663219
0.0631096
0.0643708
0.061517
0.0724061
0.0636827
0.0651787
0.0681547
0.0652868
0.0639651
0.076762
0.0699755
0.062432
0.0611147
0.061043
0.0664281
0.0661355
0.0631096
0.0618754
0.062224
0.0693561
0.0714316
0.0611439
0.063347
0.0652324
0.0694223
0.0660025
0.0729638
0.0658261
0.0626217
0.0717049
0.0722015
0.0670182
0.0729009
0.0672893
0.0709349
0.0640011
0.0704255
0.0704614
0.0727222
0.0642164
0.0715565
0.067742
0.0645124
0.0633209
0.0629025
0.0631418
0.0661901
0.0628155
0.0728489
0.06
0.0621018
0.0623293
0.0611943
0.0668815
0.0673744
0.0638516
0.0643264
0.0655646
0.0644373
0.0638285
0.0703284
0.0663194
0.0609753
0.0769689
0.0622344
0.0612642
0.0645209
0.0670292
0.0780202
0.0805508
0.0628222
0.0732155
0.0706518
0.0718051
0.0664298
0.0624884
0.0604997
0.0626175
0.0664366
0.071863
0.0711141
0.0698518
0.0641656
0.0645641
0.0670086
0.0768153
0.0604547
0.0726192
0.0680713
0.0674609
0.0607462
0.0618402
0.0736176
0.0653753
0.0707515
0.0765828
0.074679
0.0659737
0.0621727
0.0648987
0.0627935
0.0717465
0.0601821
0.0675921
0.0625891
0.0649964
0.0622756
0.064627
0.064302
0.0625074
0.0911948
0.0623642
0.0647306
0.0800582
0.06
0.0698342
0.0680471
0.060452
0.0654947
0.0657135
0.0615863
0.060158
0.0685694
0.0648409
0.0710966
0.0664645
0.0626676
0.0781399
0.069721
0.0600843
0.0743451
0.0707121
0.0638745
0.0619383
0.0738766
0.0659616
0.0639205
0.0618349
0.0655451
0.061288
0.0601543
0.0678157
0.0739382
0.0607749
0.0697409
0.0653226
0.0652036
0.0757081
0.0680082
0.0630893
0.0623117
0.0693317
0.0712408
0.0704073
0.074542
0.0638548
0.0719997
0.0621012
0.0648816
0.0690161
0.0672676
0.0629791
0.0653352
0.0619077
0.0608512
0.0708248
0.0713424
0.0655349
0.0607956
0.0656234
0.064646
0.0607019
0.0706158
0.0609386
0.0631547
0.0604876
0.0630917
0.065834
0.067034
0.0702532
0.0613657
0.061637
0.070234
0.0683826
0.0600215
0.068298
0.0737583
0.0736191
0.0671894
0.071194
0.0616291
0.06
0.072655
0.0650429
0.0770495
0.0759089
0.0654319
0.0638513
0.0778744
0.061666
0.0674283
0.0619628
0.070299
0.0707908
0.0640831
0.0732555
0.0663866
0.0726703
0.0611363
0.0609406
0.06
0.0611104
0.0663627
0.0666885
0.063025
0.0625757
0.0628215
0.0676727
0.0790306
0.0604334
0.0709125
0.0806704
0.0642288
0.062885
0.0661062
0.0615325
0.0665501
0.0683957
0.0600281
0.0670481
0.0641921
0.0793378
0.0603189
0.0608051
0.0647507
0.0657579
0.0631892
0.0724119
0.0641279
0.074585
0.066548
0.0723539
0.0783721
0.0716163
0.0631875
0.0746687
0.0674934
0.0709458
0.0654229
0.0649848
0.0620815
0.0620034
0.0723723
0.0639273
0.0664237
0.0616955
0.0699565
0.0649516
0.0616582
0.0626536
0.0619782
0.0601171
0.0667512
0.0674491
0.0653346
0.0713891
0.0614157
0.0656711
0.0678523
0.0715553
0.0617528
0.0733016
0.0648748
0.0607553
0.0701322
0.0612811
0.0710402
0.0676763
0.0747369
0.0737522
0.0672705
0.0603628
0.0708764
0.0671844
0.0737601
0.0610471
0.0775119
0.062443
0.0620547
0.0620319
0.068179
0.0635128
0.0690603
0.0722125
0.0673869
0.067608
0.0632715
0.0732107
0.0616004
0.0650869
0.0722681
0.065526
0.0630318
0.0661704
0.0758927
0.0653321
0.0722518
0.0677636
0.075831
0.0633871
0.0656185
0.0601967
0.0667365
0.0652798
0.062963
0.0730852
0.0643513
0.0692356
0.0618568
0.0663376
0.0690083
0.0623604
0.069124
0.0654222
0.0703864
0.0601485
0.0697794
0.0655847
0.0614947
0.0630184
0.0704198
0.0636121
0.0617461
0.0638729
0.0685294
0.0642263
0.0622522
0.0663305
0.0750635
0.0651595
0.0654769
0.0789253
0.0680427
0.0615471
0.0696724
0.0613249
0.0738006
0.0649746
0.0662866
0.0676757
0.0606091
0.0728451
0.0619307
0.0623615
0.0614675
0.0614606
0.0605975
0.0681733
0.0700895
0.0644955
0.0627639
0.0667739
0.0689537
0.0686035
0.0702985
0.0638432
0.068049
0.0634544
0.0617627
0.0675559
0.0670183
0.0645826
0.0749736
0.0690191
0.0628081
0.0671268
0.0647234
0.067955
0.0682935
0.0625117
0.0684925
0.0670184
0.0697973
0.0639122
0.0682013
0.06
0.0656347
0.0702601
0.0636437
0.0641165
0.0630871
0.0616358
0.0603177
0.0637428
0.0672448
0.0609857
0.06
0.0637404
