0
0
0
0
0
0
0
0
0
0
0
0
0
0
0
0
0
0
0
0
0
0
0
0
0
0
0
0
0
0
0
0
0
0
0.00167144
0
0.0223994
0.0990297
0.250986
0.457752
0.639191
0.849027
0.973654
1.0461
1.04482
1.0782
1.07833
1.00872
1.04028
1.00274
0.9837
1.04188
1.0069
1.0273
0.999323
1.02693
1.0445
1.01931
1.04638
0.999706
1.03052
1.0078
0.968681
0.999097
1.01666
0.984459
0.962272
0.974142
1.00103
1.01402
0.999872
1.01529
0.974611
0.965948
0.963848
1.03062
0.985157
1.00892
0.969496
0.982088
0.977181
0.993183
0.981236
1.00495
1.02087
0.992235
0.977402
1.01443
0.989099
0.975564
0.984972
1.00087
0.981436
1.00061
0.996696
1.02741
1.01862
0.999506
0.997768
0.999114
0.973618
0.984266
0.976895
0.990795
0.980304
0.98415
0.996801
0.986261
0.992162
0.993702
0.981338
0.976136
0.986368
1.01138
1.00062
0.987989
1.00613
0.97885
0.978833
0.958897
0.967162
0.996858
1.00093
0.976702
0.988157
1.00013
0.982146
0.992133
1.00735
0.991026
0.990498
0.992403
1.02258
0.995374
0.976779
1.00023
1.01115
1.00365
0.995017
1.00513
0.982713
1.00067
0.999115
0.997701
1.013
0.980611
0.984603
0.996993
0.996602
0.986073
0.987066
1.00103
0.997873
1.01818
0.995875
0.990512
0.983174
0.99936
0.98085
1.01019
0.98436
0.99509
0.981901
1.0049
0.980152
0.98672
1.00318
0.989391
1.00333
1.00115
0.982118
1.01608
0.996315
1.00601
0.993338
1.00298
0.999819
0.993826
0.988529
0.990203
0.99752
0.993986
0.995906
1.00416
0.985886
0.994306
0.988477
1.00439
1.01392
0.994656
1.0071
0.998346
0.973183
0.969633
0.995133
0.990548
0.993681
0.990428
1.00224
0.987464
0.991149
0.988685
0.993499
0.987122
0.989289
0.987411
0.982536
0.976831
0.997916
0.998656
0.995252
0.978213
0.982641
0.99851
0.995059
0.99784
0.998703
1.00586
0.994922
0.986166
1.00241
0.985144
0.990213
0.989815
0.984766
0.999839
0.98308
0.993522
0.989227
0.999624
0.985615
0.982946
0.994125
1.00135
0.99305
0.990015
0.995994
0.998488
0.991811
0.983234
0.99014
0.990348
0.998638
0.993037
0.9832
0.993295
0.989148
0.998709
0.987723
0.994299
0.98254
0.969238
0.96635
0.953509
0.934574
0.928217
0.926921
0.919345
0.885183
0.885583
0.874487
0.857076
0.852031
0.834115
0.833479
0.818096
0.807626
0.78945
0.789403
0.768518
0.761405
0.758505
0.741991
0.734713
0.720287
0.714648
0.703608
0.69697
0.687151
0.675418
0.678778
0.654658
0.647464
0.644216
0.633944
0.621895
0.606752
0.600348
0.595548
0.591061
0.579172
0.569165
0.560513
0.555961
0.545608
0.536249
0.522748
0.50899
0.509471
0.496271
0.489911
0.486142
0.470019
0.466797
0.45938
0.449365
0.444807
0.435964
0.425554
0.417554
0.411774
0.39917
0.397373
0.388628
0.381433
0.374622
0.363977
0.361688
0.355557
0.345013
0.335736
0.324239
0.321409
0.311383
0.309203
0.305935
0.290478
0.283791
0.279319
0.272074
0.267389
0.25908
0.254212
0.248379
0.238913
0.237792
0.224714
0.221289
0.213559
0.206641
0.201998
0.193157
0.190284
0.181472
0.177587
0.167944
0.162718
0.156115
0.15183
0.14593
0.138475
0.135128
0.126277
0.121472
0.113838
0.10846
0.104284
0.103545
0.0970398
0.0937761
0.0901184
0.0859974
0.0808757
0.0791064
0.0769359
0.0727925
0.0692855
0.0671266
0.0653563
0.0602819
0.0577395
0.0564056
0.0519309
0.0509116
0.048484
0.0455312
0.0455984
0.0424674
0.0403269
0.0385261
0.0381452
0.0335987
0.0344159
0.0317748
0.0294163
0.0281661
0.0263159
0.025743
0.0245166
0.0228567
0.0218265
0.0199239
0.0207007
0.0189125
0.0170654
0.0161653
0.0150335
0.0141396
0.0128785
0.0139485
0.011944
0.0111318
0.0101924
0.00982424
0.00866927
0.00781594
0.00732003
0.00703255
0.00672396
0.00561156
0.00484047
0.00461725
0.00408045
0.00383966
0.00335799
0.00309985
0.00303911
0.00249955
0.00211277
0.00160529
0.00154141
0.00134374
0.000969608
0.000798649
0.000673449
0.000615346
0.000371853
0.000239486
0.00023837
0.000107846
0.00011808
1.06849e-05
1.06355e-05
0
0
0
0
0
0
0
0
0
0
0
0
0
0
0
0
0
0
0
0
0
0
0
0
0
0
0
0
0
0
0
0
0
0
0
0
0
0
0
0
0
0
0
0
0
0
0
0
0
0
0
0
0
0
0
0
0
0
0
0
0
0
0
0
0
0
0
