0
0
0
0
0
0
0
0
0
0
0
0
0
0
0
0
0
0
0
0
0
0
0
0
0
0
0
0
0
0
0
0
0
0
0
0
0.0134396
0.0650767
0.139586
0.326419
0.606443
0.828234
0.987972
1.003
1.07095
1.06379
1.03785
1.02459
1.02506
1.03765
1.03207
1.01863
0.997515
1.03008
1.04018
1.0082
1.02206
1.05421
0.984763
1.01263
1.02617
1.01937
1.02776
1.00107
1.00279
1.00115
1.00951
1.01344
0.993393
1.01485
1.00788
0.954976
0.987858
0.987675
0.974959
1.0226
1.01541
0.985403
0.96078
1.01042
0.984549
1.00936
0.991174
0.995253
0.983817
0.981894
0.972882
0.946095
0.976144
0.993942
0.954366
0.973303
0.998875
1.02063
0.9987
1.00669
0.980592
0.994902
0.993873
0.99831
1.01774
0.977122
1.00909
0.960338
0.995242
1.00596
0.986277
0.984884
0.989289
0.994532
0.992091
1.00478
0.980552
0.966438
1.00244
0.991866
0.99514
1.00983
0.995126
0.994283
0.993468
0.981629
1.00345
1.00214
0.981226
0.978661
0.997935
0.988706
0.99398
0.981536
0.989447
0.998846
0.991985
0.989346
0.976669
0.98842
0.979116
1.00039
0.994187
0.994194
0.989465
0.978411
0.992649
1.0121
0.995183
0.994331
0.969679
0.995439
0.975762
0.99987
0.991985
1.00199
0.995563
0.982718
1.00438
0.990512
0.998932
0.989816
0.997639
0.972969
0.992469
0.97564
0.99501
0.990988
0.99618
0.98534
0.978922
0.983293
0.989454
0.987093
0.989098
0.996671
0.995646
0.999535
0.999741
0.991352
0.99107
0.994774
0.986094
0.986684
1.00619
0.976895
0.994293
0.98638
0.979808
0.994422
0.991966
0.989732
0.994711
0.991221
0.976237
0.997044
0.989504
0.9996
0.98593
0.97868
0.993115
0.992774
0.99865
0.979567
0.990456
0.997848
0.989036
0.996009
0.990098
0.99377
0.997372
0.985841
0.990869
0.995257
0.99835
0.99111
0.996079
0.986333
0.98827
0.990429
0.988304
0.99854
0.986129
0.991245
0.993608
0.992889
1.00122
0.992165
0.983266
0.995105
0.996885
1.00578
0.986255
0.997018
0.990969
0.980904
0.980361
0.99756
0.994461
1.00289
0.985928
0.983992
0.980095
0.985835
0.98615
0.990177
0.997624
0.985521
0.979306
1.00059
0.994943
0.997345
0.992395
0.990592
0.988913
0.967917
0.970376
0.951559
0.93955
0.937177
0.925802
0.914815
0.898313
0.883071
0.884425
0.861644
0.852522
0.840763
0.83709
0.811238
0.804377
0.798819
0.794232
0.775037
0.768991
0.760476
0.747697
0.732825
0.729739
0.71803
0.704518
0.699166
0.69046
0.676793
0.667501
0.650842
0.640982
0.640453
0.62775
0.621798
0.61967
0.601311
0.591174
0.587049
0.57632
0.566449
0.558397
0.546538
0.543246
0.53495
0.529175
0.519645
0.50467
0.500995
0.49912
0.484872
0.480519
0.467164
0.462706
0.453671
0.445908
0.439183
0.424446
0.421355
0.411898
0.398227
0.397475
0.388243
0.377451
0.369506
0.366499
0.360603
0.351733
0.343356
0.336666
0.333131
0.320357
0.315261
0.308031
0.297147
0.29449
0.289486
0.281845
0.274071
0.266259
0.260727
0.2545
0.246215
0.241847
0.232595
0.223994
0.221551
0.21349
0.212544
0.202547
0.193515
0.18852
0.182568
0.176716
0.170178
0.164458
0.156923
0.151928
0.144317
0.139689
0.130104
0.12522
0.120803
0.115532
0.11112
0.103563
0.102035
0.0996558
0.0928679
0.0890163
0.0864693
0.0824956
0.0792118
0.0757829
0.0720926
0.0695373
0.0653442
0.0641549
0.059597
0.0584931
0.0557281
0.0547554
0.0515249
0.0506969
0.0460392
0.0446862
0.042607
0.0405908
0.0391615
0.0366749
0.0347059
0.0330833
0.0311255
0.030291
0.0290095
0.0279806
0.026326
0.0241344
0.0232107
0.0214742
0.0214426
0.0209719
0.0186812
0.0174617
0.0162161
0.0146412
0.0146935
0.0139183
0.0126895
0.0120929
0.010453
0.0105362
0.00968983
0.00888813
0.00846928
0.00732003
0.0071883
0.00650937
0.00545733
0.00535994
0.00469949
0.00420906
0.00417709
0.0031264
0.00326118
0.00254597
0.00217997
0.00219228
0.00178617
0.0014064
0.00120937
0.0010922
0.000931757
0.000695529
0.000626334
0.000360916
0.000250372
0.000140855
0.000107846
4.29382e-05
1.06849e-05
0
0
0
0
0
0
0
0
0
0
0
0
0
0
0
0
0
0
0
0
0
0
0
0
0
0
0
0
0
0
0
0
0
0
0
0
0
0
0
0
0
0
0
0
0
0
0
0
0
0
0
0
0
0
0
0
0
0
0
0
0
0
0
0
0
0
0
0
