0
0
0
0
0
0
0
0
0
0
0
0
0
0
0
0
0
0
0
0
0
0
0
0
0
0
0
0
0
0
0
0
0
0
0
0
0
0
0
0.017001
0.0913708
0.257981
0.537492
0.846696
1.083
1.35048
1.44023
1.41785
1.36336
1.3543
1.39793
1.32817
1.28142
1.26825
1.2016
1.25686
1.18659
1.17014
1.1673
1.1475
1.11314
1.08355
1.1106
1.04005
1.03355
1.04737
1.023
1.04124
0.997492
0.987116
0.996937
0.964057
0.98584
0.97049
0.955126
0.949769
0.962041
0.968289
0.976491
0.95145
0.965413
0.97701
0.928136
0.948268
0.967564
0.962299
0.984316
0.984119
0.994348
1.00768
0.998008
0.995164
0.973298
0.997952
1.00665
1.00022
1.02061
1.00871
1.00761
0.996569
1.00835
0.993343
1.01508
0.997914
1.00769
1.01895
1.0275
0.993205
1.01148
1.00924
1.0105
1.0043
0.998367
1.00844
0.997684
1.00066
0.992355
1.01502
0.997581
0.994701
1.00594
0.99834
0.996072
0.993833
1.00001
0.986661
0.993004
1.02032
0.984904
1.00265
0.993029
0.998462
0.982541
1.00055
0.98741
1.00265
0.999261
0.998388
1.00967
1.00609
1.0021
1.00487
1.00356
1.00237
0.998518
0.998622
0.999496
0.991293
0.985144
1.00037
0.994151
0.987831
1.00566
0.996031
1.01368
0.996902
1.00121
0.998531
1.00577
0.990017
1.00707
0.998955
1.00282
1.00428
1.00265
0.9881
1.01861
0.990313
0.991253
1.00027
0.994961
1.00504
1.00064
0.99883
0.994427
0.995572
0.989729
1.0207
0.998103
1.01472
0.991332
0.991309
0.991227
0.998926
1.00488
1.00437
1.0019
0.997314
1.00318
1.00082
1.01224
1.00003
0.993781
0.990266
1.00136
0.999778
1.0089
1.00469
0.99345
1.00151
0.999826
0.993749
0.996993
0.989844
1.00378
0.995702
0.998927
1.0001
0.993553
0.987747
0.995476
0.997144
1.00558
0.995513
1.00698
0.99497
0.993694
0.998484
1.00014
0.988024
1.00704
1.00221
1.00713
1.00618
0.994556
0.999604
1.00238
0.998506
1.00764
0.995885
1.00014
0.993229
1.00043
0.998496
1.0063
0.998325
1.0028
1.00423
0.994166
1.00738
0.995264
1.00002
0.998018
0.997801
1.00805
0.994109
0.99848
1.00359
1.00109
0.994981
1.00548
0.974795
0.974411
0.954355
0.943
0.93931
0.918434
0.909954
0.90386
0.891216
0.873481
0.86274
0.846517
0.842128
0.835033
0.829207
0.806282
0.800728
0.78898
0.782916
0.774673
0.760844
0.752288
0.741424
0.738971
0.721105
0.708179
0.700363
0.690879
0.682753
0.675853
0.664566
0.662246
0.647714
0.639875
0.628192
0.615057
0.61215
0.600137
0.585665
0.582315
0.578452
0.565559
0.54944
0.543437
0.535148
0.528813
0.525084
0.516452
0.503368
0.494002
0.490059
0.478838
0.469655
0.462541
0.448619
0.448689
0.440053
0.434264
0.419555
0.4135
0.408868
0.400687
0.386192
0.385872
0.377967
0.366844
0.3648
0.355465
0.347605
0.338286
0.33308
0.328097
0.318645
0.314014
0.307781
0.299168
0.290221
0.281107
0.27398
0.26748
0.263587
0.254038
0.246519
0.244763
0.23692
0.229259
0.220695
0.21717
0.207735
0.204034
0.195494
0.192093
0.182242
0.176794
0.172316
0.166385
0.158652
0.151431
0.145094
0.139452
0.133378
0.127648
0.121748
0.115036
0.109982
0.105515
0.100588
0.097819
0.094279
0.0906134
0.0866926
0.0824906
0.0789759
0.0741308
0.0733286
0.0701643
0.064971
0.0647068
0.062453
0.0593241
0.0578135
0.0533934
0.0512254
0.0495526
0.0466553
0.0450698
0.043426
0.0408176
0.039645
0.0370643
0.0363326
0.0340035
0.0327622
0.0304479
0.0295137
0.0281715
0.0263657
0.0243233
0.023744
0.0224223
0.0208541
0.0196719
0.0183215
0.0169163
0.0172718
0.0155059
0.0142445
0.0138641
0.0132961
0.0115844
0.0110495
0.0100123
0.00931104
0.00824371
0.00854994
0.00757687
0.00730012
0.00640604
0.00574997
0.0053442
0.00462116
0.00452863
0.00383966
0.00335799
0.00319588
0.00285179
0.00236639
0.00196889
0.00165805
0.00149266
0.0012019
0.00115907
0.000939152
0.000662409
0.000578718
0.000430183
0.000333829
0.00015169
8.62768e-05
3.57818e-05
1.42465e-05
0
0
0
0
0
0
0
0
0
0
0
0
0
0
0
0
0
0
0
0
0
0
0
0
0
0
0
0
0
0
0
0
0
0
0
0
0
0
0
0
0
0
0
0
0
0
0
0
0
0
0
0
0
0
0
0
0
0
0
0
0
0
0
0
0
0
0
0
