0.563956
0.605429
0.618054
0.591566
0.66604
0.622747
0.593874
0.638599
0.648803
0.579936
0.603097
0.587487
0.645445
0.632062
0.570603
0.557447
0.607657
0.569245
0.59814
0.608151
0.537711
0.63842
0.63863
0.655332
0.665272
0.576426
0.642083
0.629137
0.634733
0.591608
0.547737
0.622345
0.567402
0.619349
0.589589
0.639954
0.644803
0.555523
0.576694
0.609711
0.589507
0.618485
0.672225
0.645513
0.631193
0.610379
0.571099
0.607766
0.593697
0.599966
0.600375
0.595811
0.60709
0.602508
0.58626
0.593205
0.618478
0.606373
0.558341
0.617625
