0
0
0
0
0
0
0
0
0
0
0
0
0
0
0
0
0
0
0
0
0
0
0
0
0
0
0
0
0
0
0
0
0
0
0
0
0
0
0
0.0068004
0.0404295
0.16942
0.425882
0.759783
1.05219
1.26143
1.42551
1.50543
1.39437
1.39652
1.3532
1.33817
1.29152
1.26501
1.26411
1.25212
1.21359
1.17656
1.15412
1.11978
1.1356
1.12352
1.09091
1.04334
1.05109
1.04613
1.0425
1.03775
1.02661
0.976956
1.01828
0.994151
0.998456
0.994795
0.9611
0.953492
0.950936
0.972485
0.955829
0.950191
0.953133
0.945461
0.961068
0.971856
0.95029
0.955224
0.983961
0.972686
0.986897
0.985829
0.988615
0.966016
1.00414
0.978229
0.979319
1.01098
1.00666
1.01541
1.01896
1.02001
1.00677
1.01368
1.01281
1.0077
0.981214
1.0249
1.00317
1.00101
1.03312
1.02838
1.01441
1.01475
0.992184
0.994236
0.982914
1.0115
1.00428
1.00128
1.00202
1.01058
0.996619
1.01137
0.989443
1.00662
0.99513
0.993482
0.978417
0.985565
0.993097
1.0104
0.995833
0.999229
0.98715
0.99556
0.991662
1.01406
0.99257
1.00169
0.99633
0.98789
1.007
0.998714
0.994869
0.999344
1.00227
0.998873
1.00839
1.0047
1.00938
1.01497
1.00053
0.994303
0.993339
0.984829
0.995291
0.986206
0.992001
1.00955
1.00598
0.996481
0.997798
1.00038
0.999656
0.999224
1.00476
0.993378
1.00822
0.993102
0.994803
0.995148
0.993136
1.00287
1.00304
1.00606
0.993817
0.999361
0.995604
1.00446
0.993399
1.0069
1.00029
1.00162
0.980754
1.00818
1.00352
1.00217
0.996027
1.00346
1.0033
1.00659
1.00175
1.00531
0.995857
1.00525
1.00048
0.996933
1.00282
0.998673
1.00291
1.00534
0.998671
0.998681
0.984637
1.00195
1.01301
0.993189
0.993235
0.992649
0.999716
0.996148
1.00901
1.0072
0.992951
0.994
1.00121
0.998226
1.00136
0.995877
0.996561
0.991107
0.998832
1.00459
0.989958
1.00427
1.00166
1.00485
0.989116
1.00058
0.999997
1.00928
0.992355
1.0059
0.999523
1.00256
0.994219
1.00318
0.99673
0.999546
1.001
0.996703
1.00627
0.99302
1.00341
0.990643
0.995247
0.994373
1.00293
0.999088
0.999955
1.00261
0.988046
0.982637
0.974141
0.965996
0.954733
0.936954
0.921075
0.909694
0.904912
0.884854
0.874673
0.863865
0.868998
0.846083
0.832607
0.81692
0.810876
0.801729
0.789513
0.782898
0.769725
0.767232
0.752145
0.737364
0.730892
0.720231
0.708109
0.700862
0.693342
0.681377
0.677236
0.668382
0.651544
0.645223
0.639728
0.629331
0.618353
0.606582
0.603388
0.592011
0.580288
0.571615
0.565249
0.554998
0.547367
0.539324
0.52827
0.523001
0.514784
0.509978
0.492122
0.489315
0.477055
0.468186
0.460911
0.456122
0.444284
0.438776
0.429777
0.427018
0.412964
0.407596
0.400293
0.396232
0.386314
0.379552
0.363295
0.360379
0.35778
0.343759
0.340365
0.3329
0.324042
0.319393
0.311621
0.302624
0.300848
0.290419
0.284709
0.274945
0.26969
0.263599
0.256474
0.247974
0.240899
0.236896
0.229259
0.222674
0.212888
0.206423
0.204571
0.195824
0.18809
0.182501
0.179755
0.169428
0.164386
0.157598
0.151693
0.145137
0.139657
0.131489
0.126346
0.121536
0.116249
0.111472
0.106538
0.102829
0.0965084
0.0926165
0.0899296
0.0859314
0.0844789
0.0805116
0.0763669
0.0721571
0.0700754
0.0673672
0.0646482
0.0623364
0.0589859
0.0568813
0.0541867
0.0524043
0.0490892
0.0474172
0.043816
0.0430072
0.0423544
0.0386228
0.0373849
0.034993
0.0343026
0.0321851
0.0306274
0.0291925
0.0273458
0.0258623
0.0245518
0.0233069
0.0217613
0.0206292
0.0193103
0.0181587
0.0178708
0.0171785
0.0155819
0.0140598
0.0139142
0.012997
0.0116092
0.01114
0.010569
0.00977537
0.00914347
0.008679
0.00776147
0.00728414
0.00613581
0.0056076
0.00543864
0.00463683
0.00450525
0.00380863
0.00298745
0.00288858
0.00272946
0.00255661
0.00187802
0.00180878
0.00149266
0.00129149
0.000817294
0.000894782
0.000655049
0.00060802
0.000349979
0.000268515
0.00013002
0.000136605
4.29382e-05
2.13697e-05
0
0
0
0
0
0
0
0
0
0
0
0
0
0
0
0
0
0
0
0
0
0
0
0
0
0
0
0
0
0
0
0
0
0
0
0
0
0
0
0
0
0
0
0
0
0
0
0
0
0
0
0
0
0
0
0
0
0
0
0
0
0
0
0
0
0
0
0
