0.69521
0.658228
0.605417
0.702246
0.739735
0.649954
0.655349
0.69277
0.721436
0.636963
0.673228
0.625601
0.634146
0.675085
0.672521
0.626291
0.68324
0.601931
0.676397
0.705046
0.666818
0.741139
0.662288
0.639066
0.69037
0.63492
0.673897
0.638059
0.692263
0.655861
0.611571
0.697564
0.744449
0.690578
0.620014
0.629523
0.681898
0.660819
0.699699
0.668529
0.664008
0.731249
0.690332
0.643399
0.616615
0.725067
0.62349
0.64711
0.69009
0.662822
0.695418
0.704485
0.65456
0.630364
0.659268
0.630026
0.667056
0.669212
0.621236
0.668095
