0
0
0
0
0
0
0
0
0
0
0
0
0
0
0
0
0
0
0
0
0
0
0
0
0
0
0
0
0
0
0
0
0
0
0
0
0
0
0
0
0
0.00288785
0.0346947
0.137728
0.456106
0.972496
1.56643
2.14044
2.42817
2.60468
2.59616
2.52294
2.20615
2.06363
1.84526
1.63017
1.4929
1.39268
1.2638
1.17138
1.0808
1.03384
0.948563
0.899187
0.849764
0.816827
0.773101
0.74054
0.72692
0.725716
0.696668
0.701055
0.681471
0.675206
0.676916
0.698017
0.720511
0.726382
0.761424
0.785041
0.788223
0.818418
0.832604
0.904802
0.896748
0.956448
1.00346
1.00534
1.0446
1.0759
1.11905
1.13976
1.15419
1.20473
1.18349
1.19799
1.21004
1.20502
1.19154
1.19243
1.15069
1.13624
1.11995
1.0792
1.07777
1.05413
1.03556
1.00899
0.983459
0.979267
0.960319
0.947892
0.936381
0.927444
0.920268
0.908652
0.900595
0.884899
0.908916
0.900873
0.893793
0.899557
0.924504
0.926289
0.928346
0.952957
0.953614
0.950034
0.965667
0.998915
1.00814
1.01374
1.01759
1.02931
1.03825
1.03474
1.05882
1.04574
1.04848
1.07148
1.04898
1.05164
1.0627
1.04316
1.05597
1.04898
1.04448
1.03517
1.02506
1.00726
1.0135
1.0136
0.993082
0.993526
0.989999
0.997588
0.977529
0.976022
0.975703
0.975901
0.970189
0.969843
0.961108
0.967025
0.963721
0.96562
0.95707
0.96195
0.983043
0.982661
0.984102
0.985714
0.997551
0.9959
1.00654
0.99836
1.01598
1.01574
1.01282
1.00706
1.01013
1.01706
1.01308
1.02215
1.01122
1.01868
1.02242
1.01944
1.021
1.01831
1.0153
1.01834
1.00381
1.00499
1.00618
1.00226
1.00164
1.01292
0.98474
0.989089
1.00006
0.990327
0.991656
0.991974
0.993904
0.987623
0.982513
0.992241
0.987917
0.990565
0.989056
0.989643
0.986518
0.992814
0.994756
0.99165
0.985184
0.997762
0.994296
1.00338
0.997843
1.00663
1.00349
1.00264
1.0208
1.007
1.00784
1.00899
1.0122
1.00576
0.996811
1.00188
1.00517
1.00962
1.00701
1.00408
1.00448
1.00461
1.00669
1.00255
1.00063
1.00467
0.994477
1.00231
0.999473
0.996909
0.998594
0.995104
0.99407
0.995529
0.986931
0.971613
0.965898
0.953401
0.940487
0.931204
0.922808
0.913524
0.902332
0.886764
0.879837
0.866313
0.855409
0.841909
0.843176
0.825462
0.80722
0.808814
0.79891
0.786267
0.772199
0.768761
0.749318
0.742984
0.732776
0.724189
0.717282
0.705056
0.687331
0.686025
0.6763
0.669031
0.651701
0.639822
0.634828
0.626179
0.615829
0.60858
0.598285
0.594194
0.582355
0.576996
0.56428
0.555049
0.550219
0.535588
0.527489
0.52323
0.510453
0.500873
0.495067
0.485638
0.481356
0.472131
0.46468
0.45625
0.446035
0.436995
0.427958
0.423421
0.416592
0.407279
0.399777
0.39637
0.382359
0.376591
0.370213
0.364194
0.348693
0.349437
0.339764
0.332842
0.326458
0.319529
0.31284
0.303982
0.298568
0.292528
0.283771
0.272083
0.266268
0.262347
0.256138
0.247369
0.243945
0.235114
0.227657
0.221961
0.216224
0.212665
0.202341
0.197422
0.189733
0.181986
0.175341
0.169944
0.167183
0.159031
0.151953
0.14422
0.140078
0.13384
0.128038
0.122021
0.116276
0.110514
0.105739
0.101973
0.0965368
0.0930372
0.0914273
0.0861877
0.0827454
0.0812143
0.0759402
0.0717203
0.068856
0.0667215
0.0647336
0.0625259
0.0590149
0.0569822
0.0540959
0.0516889
0.0502358
0.0476194
0.0446651
0.0420346
0.0409449
0.038982
0.0375338
0.0353826
0.0348511
0.0321265
0.0304928
0.0293174
0.0283136
0.02675
0.0252086
0.0231451
0.0221396
0.0210661
0.0201131
0.0182636
0.0178772
0.0165786
0.0154954
0.0149076
0.0134548
0.0128515
0.0117456
0.0109158
0.0102968
0.00988534
0.00888205
0.00802767
0.00766917
0.00729612
0.0060921
0.0055641
0.00521826
0.00511069
0.00420906
0.00405492
0.00325956
0.00309985
0.00291296
0.00259656
0.00192535
0.00181443
0.00149641
0.00124856
0.000936173
0.000865203
0.000629288
0.000527439
0.000322637
0.000321129
0.000200447
0.000118631
5.36727e-05
1.60273e-05
5.31775e-06
0
0
0
0
0
0
0
0
0
0
0
0
0
0
0
0
0
0
0
0
0
0
0
0
0
0
0
0
0
0
0
0
0
0
0
0
0
0
0
0
0
0
0
0
0
0
0
0
0
0
0
0
0
0
0
0
0
0
0
0
0
0
0
0
0
0
0
