0
0
0
0
0
0
0
0
0
0
0
0
0
0
0
0
0
0
0
0
0
0
0
0
0
0
0
0
0
0
0
0
0
0
0
0
0
0
0
0
0.000606443
0.00519812
0.026434
0.139831
0.434004
0.965289
1.54803
2.17086
2.41549
2.58113
2.66129
2.45131
2.29493
2.04591
1.84727
1.62888
1.48355
1.42578
1.26467
1.17222
1.09547
1.00281
0.961805
0.873778
0.86411
0.811495
0.762304
0.733554
0.731584
0.725716
0.676054
0.704363
0.676361
0.721423
0.70129
0.701856
0.702834
0.73367
0.73592
0.749787
0.795437
0.825906
0.870164
0.878408
0.920291
0.927737
0.99083
1.01288
1.02783
1.08944
1.11541
1.12205
1.14536
1.18072
1.2061
1.22002
1.21324
1.20229
1.1979
1.18338
1.16566
1.12591
1.1227
1.0999
1.06256
1.07057
1.04767
1.01243
0.99174
0.966574
0.952743
0.939251
0.937796
0.930996
0.932635
0.892545
0.903673
0.879135
0.887382
0.906724
0.924072
0.908115
0.913235
0.923093
0.930592
0.941841
0.956412
0.955725
0.971992
0.983197
1.00814
1.00264
1.01776
1.01954
1.02517
1.03675
1.0577
1.05111
1.06061
1.06591
1.0649
1.05919
1.05427
1.05282
1.05497
1.04216
1.04346
1.03211
1.02285
1.01968
1.01829
1.0198
1.00305
0.985927
0.98504
0.981873
0.974726
0.972854
0.977168
0.974689
0.965748
0.963321
0.960316
0.963378
0.968279
0.972556
0.969592
0.981166
0.979224
0.992321
0.989611
0.979897
0.989829
0.998312
0.987556
1.00369
1.01036
1.00276
1.01126
1.00848
1.02714
1.01392
1.01123
1.01831
1.02116
1.017
1.02031
1.01163
1.01635
1.01909
1.01774
1.01896
1.00317
1.01302
1.01322
1.00184
1.00007
0.995069
1.00761
0.990513
0.994069
0.990008
0.995683
0.982318
0.982725
0.991839
0.985615
0.991686
0.990937
0.985647
0.987866
0.986863
0.986254
0.995062
0.989546
0.98938
0.995838
1.00344
1.00253
1.00099
0.997782
1.00398
1.01004
1.01068
1.00504
1.01124
1.0117
1.0039
1.00401
1.0099
1.00175
1.00544
1.0089
1.00947
1.00405
1.00157
1.00382
1.00172
1.00241
0.991853
1.00768
0.997341
1.00397
0.997063
0.991453
0.9979
0.992619
0.997637
0.995391
1.00101
1.00107
0.973972
0.962341
0.95142
0.941377
0.927014
0.915808
0.906849
0.904848
0.888182
0.876964
0.86643
0.856492
0.845576
0.841569
0.827763
0.814517
0.812734
0.794453
0.786048
0.776699
0.766616
0.759124
0.747014
0.731099
0.721516
0.711375
0.699101
0.695321
0.684242
0.675794
0.667437
0.660027
0.64507
0.635246
0.627924
0.616083
0.605727
0.596385
0.589696
0.578147
0.57304
0.566407
0.554286
0.544461
0.532854
0.527376
0.52223
0.512362
0.504777
0.495177
0.485857
0.481074
0.471991
0.465152
0.457401
0.445336
0.438068
0.429139
0.422466
0.414363
0.40691
0.399716
0.392291
0.383495
0.376441
0.373818
0.366799
0.352988
0.346591
0.340985
0.33213
0.327501
0.318075
0.31181
0.305663
0.295087
0.289282
0.284361
0.27649
0.27155
0.261795
0.25558
0.246787
0.242852
0.23454
0.229563
0.221507
0.217101
0.209653
0.201303
0.194991
0.189885
0.184254
0.175953
0.168886
0.165725
0.15782
0.151224
0.145694
0.140702
0.133808
0.128094
0.120294
0.116086
0.110648
0.107046
0.103405
0.098789
0.0930372
0.0910675
0.0863856
0.0816402
0.0794828
0.0778418
0.0734254
0.0685376
0.0663753
0.0642868
0.0619867
0.0593337
0.0566867
0.0534866
0.0516461
0.0502642
0.0478099
0.0442722
0.0430537
0.0406046
0.0396243
0.0368879
0.0350135
0.0334641
0.0331478
0.0312666
0.0291568
0.0279939
0.0261074
0.025235
0.0238139
0.0222505
0.0210921
0.0201131
0.0184949
0.0174298
0.0165977
0.0154384
0.0148761
0.0138181
0.0130074
0.011851
0.0108109
0.0101556
0.00965928
0.008572
0.00822125
0.00770529
0.00697864
0.00618747
0.00578358
0.00518875
0.00491096
0.00419736
0.00374658
0.0034043
0.0031517
0.00283841
0.00264792
0.00203326
0.00168443
0.00141765
0.00131575
0.00100861
0.000715456
0.000667929
0.000582381
0.000459348
0.000250372
0.000211282
9.16691e-05
6.44073e-05
5.34243e-06
0
0
0
0
0
0
0
0
0
0
0
0
0
0
0
0
0
0
0
0
0
0
0
0
0
0
0
0
0
0
0
0
0
0
0
0
0
0
0
0
0
0
0
0
0
0
0
0
0
0
0
0
0
0
0
0
0
0
0
0
0
0
0
0
0
0
0
0
