0
0
0
0
0
0
0
0
0
0
0
0
0
0
0
0
0
0
0
0
0
0
0
0
0
0
0
0
0
0
0
0
0
0
0
0
0
0
0
0
0
0
0.00330425
0.0331179
0.159738
0.542945
1.1478
1.8283
2.44424
2.83446
2.8961
2.78097
2.52013
2.23219
2.02108
1.80779
1.62907
1.41434
1.32193
1.17307
1.1183
1.01148
0.942452
0.906588
0.827527
0.795033
0.766128
0.701679
0.708477
0.676497
0.65464
0.669534
0.669359
0.661396
0.662578
0.654217
0.677338
0.661959
0.715903
0.748213
0.770724
0.777834
0.813459
0.859148
0.887414
0.929506
0.955201
1.00001
1.03939
1.08323
1.11152
1.12182
1.18047
1.20746
1.19552
1.22526
1.25159
1.27062
1.23932
1.24136
1.20131
1.16772
1.16407
1.12693
1.08396
1.07951
1.04942
1.03068
1.00551
0.982005
0.948751
0.93165
0.915947
0.904511
0.896292
0.90112
0.887916
0.886916
0.879944
0.865278
0.878242
0.884666
0.897127
0.906788
0.912367
0.91039
0.930366
0.941101
0.967113
0.982722
0.983898
1.00558
1.01301
1.04036
1.0349
1.05002
1.06427
1.05421
1.08032
1.06755
1.06893
1.06749
1.07382
1.06591
1.06297
1.06674
1.06395
1.05401
1.05096
1.0292
1.01394
1.01906
1.01828
1.00826
0.984623
0.981421
0.96766
0.973576
0.962755
0.95815
0.956171
0.968279
0.955382
0.957871
0.944386
0.973464
0.947417
0.961099
0.965561
0.962372
0.966583
0.979762
0.977862
0.992298
1.00663
0.993515
1.00126
1.01043
1.01722
1.02015
1.02262
1.02436
1.02658
1.02186
1.02832
1.02165
1.03564
1.02448
1.02447
1.02477
1.02149
1.02197
1.0109
1.01798
1.01199
1.01218
1.00615
1.00007
0.998953
0.999986
0.990431
0.992238
0.981734
0.989068
0.981488
0.974879
0.975538
0.981013
0.982128
0.984922
0.985845
0.994068
0.98024
0.985984
0.97906
0.990879
0.997005
0.994524
1.00086
0.997149
1.00277
0.996072
1.00599
1.00573
1.00802
1.00845
1.01263
1.0153
1.01683
1.00642
1.01162
1.01244
1.01203
1.00882
1.01063
1.00607
1.00544
1.00385
1.00209
0.999396
1.00773
1.00264
1.00551
1.00471
0.997743
1.00011
0.994534
0.991337
0.992765
0.990176
0.990942
0.972698
0.960453
0.948123
0.940164
0.927806
0.920949
0.901433
0.899712
0.886114
0.873212
0.862473
0.855322
0.845849
0.837048
0.828059
0.81757
0.809773
0.793763
0.788486
0.776141
0.762891
0.75623
0.749886
0.738083
0.72993
0.715278
0.704023
0.697501
0.681085
0.67606
0.660708
0.657747
0.644847
0.634484
0.627338
0.621003
0.60172
0.600615
0.59023
0.582095
0.567233
0.559059
0.558651
0.545069
0.53716
0.526663
0.515891
0.509705
0.506695
0.494879
0.48844
0.485552
0.471613
0.463521
0.454427
0.448957
0.439488
0.430299
0.422902
0.414962
0.404378
0.399359
0.39388
0.385376
0.377291
0.374215
0.3645
0.352664
0.345812
0.340045
0.334863
0.325234
0.319415
0.310251
0.301889
0.296786
0.289402
0.286749
0.275327
0.269984
0.260229
0.255418
0.251045
0.242265
0.235061
0.231426
0.224459
0.212491
0.210836
0.201191
0.196296
0.18863
0.183428
0.175886
0.168228
0.164367
0.158463
0.15183
0.14672
0.138264
0.135136
0.129199
0.120262
0.115888
0.112018
0.106937
0.102783
0.098015
0.0933297
0.0890851
0.0857842
0.0823594
0.079144
0.0778119
0.071966
0.0698335
0.0675759
0.0635323
0.061433
0.0588265
0.056629
0.0529776
0.0533146
0.0497677
0.0475418
0.0453458
0.0432282
0.0408893
0.0383258
0.0374032
0.0359703
0.0338448
0.0329178
0.0311589
0.0291635
0.0289794
0.0261007
0.0249912
0.0236828
0.0223744
0.0202874
0.0204876
0.0179039
0.0177813
0.0168775
0.015527
0.0144606
0.0134172
0.0130074
0.0120557
0.0107677
0.0104196
0.00968372
0.00905228
0.00837854
0.00722973
0.00668512
0.00640207
0.00561156
0.00526549
0.00454088
0.00428505
0.00393856
0.00336957
0.00308256
0.00288428
0.00235117
0.00200486
0.00170139
0.00157517
0.00135494
0.000964035
0.00082638
0.000678969
0.000593369
0.000442942
0.000304801
0.000140855
0.000102454
6.44073e-05
4.27394e-05
0
0
0
0
0
0
0
0
0
0
0
0
0
0
0
0
0
0
0
0
0
0
0
0
0
0
0
0
0
0
0
0
0
0
0
0
0
0
0
0
0
0
0
0
0
0
0
0
0
0
0
0
0
0
0
0
0
0
0
0
0
0
0
0
0
0
0
0
