0
0
0
0
0
0
0
0
0
0
0
0
0
0
0
0
0
0
0
0
0
0
0
0
0
0
0
0
0
0
0
0
0
0
0
0
0.010453
0.0565884
0.182536
0.393998
0.604017
0.842096
0.905366
1.03769
1.04482
1.04265
1.07097
0.954048
1.05635
1.02791
1.09525
1.05088
1.02061
0.984901
1.04889
1.05922
0.99464
1.02954
1.02022
1.01769
0.994107
1.022
1.01146
0.965547
1.02287
1.00301
0.996012
1.00078
0.984066
0.957187
1.02629
1.03514
0.990129
0.998355
1.01618
0.967103
1.03241
0.987721
0.967559
0.985551
0.978102
0.997377
1.00374
0.98384
0.985768
0.989242
0.969958
1.00586
1.01399
0.985498
0.96141
0.968313
0.997014
0.972844
0.986448
0.97266
0.964996
0.987995
1.00413
0.984847
1.00474
0.965535
0.977463
1.00565
1.02002
0.970387
0.99645
0.996074
0.986417
0.989886
0.984922
1.0115
0.984324
0.985124
0.976186
0.959058
1.01771
0.991386
1.00646
0.98467
0.998675
1.0067
0.990857
0.99718
0.979557
1.00367
1.00415
0.981608
0.993378
0.977028
0.996807
0.98389
0.99969
0.989904
0.993605
0.975743
0.974418
0.978606
1.00528
0.982438
0.993093
1.00931
0.986868
0.998281
0.990038
0.986531
0.986086
0.994067
0.995248
0.986429
1.00358
0.98526
0.997103
0.999183
0.98279
0.998081
0.984067
0.988052
0.991462
0.991502
0.999729
0.9867
0.990867
1.00297
0.988754
0.985558
0.995068
0.976486
0.991556
0.993048
0.990125
0.993695
1.00527
0.97984
1.00124
0.998844
0.982896
1.00128
0.992962
0.981374
0.996359
0.986981
0.978404
0.996838
1.0012
1.0061
0.983844
0.994938
0.987489
0.992385
0.994547
0.976972
0.991974
0.984723
0.991136
0.981647
0.984253
1.00002
0.986331
0.982266
0.998424
0.9953
0.99937
0.997787
0.993999
0.98661
0.986688
0.992079
0.980755
1.00092
0.994758
0.99538
0.991365
1.00213
0.979968
1.00427
1.00184
0.988237
0.992671
0.990212
0.982111
0.992767
0.983301
0.985792
0.98749
1.00234
0.99832
0.993522
0.988579
0.984666
0.996211
0.998166
0.975871
0.998691
0.990481
0.987862
0.983759
0.987413
0.995064
0.993292
0.986081
0.991883
0.99353
0.985655
0.98696
0.992866
0.994649
0.996241
0.992363
0.996664
0.9924
0.976566
0.963323
0.954624
0.9374
0.929772
0.91537
0.908364
0.889083
0.880679
0.86965
0.858473
0.850819
0.834258
0.835924
0.816205
0.813145
0.793453
0.791279
0.780323
0.763988
0.750516
0.750484
0.736362
0.731112
0.715723
0.70405
0.699269
0.691538
0.683466
0.671016
0.654005
0.655939
0.635825
0.626398
0.622286
0.608012
0.60817
0.593994
0.585554
0.573703
0.570382
0.562234
0.551827
0.540722
0.534927
0.522409
0.513845
0.507662
0.496759
0.49022
0.493123
0.473867
0.462628
0.455733
0.452242
0.444256
0.43649
0.430822
0.419153
0.412269
0.409278
0.393258
0.391866
0.380569
0.376341
0.373331
0.361806
0.351046
0.34663
0.342069
0.33392
0.323379
0.319729
0.310733
0.306198
0.293426
0.28739
0.280739
0.272221
0.264292
0.261632
0.252935
0.249685
0.241918
0.232754
0.224099
0.220573
0.21309
0.20728
0.199355
0.195016
0.18813
0.181506
0.175173
0.172327
0.163646
0.157993
0.153058
0.145425
0.137633
0.133292
0.126485
0.120326
0.113426
0.108334
0.105129
0.101133
0.0956777
0.0957311
0.0902715
0.0870782
0.082965
0.0777663
0.0767413
0.0719436
0.0692115
0.0660218
0.0624115
0.0619722
0.0592033
0.0538542
0.0537948
0.0509687
0.0484415
0.0460815
0.0452335
0.0421044
0.0408268
0.0393825
0.0371971
0.0346923
0.0336273
0.0311661
0.0293355
0.0276306
0.0274079
0.025955
0.0248857
0.0240106
0.0232746
0.0209104
0.0195901
0.018617
0.0173467
0.0170556
0.0150082
0.0150839
0.0136928
0.0119416
0.0117332
0.0111318
0.0104871
0.00929882
0.00849905
0.0082031
0.00735614
0.00714038
0.00618747
0.00574206
0.00526549
0.00474648
0.00474688
0.00361859
0.00350852
0.00312289
0.00256891
0.0021229
0.00214685
0.00187661
0.00148516
0.00131015
0.0013151
0.000743187
0.000518887
0.000483486
0.000339042
0.000337458
0.00019503
0.000150984
4.29382e-05
2.13697e-05
0
0
0
0
0
0
0
0
0
0
0
0
0
0
0
0
0
0
0
0
0
0
0
0
0
0
0
0
0
0
0
0
0
0
0
0
0
0
0
0
0
0
0
0
0
0
0
0
0
0
0
0
0
0
0
0
0
0
0
0
0
0
0
0
0
0
0
0
