0
0
0
0
0
0
0
0
0
0
0
0
0
0
0
0
0
0
0
0
0
0
0
0
0
0
0
0
0
0
0
0
0
0
0
0
0
0
0
0
0
0.00115514
0.00826064
0.0898913
0.288331
0.753877
1.31157
1.88737
2.37066
2.57829
2.72331
2.60245
2.43532
2.25095
2.07199
1.84944
1.65493
1.55605
1.32774
1.26214
1.09928
1.02569
0.942197
0.866131
0.827766
0.782744
0.733513
0.717616
0.696817
0.667436
0.656041
0.653384
0.627915
0.64059
0.650391
0.64619
0.650993
0.681998
0.688785
0.752619
0.761053
0.794457
0.833335
0.88654
0.889782
0.942433
0.975009
1.02535
1.06644
1.06324
1.11371
1.16221
1.18767
1.21918
1.20867
1.22929
1.24347
1.22741
1.23798
1.21081
1.21707
1.1879
1.14571
1.12525
1.11548
1.08255
1.04451
1.02611
0.98253
0.969561
0.947611
0.926369
0.906751
0.906673
0.896064
0.883896
0.876336
0.874884
0.858693
0.880255
0.883311
0.874154
0.872734
0.913245
0.911404
0.928515
0.945658
0.96062
0.962294
0.981476
0.990849
1.013
1.03068
1.04756
1.05299
1.05376
1.06507
1.05716
1.07067
1.0816
1.06334
1.08165
1.06961
1.0719
1.05025
1.06739
1.06279
1.04861
1.02967
1.02105
1.02356
1.01594
1.00707
0.985336
0.987249
0.977225
0.972005
0.964634
0.967427
0.95596
0.960072
0.953749
0.954666
0.959806
0.958134
0.960136
0.95567
0.962978
0.961672
0.963445
0.991664
0.97151
0.985584
0.999964
0.991836
1.01451
1.00126
1.00901
1.03011
1.01456
1.01153
1.03321
1.02419
1.03495
1.01964
1.02472
1.02094
1.02159
1.03161
1.01801
1.02818
1.03209
1.02008
1.00845
1.00071
1.00502
1.00571
0.99484
0.996277
0.991938
0.983553
0.989837
0.977974
0.987122
0.985198
0.977753
0.978524
0.983716
0.986018
0.982928
0.990852
0.982771
0.988325
0.981554
0.992919
1.00107
1.00505
0.993367
0.999318
1.00435
0.99635
0.996944
1.0041
1.00391
1.01443
1.00899
1.01032
1.01165
1.01209
1.0194
1.00836
1.00325
1.01122
1.01728
1.00788
1.00718
1.00533
1.00623
1.00431
0.997836
1.00063
0.997528
1.00145
0.997885
0.992335
0.991644
0.990425
0.994162
0.992781
1.00317
0.986725
0.972399
0.959579
0.953262
0.940947
0.930015
0.922385
0.904868
0.901469
0.888271
0.882373
0.867812
0.860274
0.843427
0.838612
0.824432
0.814755
0.802475
0.791059
0.786363
0.774673
0.766116
0.754288
0.750445
0.737079
0.726588
0.710946
0.705909
0.69636
0.684726
0.676452
0.661637
0.652836
0.647087
0.64015
0.626887
0.62293
0.604632
0.599014
0.587762
0.580716
0.575123
0.563175
0.555891
0.541411
0.538128
0.527727
0.519094
0.511692
0.500552
0.492643
0.485397
0.477247
0.466764
0.462985
0.452935
0.448894
0.441129
0.431648
0.423068
0.415663
0.407996
0.400918
0.392737
0.388312
0.380648
0.37214
0.364263
0.354625
0.350041
0.338244
0.329936
0.325732
0.319919
0.315126
0.304733
0.297289
0.289662
0.283384
0.274301
0.270339
0.261877
0.254941
0.250472
0.242656
0.234257
0.22677
0.224843
0.214193
0.208894
0.201337
0.195818
0.188325
0.185308
0.177654
0.169203
0.163869
0.15829
0.150904
0.143145
0.140394
0.134411
0.126397
0.120572
0.115872
0.110263
0.107853
0.103179
0.0983788
0.0943149
0.0895597
0.0866748
0.082859
0.0799194
0.0772504
0.0738945
0.0705296
0.0659629
0.0651072
0.0623874
0.059341
0.0565281
0.053465
0.0517388
0.0501224
0.0458628
0.0447493
0.0429699
0.0399936
0.0395759
0.0372452
0.0361139
0.0343207
0.0315245
0.0303381
0.0296119
0.0277542
0.0260742
0.0250175
0.0230534
0.0226028
0.0210986
0.0196934
0.0188225
0.0177493
0.0165786
0.0155713
0.0141081
0.0140248
0.0128079
0.0115223
0.0117242
0.0101617
0.00968372
0.00893677
0.00819705
0.00747052
0.00678695
0.00661666
0.00570054
0.00544848
0.00464074
0.00446043
0.00368259
0.00328851
0.00308832
0.00274093
0.00240253
0.00223772
0.0017353
0.00151891
0.00110299
0.00105319
0.000904026
0.00075073
0.000543921
0.000349979
0.000304801
0.000146272
0.000156377
7.51418e-05
1.60273e-05
5.31775e-06
0
0
0
0
0
0
0
0
0
0
0
0
0
0
0
0
0
0
0
0
0
0
0
0
0
0
0
0
0
0
0
0
0
0
0
0
0
0
0
0
0
0
0
0
0
0
0
0
0
0
0
0
0
0
0
0
0
0
0
0
0
0
0
0
0
0
0
