-0.0164242
-0.0616132
0.0534339
0.0659011
0.0681475
-0.10604
0.00604447
0.020441
0.036831
-0.101692
-0.0458359
0.0669369
0.0543679
-0.00191119
0.118009
0.110564
0.0808062
-0.0693923
0.0821643
-0.100386
0.023701
0.0846729
0.000300252
-0.039173
0.0632606
0.0180855
-0.0101955
0.0146013
0.11835
-0.019661
0.0759093
-0.00864266
0.0761925
-0.0841926
0.0617043
0.0450798
0.164232
0.0791047
-0.0334466
-0.0727823
-0.0128292
0.0221912
-0.0526556
0.0455186
0.0690397
0.0570055
0.0359074
-0.00211737
0.0557933
-0.0277341
0.0306243
0.044307
0.051218
0.0885946
-0.0515378
-0.00132768
0.0987637
0.00363356
0.0284308
-0.098004
