0.0810043
0.0681185
0.0794455
0.073439
0.0695953
0.0699229
0.0704582
0.0724185
0.0731582
0.0720101
0.0700842
0.0682462
0.0823831
0.071147
0.0741593
0.0693549
0.0821961
0.0743161
0.0707655
0.0781593
0.0866107
0.0785543
0.0787616
0.0723498
0.0715971
0.0851845
0.0712529
0.0721215
0.0760483
0.0675519
0.0771555
0.0786852
0.0719265
0.0718295
0.0707185
0.0708255
0.0757697
0.0706299
0.0692304
0.0692342
0.0676852
0.0684169
0.0740419
0.077548
0.0803687
0.0707994
0.0669553
0.0668709
0.069885
0.0708241
0.0769236
0.0693264
0.0862208
0.0747012
0.0673635
0.0747285
0.0666127
0.0740147
0.0803944
0.0717255
0.0711646
0.0703614
0.0668959
0.0683407
0.0703597
0.0685481
0.0744743
0.0784709
0.0748228
0.0700293
0.0728015
0.0837395
0.0725454
0.0777908
0.0696475
0.0727355
0.0721655
0.0699464
0.0726669
0.0731867
0.0736077
0.0694546
0.0771094
0.0701175
0.0726386
0.0771507
0.0721956
0.0740059
0.092962
0.0702376
0.0686084
0.0760415
0.0720687
0.0697264
0.0745161
0.0714001
0.068251
0.0698406
0.0662987
0.069729
0.0747718
0.0841528
0.0707054
0.0770963
0.0710137
0.0677855
0.0731828
0.0754966
0.083086
0.0828678
0.073108
0.0702496
0.0783865
0.0668681
0.0827865
0.0748071
0.075754
0.0780096
0.0757985
0.0722464
0.0750488
0.0785897
0.0783945
0.0765681
0.078099
0.0784037
0.0685244
0.0717207
0.0780817
0.0822094
0.0700618
0.068903
0.0857681
0.0751628
0.0743312
0.0812876
0.078735
0.0707527
0.0674955
0.0730704
0.0769486
0.0722193
0.0667569
0.077093
0.0691414
0.0718011
0.0695525
0.0779254
0.0754495
0.0711184
0.0787262
0.0741967
0.0665025
0.0862515
0.06625
0.0675328
0.0802233
0.0696124
0.0794946
0.0689673
0.0769649
0.0663017
0.0686324
0.07502
0.0681061
0.0729492
0.0666202
0.0806477
0.0735934
0.0711782
0.0775987
0.0808225
0.0720867
0.0744721
0.0759919
0.0817631
0.0750452
0.0775415
0.0702353
0.0814784
0.0729442
0.0671755
0.0734752
0.0876561
0.0682171
0.0767147
0.0681052
0.0742262
0.06625
0.0752321
0.0722084
0.0765614
0.0676579
0.0739418
0.0746238
0.0703776
0.0751772
0.070073
0.072353
0.0766955
0.067183
0.0793081
0.0816644
0.0750444
0.0701092
0.0715027
0.0712726
0.0755745
0.0674285
0.0788233
0.0789291
0.0969135
0.0747599
0.0678595
0.0736278
0.0668591
0.0707219
0.073252
0.0915812
0.06625
0.0757761
0.0752081
0.0723203
0.0677738
0.0809003
0.0746087
0.0729322
0.0691277
0.0808139
0.0673816
0.0713839
0.0690355
0.0756761
0.0807704
0.0834171
0.0678571
0.0695069
0.076559
0.0675018
0.0756281
0.0697045
0.0689159
0.0763543
0.0834498
0.0730981
0.0725267
0.0721115
0.0707931
0.0690053
0.0762641
0.0678087
0.0712382
0.0844313
0.0664627
0.0681717
0.0790522
0.0699365
0.0762188
0.0876082
0.0702559
0.0816365
0.0663979
0.06625
0.0753585
0.0712584
0.0746222
0.0711499
0.0679627
0.0702832
0.079619
0.0703499
0.0772762
0.0769119
0.0759114
0.0715496
0.0751993
0.0728567
0.0689155
0.0777027
0.105317
0.0671856
0.0720354
0.0675027
0.0719896
0.0757425
0.0722678
0.0672395
0.0743275
0.071309
0.0747995
0.0728722
0.0736254
0.066503
0.0695409
0.0845026
0.0667244
0.0795366
0.0719791
0.0744593
0.0758411
0.0706123
0.0709768
0.0778332
0.0681246
0.0708543
0.0721437
0.0813967
0.0720867
0.0823761
0.0729733
0.0734603
0.0708445
0.0695105
0.0773241
0.0735177
0.0664662
0.0806491
0.0687945
0.0733324
0.0681061
0.0727456
0.0749267
0.0673892
0.0668157
0.0766327
0.0685407
0.0761543
0.0721286
0.0700244
0.0850464
0.0703447
0.0732512
0.0700133
0.0686159
0.07056
0.0666697
0.0703279
0.0691512
0.0710407
0.0826408
0.0832727
0.0745496
0.0683366
0.0718871
0.0745573
0.0713037
0.0680198
0.0683921
0.0671052
0.0736155
0.083945
0.0756787
0.073914
0.0683539
0.0806843
0.0690376
0.0807413
0.0691706
0.06625
0.0769456
0.0672482
0.0697778
0.0781324
0.0722125
0.083076
0.0710901
0.0785589
0.0895714
0.0716607
0.0749567
0.0675794
0.0707237
0.0752701
0.0763927
0.0699735
0.0818271
0.0704454
0.0676502
0.0744702
0.0751699
0.0672162
0.078175
0.0827356
0.0713432
0.0729509
0.0846044
0.0665095
0.0822317
0.0670221
0.0746423
0.0708142
0.0711754
0.0795103
0.0703928
0.0787329
0.0729116
0.0801592
0.0794087
0.077596
0.0788428
0.0697429
0.0802068
0.0672199
0.0754666
0.0796995
0.0842826
0.07186
0.0743776
0.0772112
0.0761379
0.0686223
0.0737944
0.0721825
0.0720126
0.0671859
0.0704029
0.066778
0.0708171
0.0723372
0.0850908
0.0710645
0.0670353
0.0705453
0.0759247
0.0718088
0.0701152
0.0787454
0.0756069
0.0684083
0.0701348
0.0731204
0.0814193
0.0704496
0.0725579
0.0730049
0.0764774
0.0670591
0.0819266
0.073085
0.0738151
0.0674929
0.072351
0.0689852
0.0763312
0.077429
0.0868268
0.0698345
0.0677201
0.0689077
0.0689082
0.0692597
0.0679462
0.069313
0.0723405
0.0724546
0.0680374
0.0736707
0.0708011
0.0704573
0.070204
0.0757425
0.0806417
0.0730877
0.0781409
0.0688246
0.0752239
0.0721015
0.0689988
0.0667479
0.0733708
0.0703888
0.0682016
0.0798797
0.0737596
0.0689655
0.0810627
0.0849122
0.0725449
0.075195
0.076928
0.0710311
0.0669454
0.06625
0.0691156
0.0708176
0.0728425
0.073587
0.0685948
0.0685421
0.072187
0.0792771
0.068121
0.0705123
0.0729112
0.0684613
0.0666454
0.0874342
0.0717243
0.0698625
0.0711434
0.0692308
0.0681422
0.0827066
0.0749207
0.0725861
0.0728106
0.0744094
0.0704155
0.0796719
0.0887016
0.0753506
0.0683483
0.0779068
0.0772938
0.0712483
0.0730504
0.0762383
0.0706738
0.0696915
0.0761966
0.078287
0.0734535
0.0857953
0.0728459
0.0865803
0.0693647
0.067492
0.0721945
0.0703808
0.0749929
0.070796
0.0736997
0.0787187
0.078787
0.0807196
0.0682193
0.0682652
0.0731197
0.0700434
0.0690024
0.0674498
0.0796984
0.0746408
0.0688048
0.0742388
0.06625
0.076612
0.0801989
0.0697872
0.0792208
0.076138
0.0742645
0.0741469
0.0692148
0.0961782
0.069616
0.0846512
0.070589
0.0715266
0.0729997
0.0795821
0.069046
0.0692027
0.0700194
0.0712589
0.0726257
0.0815736
0.0751318
0.0776202
0.0737677
0.0675018
0.0720477
0.0723551
0.0785443
0.0677204
0.0670124
0.0681935
0.0693509
0.0764711
0.0782918
0.0851376
0.0695115
0.0760631
0.0683685
0.0826301
0.0790646
0.0757985
0.0669582
0.0738561
0.0767828
0.0690758
0.0818883
0.0768057
0.06625
0.0700064
0.0699919
0.0708548
0.0729673
0.0745908
0.0737082
0.0754362
0.0799583
0.0801808
0.0906619
0.0780933
0.0738268
0.0721579
0.0699361
0.0822827
0.0692654
0.0796822
0.0756707
0.0685601
0.0669904
0.0779374
0.0721846
0.070738
0.0675794
0.0783421
0.0740997
0.066627
0.0727152
0.067911
0.0752894
0.0671049
0.0768882
0.0936926
0.0695522
0.0818814
0.0792031
0.0700284
0.0681414
0.0787293
0.0789479
0.0701342
0.077009
0.0699875
0.0732006
0.0749418
0.0727586
0.0803903
0.0711054
0.0754792
0.0716552
0.0680846
0.0718301
0.090521
0.0703137
0.0683666
0.0705132
0.0761389
0.0764704
0.079592
0.074867
0.0734195
0.0814323
0.079402
0.06625
0.0678271
0.0755762
0.0667858
0.0733573
0.0750909
0.0735835
0.0665976
0.0864719
0.0708453
0.0762816
0.0732604
0.0720606
0.0817984
0.068249
0.069061
0.0737342
0.0718273
0.0680902
0.0745622
0.066568
0.0818712
0.0830002
0.0682462
0.06625
0.0807091
0.0712003
0.0734267
0.0801697
0.0738213
0.0779449
0.0809963
0.0705057
0.0679138
0.0837687
0.0736439
0.073258
0.0752038
0.0681772
0.0730019
0.070007
0.0717274
0.074118
0.0667936
0.0772359
0.074019
0.0723476
0.0724744
0.0705012
0.0699408
0.0678193
0.0838335
0.0702573
0.0729483
0.0693111
0.0779109
0.0693574
0.0705727
0.0690143
0.0686184
0.0737094
0.0730443
0.0868466
0.0699284
0.0816737
0.06631
0.0742385
0.0720243
0.0667384
0.0687807
0.0766105
0.0798926
0.0737347
0.0703738
0.0705294
0.0727685
0.0710352
0.0708099
0.0691178
0.0668292
0.0857113
0.0774452
0.0756656
0.0717515
0.0687444
0.0694205
0.0860884
0.0742617
0.0762682
0.0726765
0.0741528
0.101672
0.0725289
0.0813941
0.0689588
0.0739835
0.0779879
0.0738032
0.0937301
0.0713103
0.0694132
0.0686568
0.07341
0.067793
0.0690559
0.0700145
0.0731896
0.0716576
0.070096
0.0767304
0.0684525
0.0773315
0.0680576
0.079238
0.0808215
0.0702133
0.0691854
0.0688062
0.078514
0.0674549
0.0697167
0.0735658
0.0745474
0.0704994
0.0822771
0.0794
0.0736443
0.0707262
0.0900819
0.0731322
0.0754406
0.0704244
0.0708596
0.0717524
0.0704198
0.0704713
0.0785051
0.0734405
0.0693078
0.0709881
0.073004
0.0696138
0.0728512
0.0678867
0.0748935
0.0817194
0.0771938
0.0761645
0.0749819
0.0675725
0.0723461
0.0691501
0.0720879
0.0752037
0.0784155
0.06848
0.0680775
0.0693693
0.0792738
0.0687004
0.0685837
0.0919883
0.0729422
0.06625
0.0769864
0.0677332
0.090051
0.0676233
0.0757948
0.0778488
0.0775441
0.0773228
0.0752965
0.0829118
0.0694372
0.0667842
0.0722859
0.0758787
0.0755788
0.0777206
0.0677384
0.0806365
0.0789283
0.0769962
0.066589
0.073212
0.0700061
0.0677846
0.068845
0.0764392
0.0709521
0.07441
0.093561
0.0825536
0.0777133
0.0679387
0.0809116
0.0764001
0.0764928
0.0723011
0.0776556
0.0787958
0.0765683
0.0671896
0.0692775
0.074128
0.0717226
0.0703452
0.0813096
0.0707339
0.0688292
0.0743202
0.0791453
0.0691022
0.0745113
0.0674638
0.0700052
0.0702508
0.0694203
0.0806554
0.0722279
0.07756
0.0670624
0.0775832
0.080589
0.071595
0.0703857
0.0667733
0.0738023
0.0789389
0.0739494
0.0691749
0.0663317
0.0746972
0.0815142
0.0753549
0.0679335
0.0833209
0.0748608
0.0697959
0.0705125
0.06625
0.0748097
0.0683079
0.0721246
0.0785513
0.0677627
0.0718683
0.0665392
0.0912591
0.0677454
0.0735261
0.0700906
0.0721057
0.0774341
0.0691667
0.0723518
0.0758339
0.0683164
0.0677832
0.0749119
0.0691662
0.0708023
0.0846978
0.0682707
0.0757996
0.066653
0.0768188
0.0683404
0.0732087
0.066735
0.0779328
0.0786917
0.068393
0.06625
0.0690885
0.0689243
0.0741315
0.0713392
0.0764744
0.0679341
0.0689894
0.0776536
0.0700371
0.0732249
0.0864073
0.0765442
0.0715682
0.075496
0.0668323
0.0737401
0.0811072
0.0681336
0.0737863
0.0745758
0.0675894
0.0740636
0.0708904
0.0754851
0.0685896
0.0741543
0.0706132
0.0677204
0.070524
0.0750966
0.0692358
0.0728935
0.0687975
0.0681273
0.0689258
0.0738589
0.0732539
0.0677019
0.0879923
0.0717354
0.0799691
0.0777977
0.0671444
0.0777197
0.0783325
0.071228
0.0733228
0.06625
0.0745987
0.0751426
0.0709557
0.0909024
0.0705622
0.0810905
0.0686498
0.0767492
0.0726889
0.0796741
0.0791608
0.0788883
0.0855812
0.0780004
0.0723774
0.0819034
0.0705608
0.0730171
0.0665902
0.0808922
