0
0
0
0
0
0
0
0
0
0
0
0
0
0
0
0
0
0
0
0
0
0
0
0
0
0
0
0
0
0
0
0
0
0
0
0.00631442
0.0258837
0.111291
0.322122
0.595035
0.882981
1.05657
1.29967
1.27705
1.30067
1.24797
1.28811
1.25325
1.2427
1.24388
1.1639
1.13314
1.19914
1.14917
1.09845
1.10314
1.07358
1.09513
1.03243
1.04747
1.0327
1.05549
0.995504
0.975579
1.03483
1.00656
0.982516
0.997284
0.996644
0.964326
0.962247
0.940189
0.995176
0.927035
0.95871
0.963264
0.991276
1.00517
0.984455
1.00014
0.993452
0.977209
1.0016
0.973948
0.969979
0.989514
0.958968
0.97182
0.984526
1.0259
1.00659
0.979956
0.948342
1.0025
0.996547
1.01214
0.999534
1.0023
1.00283
0.982502
0.995613
1.02501
1.00991
0.98999
1.03307
0.988083
1.01756
1.00767
0.99819
0.998624
0.974549
1.02393
0.990088
1.01719
1.00922
1.00792
0.97584
1.00445
1.00174
0.993215
0.991413
0.99834
1.02453
0.999833
0.991879
0.975966
0.993418
1.00368
1.00193
0.990631
1.00619
0.98573
1.01367
1.01446
1.0075
0.987192
0.977052
0.994881
0.971301
0.979098
1.00767
1.01839
0.999964
1.02408
0.98683
1.00915
1.00345
0.997084
0.998256
1.00773
1.01593
0.987311
1.00703
1.01095
0.999014
1.00573
1.00278
0.99404
1.00434
0.998567
0.995121
0.998497
0.999506
1.00538
1.00829
0.995072
0.988131
0.976179
1.00854
0.986793
1.00326
1.00756
1.00857
0.99927
1.00501
1.00358
0.983386
0.997005
0.984866
0.97771
1.01323
1.01901
1.00047
1.02016
1.00087
0.994962
0.997819
0.992033
0.997287
1.01057
0.984058
1.00925
1.01225
0.993313
1.00248
1.00398
0.997013
0.991907
1.00213
1.01044
0.995108
1.00237
0.986675
0.99372
0.995886
1.01254
0.995599
1.00137
0.986414
1.00083
1.01152
0.985907
0.996211
0.999412
0.998071
1.00425
0.993525
0.993662
1.00753
1.00438
0.998941
0.995997
1.00132
1.00703
0.999976
0.993162
0.991288
0.996994
0.996924
0.997723
1.00985
1.00169
1.00482
0.999007
0.999333
0.998373
0.993362
0.999969
1.00517
0.998275
1.01177
0.990678
0.99132
1.00212
0.999795
1.00773
0.990927
0.995884
0.99523
1.01411
0.992844
0.985635
0.967318
0.958504
0.948898
0.937543
0.937222
0.898593
0.899831
0.884834
0.877468
0.8653
0.848326
0.852214
0.826294
0.827269
0.813677
0.803675
0.796964
0.78277
0.767822
0.755375
0.748769
0.744757
0.728639
0.719305
0.711891
0.699812
0.697052
0.682532
0.674741
0.661185
0.649666
0.647203
0.632928
0.632537
0.614976
0.617317
0.606862
0.590745
0.585553
0.571116
0.560738
0.563082
0.540914
0.5317
0.524257
0.525174
0.513445
0.506355
0.497938
0.486236
0.475896
0.474493
0.459852
0.45534
0.448703
0.437289
0.426683
0.421964
0.419993
0.407569
0.399532
0.391536
0.388299
0.373796
0.369002
0.358471
0.351386
0.346591
0.343089
0.329205
0.328008
0.320432
0.311482
0.30534
0.297974
0.288737
0.284819
0.280112
0.269945
0.263515
0.258525
0.247891
0.245557
0.234433
0.227818
0.223676
0.218004
0.207562
0.20488
0.195335
0.187209
0.181781
0.176458
0.168905
0.16316
0.157302
0.153452
0.142955
0.139398
0.133904
0.12768
0.121143
0.117505
0.10994
0.105129
0.104085
0.0961162
0.0925447
0.0886846
0.0885194
0.0824401
0.0799997
0.076866
0.0717997
0.0689597
0.0664441
0.063271
0.062249
0.060155
0.056026
0.0535845
0.052005
0.0508954
0.0471068
0.0442932
0.0430723
0.040401
0.0399305
0.0373024
0.0361412
0.0319819
0.0322843
0.0306094
0.0293977
0.0283224
0.0265336
0.0250966
0.0230621
0.0222135
0.0208022
0.0189401
0.0189296
0.0174873
0.0175346
0.0151516
0.0142361
0.0141814
0.0126479
0.0122541
0.0111071
0.0100041
0.00951469
0.00894893
0.00884031
0.00764108
0.0068209
0.00640604
0.00582115
0.00519465
0.0046055
0.00433377
0.00386293
0.00390607
0.00314978
0.00270653
0.00249574
0.00204462
0.00167312
0.00154516
0.00126909
0.000861873
0.00073949
0.000721289
0.000336975
0.000349979
0.000391887
0.00026004
0.000100656
5.72509e-05
5.69859e-05
0
0
0
0
0
0
0
0
0
0
0
0
0
0
0
0
0
0
0
0
0
0
0
0
0
0
0
0
0
0
0
0
0
0
0
0
0
0
0
0
0
0
0
0
0
0
0
0
0
0
0
0
0
0
0
0
0
0
0
0
0
0
0
0
0
0
0
0
