0
0
0
0
0
0
0
0
0
0
0
0
0
0
0
0
0
0
0
0
0
0
0
0
0
0
0
0
0
0
0
0
0
0
0
0
0
0
0
0
0
0.000577569
0.00715922
0.0636073
0.27929
0.639041
1.23888
1.8477
2.35713
2.63188
2.70732
2.66396
2.47358
2.33923
2.09443
1.90208
1.70572
1.55003
1.34286
1.21746
1.10227
1.02385
0.936086
0.887593
0.832548
0.798279
0.729239
0.701679
0.67901
0.668466
0.641831
0.635094
0.622616
0.631751
0.651646
0.638162
0.653712
0.669411
0.702183
0.732946
0.753532
0.788317
0.815505
0.878693
0.893683
0.938079
0.980992
0.998064
1.06073
1.09577
1.13156
1.1419
1.17419
1.19768
1.22248
1.23268
1.23386
1.25147
1.23962
1.23121
1.20939
1.19572
1.17591
1.14448
1.11147
1.08666
1.05924
1.01372
1.00146
0.973792
0.95258
0.920848
0.905886
0.899955
0.896899
0.881137
0.877142
0.875965
0.850405
0.866672
0.869953
0.866607
0.883671
0.892897
0.907939
0.913548
0.944042
0.949912
0.967354
0.982781
1.00878
1.01018
1.02071
1.03751
1.03627
1.04921
1.06523
1.06763
1.08073
1.09474
1.08249
1.07469
1.09194
1.07117
1.06602
1.04677
1.05408
1.04491
1.03445
1.0296
1.01407
1.00923
1.0125
0.992935
0.992874
0.975127
0.981996
0.971771
0.967625
0.966987
0.956171
0.956266
0.954666
0.947191
0.95284
0.947498
0.971494
0.961205
0.946747
0.971374
0.965419
0.970765
0.990732
0.988068
0.993469
1.00001
1.00783
1.01943
1.02871
1.01382
1.01758
1.02291
1.03942
1.03397
1.03323
1.03325
1.03472
1.01953
1.0182
1.01864
1.01713
1.02246
1.01721
1.0187
1.01278
1.00445
0.999169
0.995426
0.997817
0.990688
0.990184
0.987657
0.993451
0.983663
0.984865
0.993605
0.97885
0.97355
0.979245
0.975607
0.987394
0.982349
0.994096
0.980812
0.985503
0.994542
0.989726
1.00079
1.00128
1.00555
1.00474
1.00641
1.00597
0.999154
1.00367
1.00639
1.0124
1.0094
1.01293
1.01009
1.00887
1.00836
1.00923
1.01024
1.01058
1.01152
1.01147
1.00727
1.00267
1.006
0.999254
1.00073
0.994951
0.997063
1.00605
0.994318
0.999134
0.99335
0.991831
0.996568
0.985742
0.973075
0.963214
0.947457
0.937338
0.927669
0.919044
0.910329
0.898298
0.887917
0.875044
0.868248
0.853504
0.844631
0.837105
0.823797
0.823383
0.806632
0.802
0.783761
0.771764
0.763701
0.749345
0.750046
0.73638
0.728239
0.716306
0.70596
0.691832
0.680435
0.678753
0.662478
0.656251
0.643944
0.639117
0.630133
0.617731
0.610096
0.601249
0.592521
0.581435
0.573402
0.55735
0.549483
0.550001
0.535041
0.52784
0.520679
0.510062
0.503745
0.494064
0.483154
0.479824
0.471343
0.466697
0.452754
0.443938
0.437963
0.430561
0.420005
0.413724
0.409155
0.402425
0.39049
0.383736
0.379439
0.369647
0.361254
0.357822
0.347683
0.341595
0.33726
0.323226
0.318702
0.313057
0.304301
0.296039
0.292676
0.282343
0.276554
0.268955
0.264248
0.253619
0.247843
0.244887
0.233762
0.230178
0.223157
0.214219
0.20766
0.20265
0.195528
0.189936
0.184136
0.176975
0.169469
0.165154
0.157236
0.14943
0.14606
0.141641
0.133952
0.128118
0.122053
0.117242
0.111294
0.106068
0.102642
0.0975507
0.0927679
0.0892612
0.0857538
0.082859
0.0806195
0.0768311
0.0729935
0.0691596
0.0660733
0.0638986
0.0600196
0.0596598
0.0573138
0.0543827
0.0508974
0.0502288
0.0477464
0.0462791
0.0437447
0.0406116
0.0398522
0.0369085
0.0363394
0.0335117
0.0314637
0.0310311
0.029043
0.0276876
0.0267698
0.0246155
0.0231386
0.0221918
0.0208909
0.0200421
0.0184371
0.0176662
0.0164324
0.015217
0.015065
0.0136114
0.0128827
0.011665
0.0113601
0.0107327
0.00977537
0.00863887
0.0082636
0.00765111
0.00701458
0.00621728
0.00573613
0.00541306
0.00456438
0.00417983
0.0038513
0.00360115
0.00292699
0.00284415
0.00236259
0.00190831
0.00181443
0.00159767
0.00124856
0.000986325
0.000798649
0.000695529
0.000516451
0.000448411
0.000299358
0.000162525
0.000129415
4.29382e-05
3.7397e-05
0
0
0
0
0
0
0
0
0
0
0
0
0
0
0
0
0
0
0
0
0
0
0
0
0
0
0
0
0
0
0
0
0
0
0
0
0
0
0
0
0
0
0
0
0
0
0
0
0
0
0
0
0
0
0
0
0
0
0
0
0
0
0
0
0
0
0
0
