0.0533756
0.0543966
0.0520547
0.0642822
0.0747178
0.0574046
0.0476179
0.0613111
0.0570472
0.062417
0.0557191
0.0614805
0.0563436
0.0484959
0.0520378
0.0701538
0.0692633
0.0490575
0.0544569
0.0623888
0.0572242
0.0491676
0.0558947
0.0679157
0.0629698
0.0544206
0.0484368
0.053686
0.0553584
0.0494677
0.0528392
0.0707896
0.050063
0.0624204
0.0588675
0.0556109
0.0532241
0.0473097
0.066184
0.0558504
0.0686216
0.0513121
0.0634948
0.0551927
0.0584384
0.0538474
0.0484679
0.0604608
0.0466689
0.0639892
0.0575958
0.0590115
0.0775108
0.0544804
0.057444
0.0574846
0.077844
0.0618987
0.0608703
0.0590596
0.0716286
0.0728202
0.0692562
0.0546707
0.0671403
0.0604398
0.0697957
0.056568
0.0625136
0.0439939
0.0636022
0.0714908
0.0555283
0.0662244
0.0536477
0.0514266
0.0539372
0.0453185
0.0671534
0.0737432
0.0569813
0.0611243
0.0727459
0.0601484
0.0602942
0.0486917
0.0658997
0.059233
0.0661307
0.0665965
0.0713303
0.0791816
0.06717
0.0568016
0.0590292
0.0658057
0.0838501
0.0650482
0.0620559
0.0740006
0.0507475
0.0659945
0.0572947
0.051217
0.0653337
0.0498698
0.0576663
0.0495879
0.044553
0.0485494
0.0540906
0.0504816
0.0478595
0.0814264
0.0690071
0.0588583
0.0639595
0.0611766
0.0485071
0.0674535
0.0590444
0.060336
0.049332
0.0573315
0.0539046
0.0747623
0.0500722
0.0496814
0.0650105
0.080163
0.0439844
0.0516657
0.0612985
0.0720139
0.0446468
0.0561769
0.0587091
0.0589305
0.0614759
0.0602574
0.0473776
0.0528367
0.0769058
0.0607117
0.0530381
0.0512372
0.0617688
0.0489488
0.0541005
0.0654838
0.0458046
0.0623538
0.052069
0.059389
0.0513727
0.043052
0.0608995
0.0414556
0.0606461
0.047146
0.083742
0.0655149
0.0610449
0.0624358
0.0475029
0.0601206
0.0427227
0.0556618
0.046708
0.0521093
0.056127
0.0572387
0.054708
0.0481822
0.0640383
0.0521827
0.0498137
0.0538957
0.0537474
0.0596468
0.0544241
0.0477157
0.0560116
0.0680953
0.0464778
0.0507153
0.0530637
0.0581192
0.0620717
0.0505967
0.0472663
0.0623031
0.0566279
0.0434402
0.0456443
0.0579243
0.0628575
0.0480636
0.0552404
0.0561338
0.0665813
0.0550512
0.0624201
0.0858331
0.0595574
0.0575051
0.0760669
0.0508763
0.061478
0.0578855
0.0675869
0.0533415
0.0552613
0.0588071
0.0573934
0.0612556
0.0581969
0.0480171
0.0633082
0.0509096
0.0544104
0.0527708
0.0534371
0.0632275
0.0551568
0.0599935
0.0530352
0.0777127
0.0453824
0.0507383
0.0482898
0.0795485
0.0575718
0.0607761
0.0632893
0.0888425
0.0704753
0.0477891
0.0569078
0.0636541
0.0549872
0.0681134
0.0504911
0.0443118
0.0668459
0.0551184
0.0528448
0.0656985
0.0480617
0.0531425
0.0503597
0.0470686
0.0462259
0.048758
0.0469071
0.0490626
0.0568257
0.0536491
0.0441492
0.0566483
0.0461343
0.0561421
0.0532443
0.0481241
0.0769086
0.0452785
0.047119
0.0548522
0.0627425
0.0501446
0.0536262
0.0550901
0.051531
0.0640699
0.0562274
0.0599105
0.050425
0.0641713
0.0668017
0.0490487
0.0528202
0.0538069
0.0648835
0.0633485
0.0630311
0.0562915
0.0715389
0.0706413
0.056587
0.0564771
0.0515951
0.0600373
0.0478392
0.0483269
0.049399
0.0699545
0.0593415
0.0593302
0.0505571
0.0525464
0.0621435
0.0618701
0.0636423
0.051257
0.0425958
0.0612992
0.0420438
0.0513881
0.0502136
0.0705111
0.062078
0.0470245
0.0659367
0.0474272
0.0503422
0.0563343
0.047476
0.067121
0.0539859
0.0606064
0.0428583
0.0523663
0.0657146
0.0528
0.045665
0.0540519
0.0515714
0.05529
0.0543914
0.0622632
0.0538591
0.0460839
0.0660008
0.080371
0.0566552
0.0471434
0.0508444
0.0566155
0.0591207
0.0842796
0.0492909
0.0637807
0.0659613
0.0569979
0.0628695
0.0628841
0.0477593
0.0636772
0.0644011
0.0466567
0.0455145
0.057907
0.0665788
0.0599376
0.0801126
0.062698
0.0576367
0.0556721
0.0496947
0.0565355
0.0624577
0.0516925
0.0573095
0.0683891
0.0461558
0.0682133
0.0551684
0.0417144
0.0618716
0.0764674
0.0646121
0.0535093
0.0597892
0.0548288
0.0574177
0.0446448
0.0570483
0.0573535
0.0609929
0.0555534
0.0579383
0.0530534
0.0536599
0.0509817
0.0571544
0.0596397
0.0735948
0.0606706
0.0337831
0.0574661
0.0474286
0.0539373
0.0486534
0.0768277
0.0597326
0.0552811
0.0708565
0.0659444
0.0827244
0.0454861
0.0620632
0.0487062
0.055962
0.0495666
0.0679016
0.0643598
0.0471684
0.0662482
0.0553196
0.0526798
0.0530567
0.0594106
0.0615426
0.0562561
0.0474536
0.0496339
0.0554886
0.0510728
0.0468318
0.0586672
0.063261
0.0569624
0.0547483
0.0594626
0.0798698
0.050598
0.0652106
0.0610407
0.0574288
0.0497469
0.0577423
0.059659
0.0584795
0.0397415
0.0533079
0.0498084
0.0516309
0.0472726
0.0607359
0.0534798
0.0614511
0.0593092
0.0669363
0.0688253
0.0678929
0.0511061
0.0515134
0.0519834
0.0563396
0.0625962
0.0693403
0.048104
0.0662568
0.0572863
0.0425897
0.0500145
0.0527893
0.0851283
0.0629183
0.0671208
0.0600936
0.0642069
0.057357
0.0635077
0.0632611
0.0427479
0.0626592
0.0675798
0.0832533
0.0742581
0.0559393
0.0556283
0.0444239
0.0567318
0.0615956
0.0693871
0.081075
0.0590368
0.0549271
0.0712371
0.0559339
0.0597089
0.0593403
0.0526445
0.0493478
0.0497571
0.0498126
0.0454086
0.0469322
0.0709038
0.0496869
0.0564808
0.0563884
0.0643942
0.0802566
0.0437478
0.0529294
0.0750534
0.0541245
0.0627905
0.067535
0.0485464
0.0550473
0.0469648
0.060342
0.058067
0.0562172
0.0824467
0.0626856
0.0552069
0.0567499
0.059758
0.0527448
0.0500166
0.0555143
0.066556
0.0563267
0.0597686
0.0501594
0.0531322
0.0504496
0.0578354
0.0625755
0.0474445
0.0591378
0.0564212
0.0536836
0.0524751
0.074204
0.069825
0.0676791
0.057086
0.0636604
0.0599513
0.0443411
0.0643241
0.0615758
0.0609272
0.0585192
0.0450778
0.0392224
0.0754419
0.0512377
0.055761
0.0628755
0.0574227
0.0491284
0.0530545
0.0656272
0.0481443
0.0556195
0.0721358
0.0532897
0.0498086
0.0639766
0.0757274
0.0570575
0.0527016
0.0478492
0.0520818
0.0552544
0.0723454
0.0437364
0.0433186
0.0494115
0.0636897
0.0683325
0.0450519
0.0550447
0.0476586
0.0494116
0.0485289
0.0484141
0.0541337
0.0616786
0.0651251
0.0566544
0.0457794
0.0694585
0.0515892
0.0508506
0.0559361
0.0527656
0.0607043
0.0519942
0.0520049
0.0622726
0.0528328
0.0667343
0.0564393
0.0504616
0.0619139
0.0532895
0.0540159
0.0603167
0.053729
0.0528275
0.0503479
0.0555808
0.0578004
0.0695149
0.0543438
0.0634857
0.0463703
0.0636966
0.0511336
0.0634451
0.0569327
0.0535616
0.0579026
0.0668515
0.0901555
0.0553961
0.0626343
0.0507694
0.0513505
0.0410227
0.0543581
0.0783206
0.0580068
0.0663131
0.0503506
0.0519706
0.0603291
0.0570912
0.0655264
0.068902
0.0486469
0.0701338
0.0747431
0.0525743
0.0538895
0.056034
0.0547864
0.0545512
0.0696655
0.0674616
0.0466234
0.0443289
0.0571698
0.052788
0.0561854
0.0437578
0.0623216
0.0557516
0.0510328
0.0574467
0.0609593
0.0564641
0.0501363
0.0499752
0.0542757
0.0525407
0.054691
0.0488617
0.0624912
0.0516244
0.0503147
0.0555352
0.0466992
0.0528067
0.061369
0.0479153
0.0576657
0.0575051
0.0504065
0.0580964
0.0618985
0.0543736
0.0597846
0.0530727
0.0569901
0.0454595
0.0539305
0.0479911
0.0543295
0.0437974
0.053038
0.0654875
0.0506419
0.0709197
0.0470277
0.0615773
0.0772906
0.0516711
0.0601279
0.0535547
0.0578161
0.0476441
0.0630436
0.0500644
0.0553883
0.0556157
0.0458916
0.0521002
0.049357
0.0713874
0.0700353
0.0514787
0.0664889
0.0654765
0.0613469
0.0630845
0.0695524
0.0691689
0.0631577
0.0605619
0.05334
0.0548941
0.0892172
0.0458325
0.0587702
0.0568224
0.0535134
0.0519501
0.0479168
0.0590856
0.0534173
0.0473862
0.0618766
0.048331
0.0588369
0.0647269
0.0483286
0.065842
0.0567983
0.0519487
0.0497487
0.0494434
0.0626863
0.0688944
0.043485
0.069967
0.058623
0.0633267
0.0526113
0.068219
0.0530123
0.0506475
0.0466756
0.0529597
0.0760534
0.0540923
0.042377
0.0543663
0.065748
0.0532277
0.0536458
0.0720132
0.0447364
0.0533016
0.0588166
0.0585745
0.0563688
0.0681965
0.0578243
0.061318
0.0534856
0.0640967
0.048532
0.0664163
0.0617773
0.0554299
0.0545038
0.0710268
0.0703907
0.0506549
0.0556016
0.0572933
0.0617495
0.0547896
0.0557646
0.0579895
0.0484341
0.0438915
0.0590576
0.0429604
0.0646997
0.0661571
0.058321
0.0522295
0.0580667
0.0460236
0.0501338
0.0558265
0.0618687
0.0591981
0.0501633
0.0467701
0.0880759
0.0514687
0.0426856
0.0495356
0.0490355
0.073035
0.0589802
0.0555974
0.0458992
0.0624761
0.0688807
0.0692072
0.0678146
0.0481552
0.0539397
0.0546837
0.0523217
0.0713544
0.0603217
0.0447841
0.0541549
0.0484389
0.0496247
0.0510631
0.0469342
0.0491839
0.0625485
0.0638508
0.0492883
0.0421949
0.0835456
0.0567704
0.0463183
0.0520262
0.06472
0.0624459
0.082842
0.0711434
0.0648337
0.0585609
0.0642372
0.0555884
0.065609
0.0689868
0.0544276
0.0520455
0.0633504
0.0505607
0.0755976
0.0582877
0.0602394
0.0513904
0.0631294
0.0528245
0.0796642
0.0475607
0.061553
0.0601083
0.0712058
0.0557415
0.0685537
0.0695529
0.0558444
0.056043
0.0600079
0.0599616
0.0579355
0.0609598
0.0639404
0.0736145
0.0925301
0.0512389
0.051259
0.0528084
0.0513745
0.0620558
0.0539152
0.0434648
0.0606024
0.0471416
0.0683918
0.0675114
0.052657
0.0552813
0.0609482
0.0539308
0.0676157
0.0493393
0.0548861
0.0474343
0.0633577
0.0559777
0.0615055
0.0737648
0.0429919
0.0498768
0.0573885
0.0582017
0.0544346
0.0488845
0.0513753
0.0644225
0.0662668
0.0510264
0.0517061
0.052086
0.0554607
0.047147
0.0775749
0.0508301
0.0568254
0.0816127
0.0699151
0.0576974
0.0500847
0.0687875
0.0593155
0.0468603
0.0498755
0.0640473
0.0448778
0.0501749
0.0563551
0.055474
0.0477354
0.0461363
0.044455
0.052823
0.0555635
0.0733735
0.0869785
0.0545796
0.0694035
0.0518478
0.0652641
0.0540909
0.0521384
0.0566667
0.0446644
0.0903416
0.0585792
0.0683831
0.0587593
0.0442569
0.0455711
0.075376
0.0596887
0.0509029
0.0669501
0.0584419
0.0522723
0.0695672
0.0528525
0.0514028
0.0491991
0.0694326
0.0579774
0.0720033
0.0568368
0.0467335
0.0626894
0.0483889
0.051273
0.0527464
0.0427989
0.0598254
0.0503903
0.068563
0.0580201
0.0667674
0.0555603
0.044571
0.0514392
0.0635812
0.0524749
0.0548667
0.047604
0.0599758
0.0658315
0.0536857
0.0457074
0.05308
0.0543263
0.0569651
0.0623656
0.0494008
0.053303
0.0573617
0.0668165
0.057478
0.0568839
0.0654832
0.0555067
0.0772246
0.087484
0.0595941
0.0486812
0.0468183
0.0504078
0.0666844
0.0541865
0.0596991
0.0480806
0.0606414
0.0641935
0.0589109
0.0690482
0.0529289
0.0647411
0.0480277
0.0420537
