0
0
0
0
0
0
0
0
0
0
0
0
0
0
0
0
0
0
0
0
0
0
0
0
0
0
0
0
0
0
0
0
0
0
0
0.00315721
0.0179195
0.106103
0.46305
0.91933
1.62284
2.10582
2.43854
2.65469
2.71654
2.69454
2.66178
2.42303
2.30385
2.19384
2.03449
1.91574
1.69765
1.7022
1.63361
1.57463
1.52437
1.44894
1.39053
1.3779
1.30446
1.29815
1.23657
1.24332
1.22563
1.20055
1.17776
1.18198
1.15875
1.13965
1.13917
1.1157
1.09308
1.11178
1.07712
1.08158
1.10312
1.05562
1.09928
1.11933
1.09937
1.10221
1.10225
1.08028
1.08245
1.12422
1.09492
1.04717
1.10086
1.07019
1.0593
1.06265
1.09095
1.03542
1.0535
1.0658
1.0684
1.05434
1.07056
1.01841
1.05319
1.05166
1.04109
1.03667
1.01073
1.0392
1.04065
1.04118
1.01244
1.00814
1.00073
1.01438
1.00036
1.0018
1.01033
1.00946
1.00437
1.01761
1.00674
1.00041
1.00347
0.995914
0.993641
0.999398
1.00818
1.0283
1.00552
0.991766
0.987715
0.990907
1.00031
1.00379
1.00604
1.00163
0.992835
0.988529
0.99321
0.987234
1.00269
0.994501
0.980193
0.983578
0.995392
0.968042
0.985274
0.996116
0.995078
0.990135
0.99606
0.994707
0.991458
1.00234
0.973749
0.991246
0.989957
0.975291
1.00835
1.00762
0.99851
0.989391
0.991311
0.979683
0.989661
0.972457
0.98971
0.980473
0.985165
0.985066
0.98455
0.989516
0.975685
0.974418
0.983077
0.973429
0.98001
0.980371
0.985195
0.984355
0.978539
0.995884
0.989276
0.968139
0.993636
0.973796
0.974723
0.968463
0.98127
0.982828
0.982394
0.988894
0.97854
0.984079
0.98537
0.991736
0.97741
0.971393
0.98822
0.97834
0.984917
0.982666
0.977292
0.97967
0.980788
0.983903
0.977206
0.972665
0.978384
0.984224
0.986201
0.993353
0.969345
0.988175
0.978456
0.99109
0.983514
0.985246
0.984781
0.973223
0.984754
0.986042
0.969017
0.979872
0.973656
0.980854
0.976911
0.979338
0.978969
0.987257
0.984159
0.983344
0.978388
0.982649
0.978962
0.980045
0.971994
0.986822
0.986818
0.971189
0.982683
0.996379
0.979752
0.999285
0.992786
0.986427
0.984464
0.979266
0.978998
0.979677
0.994457
0.982282
0.985774
0.96191
0.941824
0.938154
0.93009
0.919654
0.900886
0.896752
0.882682
0.861357
0.861089
0.849134
0.848826
0.834688
0.812663
0.811548
0.796506
0.789005
0.779137
0.758492
0.766462
0.732137
0.742982
0.728915
0.712842
0.71727
0.695098
0.686481
0.679918
0.667676
0.659612
0.64931
0.644697
0.633869
0.629814
0.619503
0.607455
0.591082
0.588903
0.577649
0.571605
0.559589
0.554072
0.548039
0.541319
0.527477
0.513787
0.50672
0.506702
0.498289
0.488259
0.480714
0.470475
0.470382
0.453801
0.44216
0.440169
0.429252
0.418071
0.413214
0.407151
0.40122
0.401183
0.382393
0.381293
0.374702
0.360621
0.353932
0.351007
0.343181
0.333954
0.322699
0.317143
0.315204
0.3014
0.296077
0.288835
0.290302
0.276406
0.270956
0.26442
0.256672
0.254284
0.242298
0.233988
0.233249
0.226981
0.223227
0.210764
0.202326
0.19963
0.19488
0.189809
0.181607
0.173497
0.169361
0.161757
0.158751
0.149357
0.142477
0.137924
0.132374
0.12791
0.122204
0.114202
0.107374
0.105614
0.100245
0.096916
0.0922984
0.0897051
0.0853123
0.0821928
0.0790311
0.0759626
0.0737456
0.0691966
0.0665815
0.0629096
0.0614184
0.0594931
0.0545317
0.0533647
0.0518101
0.0485124
0.0466176
0.0448265
0.0431933
0.0388549
0.0395483
0.0365788
0.0358678
0.0325258
0.0326675
0.0314348
0.0279385
0.0267554
0.0253191
0.0242135
0.0238795
0.0217874
0.0203782
0.0195772
0.0183343
0.017564
0.016178
0.0156156
0.0141521
0.0132418
0.0124527
0.011634
0.0109837
0.0103889
0.00933548
0.00880302
0.00865076
0.00715147
0.00717632
0.00646168
0.00597933
0.00517104
0.00500495
0.00419736
0.00379312
0.00343904
0.00291547
0.00290149
0.00238541
0.00214685
0.00158268
0.00157517
0.00132135
0.00112564
0.000920665
0.000816971
0.000659299
0.000360916
0.000250372
0.00017336
8.62768e-05
5.36727e-05
2.13697e-05
0
0
0
0
0
0
0
0
0
0
0
0
0
0
0
0
0
0
0
0
0
0
0
0
0
0
0
0
0
0
0
0
0
0
0
0
0
0
0
0
0
0
0
0
0
0
0
0
0
0
0
0
0
0
0
0
0
0
0
0
0
0
0
0
0
0
0
0
