0.0173032
0.0323394
0.0356247
0.0342699
0.0408606
0.0345649
0.0351351
0.0406702
0.0351466
0.0314018
0.0304473
0.0235669
0.0270026
0.0431447
0.0331799
0.0393105
0.0362229
0.0354483
0.031848
0.0386324
0.0401258
0.0347975
0.0356584
0.037167
0.0284981
0.0344698
0.0347165
0.0259994
0.0354342
0.0342118
0.0324834
0.0270831
0.0272787
0.0366093
0.0310578
0.0345972
0.0303861
0.0392884
0.0390065
0.0540754
0.0328244
0.0403289
0.0499761
0.0352395
0.0417686
0.0510267
0.0363599
0.041346
0.0237036
0.0301061
0.0370637
0.0407448
0.0279485
0.0433276
0.0405378
0.0344113
0.035349
0.0491085
0.0421306
0.0293883
0.0417158
0.0409376
0.0344249
0.0351046
0.0496941
0.0390199
0.0539098
0.0333183
0.0405654
0.0258607
0.0358606
0.038259
0.0323484
0.0412064
0.0321825
0.0351666
0.0322759
0.033516
0.0320747
0.0369271
0.0424102
0.0365264
0.0462895
0.0260526
0.0393274
0.0287444
0.0377029
0.0415923
0.0456555
0.0317441
0.0372051
0.0363903
0.0474045
0.0359869
0.0270195
0.0504578
0.0481114
0.03155
0.042683
0.0440362
0.0307354
0.0403877
0.0386737
0.0371677
0.0380774
0.0323929
0.0306161
0.0416688
0.0327139
0.0394138
0.026824
0.0428779
0.0392531
0.0332868
0.0296856
0.0398739
0.0339054
0.04454
0.0535976
0.0368601
0.0418285
0.0393818
0.0477334
0.051977
0.0392477
0.0334173
0.0389679
0.039101
0.0319736
0.0412819
0.0411694
0.0394322
0.0364137
0.0361133
0.0314509
0.0490045
0.0348811
0.044444
0.035232
0.0493236
0.0329324
0.0364759
0.0384361
0.0443172
0.0441495
0.0328797
0.035496
0.045336
0.0533679
0.0380775
0.0191526
0.0513607
0.0477776
0.0504324
0.0499805
0.0441965
0.0499679
0.0311074
0.0289419
0.0307192
0.0619671
0.0438063
0.0344947
0.0267955
0.0368234
0.0372967
0.0387817
0.0403445
0.02838
0.0349298
0.0276527
0.0298062
0.0349334
0.0335277
0.0480147
0.0346966
0.0311556
0.0261792
0.0327901
0.0286538
0.0368531
0.0446666
0.0469799
0.0449833
0.0381893
0.0395968
0.0534439
0.0322622
0.0470233
0.044493
0.0410212
0.0340345
0.0341581
0.0384572
0.0461487
0.0280955
0.0468503
0.0530016
0.0576965
0.0414106
0.025941
0.038567
0.0211505
0.051968
0.0317
0.0484596
0.0481397
0.0380303
0.0360458
0.0478518
0.0421833
0.0302372
0.0318644
0.0400464
0.0387394
0.0339583
0.0338421
0.0361033
0.0306793
0.0395317
0.033049
0.0499865
0.0324618
0.0406424
0.0248675
0.025335
0.0321006
0.0325066
0.0349961
0.0497249
0.0519195
0.0399683
0.0404095
0.0325148
0.0361277
0.0323128
0.0238428
0.0364751
0.0298345
0.0425492
0.0261543
0.0249979
0.0499793
0.0395661
0.0437317
0.0547876
0.0357507
0.0319694
0.0288253
0.034433
0.0342233
0.0477725
0.0296489
0.0293027
0.0291
0.0327234
0.0447973
0.0346723
0.031437
0.0364432
0.0478017
0.0330499
0.0290197
0.0366031
0.0279352
0.0405065
0.0389351
0.0287599
0.0315461
0.0266507
0.0386021
0.0432886
0.0403883
0.0528392
0.041594
0.0376017
0.0318385
0.0437045
0.0345201
0.043151
0.0488973
0.0438219
0.0363882
0.0397081
0.034882
0.0316218
0.0340642
0.0334668
0.0342875
0.0318131
0.0431515
0.0344996
0.0291206
0.039326
0.0468642
0.0399309
0.0301148
0.0349367
0.0375182
0.0377799
0.0396123
0.038349
0.0311269
0.0385552
0.0452732
0.0317911
0.0499273
0.0355132
0.0485901
0.0293012
0.0444508
0.0333949
0.028338
0.0396212
0.0413517
0.0401598
0.0432886
0.0385161
0.0453512
0.0371566
0.0337153
0.0334332
0.0652473
0.0295819
0.0317124
0.047899
0.0398461
0.0423271
0.049242
0.0359459
0.0322376
0.0456852
0.034341
0.0386467
0.0421195
0.0365624
0.0484637
0.0339869
0.0330372
0.0412012
0.0336166
0.036843
0.0332759
0.0698494
0.0336841
0.050156
0.0403393
0.0338946
0.039923
0.0481623
0.0409081
0.0356387
0.0355255
0.0447488
0.032304
0.0573204
0.0423453
0.0347624
0.0303492
0.0361561
0.0217279
0.0391982
0.027853
0.0460442
0.033705
0.02238
0.049842
0.0340695
0.0448956
0.0319625
0.0351913
0.0394414
0.0357102
0.0494939
0.0266211
0.0395019
0.0410722
0.0427581
0.038418
0.0314424
0.0254834
0.0398085
0.0354512
0.0302561
0.0330728
0.0308651
0.0436118
0.0339045
0.042768
0.0366943
0.0420989
0.0330473
0.0347474
0.0316034
0.0414267
0.0304157
0.0273556
0.0301002
0.0332816
0.0465135
0.0381158
0.0289295
0.0328039
0.0330382
0.0374026
0.0257243
0.0329704
0.037303
0.0413073
0.0334661
0.037393
0.0380753
0.0356835
0.0386773
0.028026
0.0345082
0.0432415
0.0461309
0.0406147
0.0593642
0.0340131
0.034697
0.0404368
0.0444256
0.0336841
0.0452096
0.0435232
0.0373033
0.0344935
0.0230077
0.0397317
0.0452845
0.029322
0.0426398
0.034333
0.0608938
0.042969
0.038924
0.0316003
0.026818
0.0426875
0.0365276
0.0394206
0.0399204
0.0606029
0.0295584
0.0316735
0.0323886
0.0273315
0.0403963
0.0350992
0.0222288
0.0294328
0.0341056
0.0451881
0.0417803
0.0335304
0.0448854
0.0489791
0.0400889
0.0339997
0.0443138
0.0400236
0.0430664
0.0417472
0.0425971
0.0361821
0.0368136
0.0369671
0.039833
0.0500222
0.033542
0.038173
0.041873
0.0365198
0.0207069
0.0323727
0.0369962
0.0533571
0.0611669
0.035927
0.029051
0.0430517
0.0304232
0.030591
0.0402051
0.0286955
0.0272445
0.0425754
0.0350156
0.0295712
0.0463906
0.0436271
0.0390661
0.0388595
0.0323656
0.0473094
0.0325274
0.0396673
0.0527302
0.0371253
0.0316836
0.0379893
0.0385747
0.0362799
0.0343914
0.0377372
0.0324714
0.0299391
0.039865
0.026487
0.0421621
0.0294753
0.0383726
0.0396092
0.0412278
0.0374224
0.0507959
0.0353776
0.0392865
0.0337493
0.0314059
0.055065
0.0397438
0.0344226
0.0364893
0.0372184
0.0464454
0.0300177
0.0280427
0.0566906
0.0335295
0.0444434
0.047368
0.0424904
0.0263123
0.0495625
0.0343066
0.0496182
0.039659
0.042728
0.0427254
0.0460801
0.0301476
0.0371501
0.0536183
0.0277145
0.0296863
0.0263367
0.0345296
0.0264773
0.0477172
0.0399417
0.0384841
0.0385945
0.0337456
0.0443619
0.0395919
0.0348578
0.0316162
0.0324573
0.0429725
0.039648
0.0436135
0.0508584
0.0371104
0.0373532
0.0399965
0.0396275
0.0445077
0.0442147
0.0183883
0.040897
0.0350239
0.0557485
0.0283662
0.0407933
0.0283674
0.0331196
0.0435391
0.0389871
0.0394948
0.0414402
0.0316735
0.0384578
0.0324255
0.0497358
0.0469691
0.0403927
0.0399431
0.0425448
0.03153
0.0460512
0.0480767
0.0242665
0.0311649
0.0260848
0.0543395
0.0374587
0.0320518
0.0571289
0.0274331
0.0435837
0.0302344
0.0371284
0.026814
0.0356603
0.0401597
0.0490066
0.0461383
0.0351785
0.0385135
0.033711
0.0325722
0.028813
0.0493528
0.0390716
0.0347123
0.0298735
0.0456758
0.0401698
0.0403668
0.0432613
0.0398159
0.0512976
0.051534
0.0464
0.0360598
0.0270132
0.0427636
0.0425278
0.0357316
0.0296179
0.0399611
0.0258907
0.0351485
0.0305366
0.0365372
0.0301212
0.0465185
0.0396741
0.0417704
0.0289228
0.0548935
0.0223243
0.0503056
0.0354226
0.0382149
0.0281435
0.0300513
0.0394254
0.0435356
0.0287952
0.0362993
0.0548155
0.0339444
0.0354489
0.0382072
0.0288482
0.0460305
0.034632
0.039214
0.0281883
0.0347037
0.0289366
0.0511751
0.0418406
0.0393388
0.0265794
0.0403189
0.0434623
0.0453874
0.0367006
0.0353961
0.0453194
0.036761
0.0299551
0.0381324
0.0419865
0.0442654
0.0315961
0.0434928
0.0290551
0.0492855
0.034516
0.0376042
0.0443031
0.0494493
0.0352979
0.0254811
0.0412237
0.0522598
0.0446573
0.0353415
0.0439191
0.0323222
0.0322869
0.031713
0.0554999
0.0375718
0.0414864
0.0372084
0.0349673
0.0436663
0.0296242
0.0447222
0.0334072
0.0280486
0.038881
0.0302593
0.0326786
0.038998
0.042851
0.0415408
0.0342997
0.0325542
0.036904
0.0353707
0.0420259
0.0451778
0.0339659
0.0432075
0.0491694
0.0351703
0.0387228
0.0344654
0.0322085
0.0391275
0.036805
0.0427193
0.0328626
0.0268289
0.0383739
0.0330251
0.0345821
0.0281201
0.0362879
0.0293496
0.0338819
0.0327106
0.0243669
0.0280131
0.0281815
0.0327731
0.0358896
0.0348208
0.0294596
0.0492516
0.0379142
0.0339837
0.0368022
0.0363356
0.0349198
0.0379375
0.0497306
0.0414255
0.029922
0.0335831
0.0448633
0.0391307
0.0326194
0.0346845
0.03143
0.0546686
0.0374975
0.0442291
0.0444509
0.0525104
0.0408199
0.0366975
0.0543596
0.0376827
0.0336487
0.0370741
0.0322988
0.0497124
0.0397093
0.0595643
0.0351375
0.0515197
0.0311922
0.0380297
0.0445285
0.0377525
0.0382766
0.0436691
0.0326844
0.0339504
0.0288005
0.0370707
0.0335175
0.0363102
0.0397799
0.0507586
0.0377651
0.024425
0.0373802
0.0338694
0.0412595
0.0399617
0.0377561
0.032759
0.0332599
0.0432875
0.0355407
0.0345768
0.030187
0.0259262
0.0318428
0.035926
0.047234
0.0261888
0.0416439
0.0396785
0.0338202
0.0363754
0.0357472
0.0493569
0.0276444
0.0421213
0.0318732
0.0433747
0.0346474
0.0295965
0.0292877
0.0344162
0.0355852
0.0348765
0.0518919
0.0312503
0.0431552
0.0403277
0.0419594
0.0323091
0.0390154
0.03349
0.0307018
0.0334175
0.0419796
0.0491245
0.0406924
0.0324015
0.0394571
0.0333433
0.0305291
0.0380817
0.0508655
0.0261238
0.0285276
0.0422076
0.0343166
0.0494612
0.0523491
0.0340503
0.0378648
0.0344591
0.0333168
0.0394439
0.0378443
0.0500947
0.0363778
0.0365596
0.0354937
0.0272785
0.0273526
0.0210111
0.0367819
0.0461112
0.0377298
0.0417779
0.0263189
0.0333734
0.0416095
0.0302728
0.0510456
0.0367986
0.0405792
0.0330912
0.0429374
0.029876
0.0336599
0.0276737
0.0397714
0.035707
0.0357316
0.0239458
0.0208756
0.0410403
0.0401532
0.0480209
0.0429222
0.0277525
0.0309884
0.0344998
0.0271929
0.0301646
0.046405
0.0343008
0.0324652
0.0442601
0.0332593
0.0596018
0.0353706
0.0551456
0.0273856
0.0319724
0.0359259
0.0383145
0.0339414
0.0323369
0.0343794
0.0359549
0.0438439
0.0395658
0.0283481
0.0320558
0.033826
0.0294698
0.0330916
0.0461504
0.0452847
0.0358409
0.037528
0.0304996
0.0328414
0.0437149
0.0566839
0.0331944
0.0383919
0.0255228
0.0362181
0.0414681
0.0373932
0.0294256
0.0230101
0.035804
0.0449022
0.0403542
0.0596463
0.0407266
0.0382454
0.0381403
0.036825
0.0373291
0.0313963
0.0454279
0.0344355
0.0349519
0.0395938
0.0380068
0.0392064
0.0338459
0.0476056
0.0374736
0.0362276
0.0597274
0.0313228
0.0267637
0.0256238
0.0409291
0.0290599
0.0515599
0.0342733
0.0315096
0.0389843
0.0224264
0.0319324
0.0309866
0.0438721
0.048169
0.043487
0.0335446
0.0376388
0.0295697
0.0453058
0.0257712
0.0445503
0.0338886
0.0217724
0.0521265
0.0304772
0.035346
0.0428098
0.0535762
0.0408287
0.0396524
0.0311375
0.0389142
0.0353416
0.0421823
0.0270196
0.0316599
0.0435081
0.0339205
0.0439822
0.0368088
0.0286033
0.049886
0.0561548
0.0319794
