0
0
0
0
0
0
0
0
0
0
0
0
0
0
0
0
0
0
0
0
0
0
0
0
0
0
0
0
0
0
0
0
0
0
0
0.00315721
0.0477853
0.174009
0.483182
0.957582
1.33417
1.78469
1.95281
2.08905
2.10974
2.10451
2.04717
1.97158
1.85813
1.76189
1.64912
1.67046
1.5735
1.48743
1.44071
1.38926
1.43712
1.3304
1.31844
1.24528
1.20554
1.19506
1.1724
1.16191
1.16155
1.13099
1.11793
1.07894
1.05402
1.10052
1.11755
1.06199
1.08589
1.06133
1.03446
1.08053
1.04499
1.05165
1.05376
1.05763
1.08985
1.03571
1.04145
1.02864
1.04511
1.03088
1.03537
1.05419
1.00129
1.00984
1.03088
1.05148
1.03398
1.03201
1.02187
1.01432
1.03293
1.00997
1.02135
1.01197
0.990951
1.01709
1.02045
1.01085
0.994149
0.982899
1.01189
1.02517
1.02275
0.992375
1.01295
1.01294
0.995013
1.00026
1.01215
0.97755
1.00789
0.982452
0.992292
0.989825
0.98374
1.023
1.00358
0.996267
0.979686
0.995587
0.999676
0.978182
0.975065
0.973588
0.997157
0.988146
1.00479
1.0004
0.982168
0.985928
0.987124
0.986287
0.997402
1.00053
0.976868
0.9801
0.997351
0.983596
0.975365
0.984464
0.986457
0.997999
0.992903
1.00058
0.988647
0.996008
0.987094
0.98542
0.966621
1.01881
0.977488
0.988533
0.976495
0.969841
0.984051
0.991124
1.00428
0.981462
0.988313
0.993475
0.987677
0.980953
0.979995
0.978022
0.994025
0.984429
0.969037
0.987044
0.965114
0.981275
0.998031
0.986817
0.98984
0.994217
0.990253
0.991027
0.988917
0.98254
0.993951
0.989681
0.990765
0.975924
0.981666
0.983133
0.98923
0.98614
0.972915
0.986317
0.975885
1.00288
0.993063
0.973648
0.989259
0.997561
0.984963
0.976338
0.97715
0.97982
0.992191
0.987929
0.974698
0.988382
0.983363
0.997478
0.98919
0.986485
0.991276
0.98498
0.996399
0.987987
0.992761
0.98584
0.973461
0.981376
0.988289
0.992443
0.98318
0.979221
0.981648
0.980277
0.980676
0.9911
0.98073
0.982702
0.993515
0.980273
0.979919
0.98311
0.984548
0.995288
0.990695
0.983992
0.989468
0.98535
0.993579
0.978238
0.979118
0.993439
0.982767
0.979926
0.981323
0.987634
0.982859
0.98893
0.984791
0.969584
0.954711
0.946048
0.934758
0.918039
0.906419
0.897502
0.884618
0.889719
0.865047
0.856524
0.842648
0.839703
0.821422
0.815471
0.809979
0.789088
0.780158
0.779091
0.767142
0.745712
0.742018
0.736016
0.718677
0.71554
0.707979
0.699243
0.684663
0.681377
0.661787
0.655361
0.637592
0.633448
0.633993
0.613817
0.604643
0.606341
0.598273
0.58197
0.577711
0.570008
0.558071
0.549263
0.542351
0.527751
0.524672
0.50699
0.505987
0.504078
0.487047
0.480276
0.471236
0.467401
0.459723
0.446594
0.43534
0.435543
0.431282
0.42204
0.403891
0.40446
0.393136
0.385591
0.38252
0.369766
0.362249
0.361096
0.352282
0.346241
0.334942
0.326337
0.317545
0.315356
0.308296
0.298293
0.292437
0.28674
0.281015
0.269069
0.265075
0.260673
0.251081
0.24414
0.235375
0.234257
0.228421
0.219752
0.214583
0.205537
0.198102
0.193464
0.184552
0.179415
0.175609
0.168761
0.162353
0.155868
0.150405
0.144154
0.137293
0.130861
0.125877
0.120039
0.114899
0.108303
0.104503
0.0986108
0.0947025
0.0947767
0.0896133
0.0879916
0.0823594
0.0775706
0.0754086
0.0737158
0.0670935
0.064151
0.0636568
0.0607336
0.0570294
0.0544452
0.0541676
0.0503983
0.0487535
0.046406
0.0442511
0.0418392
0.0408546
0.0381393
0.0363039
0.0347333
0.0343343
0.0324646
0.0300756
0.0282197
0.0266222
0.0259683
0.0247012
0.0225419
0.0216308
0.021131
0.0194868
0.0177561
0.016912
0.0159872
0.0155776
0.0139633
0.0129662
0.0124153
0.0114479
0.0107986
0.0110274
0.00884671
0.00905836
0.00779174
0.00710331
0.00693671
0.00666435
0.00580138
0.00473422
0.00495796
0.00432597
0.00389784
0.00323062
0.00262738
0.00271799
0.00245389
0.00212413
0.00189922
0.00166517
0.00117578
0.00114793
0.000765372
0.000496806
0.000571392
0.000404663
0.0001524
0.000162525
8.62768e-05
2.14691e-05
3.20546e-05
1.06355e-05
0
0
0
0
0
0
0
0
0
0
0
0
0
0
0
0
0
0
0
0
0
0
0
0
0
0
0
0
0
0
0
0
0
0
0
0
0
0
0
0
0
0
0
0
0
0
0
0
0
0
0
0
0
0
0
0
0
0
0
0
0
0
0
0
0
0
0
