0
0
0
0
0
0
0
0
0
0
0
0
0
0
0
0
0
0
0
0
0
0
0
0
0
0
0
0
0
0
0
0
0
0
0
0
0
0
0.00447391
0.0586535
0.22398
0.468216
0.887009
1.26934
1.64627
1.85018
1.97939
2.04212
2.01854
1.92644
1.85143
1.78072
1.65386
1.5435
1.49541
1.4011
1.35195
1.29169
1.24713
1.20294
1.17981
1.11861
1.0865
1.0657
1.04184
1.02047
0.994812
1.01329
0.973466
0.976682
0.949705
0.962759
0.937141
0.945448
0.955604
0.965358
0.946857
0.943558
0.957766
0.957956
0.967869
1.00836
0.985426
1.00001
1.02663
1.05392
1.0187
1.05791
1.06564
1.06795
1.07719
1.09798
1.07777
1.08397
1.09249
1.08776
1.08456
1.07917
1.07364
1.06315
1.06298
1.07844
1.03061
1.06774
1.03951
1.06649
1.03451
1.02477
1.03852
1.02827
1.03755
1.01881
1.03452
1.00628
1.02904
1.01041
1.00799
0.994172
1.00193
1.01253
1.03105
1.01083
0.998105
1.02609
1.01464
0.996513
1.02682
1.02717
1.01117
1.00827
1.02403
1.00015
1.01676
1.02317
1.02781
1.00041
1.01286
1.00744
1.01922
1.01597
1.02702
1.01633
1.02119
1.02202
1.0156
1.02506
1.00555
1.01239
1.00656
1.00239
1.02062
1.02869
1.01615
1.00639
1.01135
1.0218
1.00597
0.987357
1.01179
1.01165
0.992804
1.01162
0.99388
1.01078
1.00588
1.00151
1.01473
1.00435
0.999288
0.996856
1.00445
1.00815
1.00269
1.01161
0.99948
1.00039
0.993646
0.992458
0.993857
1.0022
1.00562
1.00166
1.00011
1.00676
1.00691
0.997891
1.01124
1.01429
1.00165
0.998276
0.997471
1.00628
0.995213
1.00529
1.00143
1.00294
1.00282
0.997517
0.998734
0.982482
1.01111
1.00195
1.00744
1.00599
0.996774
1.00484
0.992924
1.0071
0.982387
0.996632
0.990687
0.999457
0.993127
0.996735
0.994151
1.00111
0.990214
0.999101
0.995172
0.999365
0.99976
0.998728
0.986663
0.999864
0.992056
0.99637
1.0007
0.992612
0.995526
0.996942
0.996723
0.990729
1.00318
0.998326
0.991277
1.00246
0.995141
0.987296
1.00643
0.996333
0.993545
1.00152
0.989651
0.996571
0.99569
0.991006
0.989137
0.994411
0.995144
0.998283
0.994345
0.981756
0.968545
0.944965
0.943656
0.917592
0.917587
0.913754
0.890006
0.884243
0.874634
0.861615
0.84898
0.838881
0.830863
0.822565
0.80757
0.791831
0.78324
0.778059
0.766462
0.755429
0.746876
0.740786
0.731297
0.715758
0.706513
0.697245
0.685065
0.677625
0.669397
0.656901
0.652574
0.641427
0.6404
0.625524
0.607479
0.599955
0.594688
0.584082
0.572084
0.565341
0.564396
0.551457
0.538268
0.536044
0.526414
0.511807
0.512299
0.495251
0.493576
0.484238
0.471606
0.467927
0.45928
0.454871
0.442406
0.437107
0.426418
0.41727
0.411258
0.401582
0.400116
0.384896
0.382882
0.37373
0.368618
0.356748
0.350157
0.346436
0.338919
0.326151
0.321759
0.315299
0.30919
0.300433
0.293072
0.285782
0.278785
0.275189
0.266848
0.261053
0.248076
0.248988
0.241883
0.231841
0.226659
0.215956
0.214346
0.20724
0.200213
0.194618
0.188486
0.181995
0.17581
0.168572
0.158763
0.155852
0.150853
0.147656
0.136915
0.131897
0.125268
0.121217
0.116302
0.109929
0.106193
0.101428
0.095559
0.0929962
0.089552
0.0845613
0.081673
0.0778215
0.075189
0.0719387
0.0692065
0.0656977
0.0616302
0.0588393
0.0587927
0.0552764
0.0518449
0.0516152
0.0486353
0.0464201
0.0439096
0.0426349
0.0407528
0.0390648
0.0367162
0.0356491
0.0343751
0.0315628
0.0304659
0.0281126
0.0266089
0.0257828
0.0244288
0.0230271
0.0219613
0.020534
0.0194308
0.0184585
0.0173168
0.0159321
0.0150588
0.0140598
0.0132544
0.0122574
0.0119316
0.010778
0.0101678
0.00937621
0.00847878
0.00813051
0.0077695
0.00729213
0.00608812
0.00616915
0.00526549
0.00467599
0.00402978
0.00362247
0.003165
0.00301918
0.00260713
0.00213051
0.00209762
0.00186154
0.00158267
0.00126909
0.00115164
0.000931757
0.000588808
0.000520113
0.00035727
0.000254001
0.000180583
0.000100656
5.00946e-05
1.42465e-05
0
0
0
0
0
0
0
0
0
0
0
0
0
0
0
0
0
0
0
0
0
0
0
0
0
0
0
0
0
0
0
0
0
0
0
0
0
0
0
0
0
0
0
0
0
0
0
0
0
0
0
0
0
0
0
0
0
0
0
0
0
0
0
0
0
0
0
0
