0
0
0
0
0
0
0
0
0
0
0
0
0
0
0
0
0
0
0
0
0
0
0
0
0
0
0
0
0
0
0
0
0
0
0
0
0
0.00094314
0.00268435
0.0382523
0.159292
0.445883
0.907569
1.31771
1.76147
2.03853
2.24806
2.23787
2.16345
2.0753
1.99236
1.89424
1.72797
1.69409
1.64009
1.54664
1.44003
1.3651
1.29635
1.23329
1.19684
1.15999
1.10313
1.07064
1.07021
1.04551
1.01011
0.995537
1.00428
0.995903
0.989465
0.974693
0.987606
0.961406
0.981889
0.983274
0.972693
0.991033
0.9851
1.05239
1.01719
1.00956
1.03629
1.06164
1.05319
1.08059
1.10521
1.10053
1.10289
1.11829
1.11897
1.14661
1.12846
1.15482
1.11996
1.10987
1.11746
1.12019
1.11875
1.10964
1.11983
1.11191
1.09045
1.07641
1.09028
1.06566
1.05416
1.06057
1.03672
1.0484
1.06405
1.03854
1.04982
1.03665
1.03066
1.0456
1.04268
1.02962
1.03206
1.03965
1.04357
1.04353
1.03081
1.02166
1.04424
1.04013
1.02359
1.04374
1.02057
1.02432
1.05144
1.03819
1.04728
1.04133
1.02788
1.03285
1.03599
1.02785
1.05109
1.02987
1.02554
1.02839
1.03856
1.02317
1.0398
1.01804
1.02854
1.02702
1.02634
1.03924
1.03426
1.01297
1.02545
1.02023
1.01368
1.02499
1.03045
1.01126
1.00888
1.0286
1.01469
1.01828
1.03105
1.00895
1.00971
1.02088
1.01052
1.01778
1.01297
1.00623
1.00345
1.00837
1.01807
0.997684
1.0108
1.01753
1.00765
1.00955
0.996729
1.02093
1.02292
1.00258
1.00576
1.00984
1.00461
1.00814
1.00346
1.00146
1.00457
0.996835
0.998969
1.01402
1.00531
1.00256
1.00146
0.995163
1.0168
1.00921
0.9918
0.996845
0.999628
1.00084
1.00336
0.993944
0.98764
1.00472
0.989036
0.993234
1.00188
0.99083
0.99802
0.999546
0.985197
0.996968
0.998129
0.996884
0.996694
1.00325
0.989032
0.998237
0.998832
0.991267
0.997834
1.00172
0.991924
0.998561
0.998708
0.993202
0.992224
1.00017
0.990482
0.992387
0.991328
0.989253
0.988576
0.988233
0.98926
0.992233
0.99321
0.99335
0.992857
0.986402
0.991568
0.98948
0.992806
0.993053
0.994092
0.992246
0.985823
0.991977
0.980099
0.972069
0.956625
0.951074
0.931943
0.933236
0.912467
0.897772
0.887664
0.873864
0.864998
0.854051
0.840839
0.836207
0.825782
0.819291
0.802883
0.803768
0.782191
0.771686
0.761532
0.759639
0.742071
0.729101
0.72093
0.703788
0.699505
0.692922
0.679713
0.669714
0.662672
0.645703
0.64576
0.628094
0.627094
0.615566
0.61008
0.595751
0.593174
0.582041
0.574332
0.56801
0.555343
0.540557
0.539339
0.526551
0.52213
0.515733
0.503204
0.497853
0.489258
0.479627
0.466315
0.464011
0.453658
0.449244
0.441545
0.431875
0.423589
0.415761
0.40343
0.398316
0.399356
0.388027
0.377907
0.366428
0.361746
0.353787
0.349673
0.340368
0.336569
0.322276
0.31875
0.310015
0.304807
0.300584
0.291069
0.285621
0.277617
0.273064
0.264068
0.257529
0.253031
0.241272
0.239038
0.234327
0.222536
0.2162
0.212077
0.201808
0.200899
0.194186
0.18618
0.182692
0.173698
0.166628
0.159835
0.153556
0.14797
0.144312
0.13522
0.132788
0.125375
0.118935
0.113907
0.108964
0.104158
0.0991764
0.0960853
0.0927704
0.0874906
0.0829882
0.0813299
0.0766873
0.0748396
0.0710551
0.0694534
0.0657566
0.063564
0.0601896
0.0584158
0.05642
0.0531353
0.050018
0.0493351
0.0458934
0.0443868
0.0432678
0.0405861
0.0379137
0.0359558
0.0355398
0.0324533
0.0307873
0.0288511
0.0291835
0.0271771
0.0263834
0.0233128
0.0235254
0.0220657
0.0208455
0.0197235
0.0177647
0.0174191
0.0168054
0.0154891
0.0144124
0.0133128
0.0129471
0.0113198
0.0107451
0.0102415
0.00957986
0.00860848
0.0078482
0.00787384
0.00669311
0.00627093
0.00556015
0.00491918
0.0045585
0.00438833
0.00381639
0.00331167
0.00319588
0.00243893
0.00240443
0.00199918
0.00159022
0.00173268
0.00108246
0.00113678
0.000761674
0.000669769
0.000564067
0.00035727
0.000232229
0.000137243
0.000129415
2.86255e-05
1.42465e-05
1.41807e-05
0
0
0
0
0
0
0
0
0
0
0
0
0
0
0
0
0
0
0
0
0
0
0
0
0
0
0
0
0
0
0
0
0
0
0
0
0
0
0
0
0
0
0
0
0
0
0
0
0
0
0
0
0
0
0
0
0
0
0
0
0
0
0
0
0
0
0
