0
0
0
0
0
0
0
0
0
0
0
0
0
0
0
0
0
0
0
0
0
0
0
0
0
0
0
0
0
0
0
0
0
0
0
0
0
0
0
0.0297518
0.168187
0.606063
1.35768
2.27164
3.19877
3.79773
4.0373
4.03486
3.93955
3.66669
3.33829
3.02438
2.76254
2.56338
2.35363
2.20155
2.0005
1.87576
1.76645
1.6585
1.54071
1.44683
1.44674
1.36305
1.3412
1.29375
1.26863
1.24588
1.25584
1.24659
1.20187
1.25099
1.24397
1.30266
1.32862
1.33252
1.34233
1.37923
1.42374
1.4576
1.47585
1.52512
1.58931
1.6131
1.6461
1.68602
1.73625
1.76417
1.79548
1.8334
1.78728
1.82098
1.79732
1.76712
1.75532
1.72631
1.6846
1.67756
1.64914
1.59365
1.60438
1.54936
1.5165
1.49836
1.49314
1.43351
1.45559
1.42691
1.41391
1.39905
1.38666
1.37758
1.37363
1.37023
1.3984
1.39238
1.37747
1.40225
1.39729
1.3975
1.41277
1.39949
1.43065
1.44244
1.43194
1.4434
1.44521
1.4586
1.44081
1.45186
1.46567
1.46356
1.44329
1.4437
1.43551
1.44026
1.41603
1.41649
1.4109
1.4174
1.39595
1.3892
1.35449
1.35944
1.36489
1.34908
1.34747
1.31232
1.32688
1.31322
1.33647
1.30952
1.29708
1.29582
1.29683
1.29106
1.29476
1.2819
1.27169
1.26413
1.27603
1.28163
1.26515
1.27126
1.26732
1.27887
1.27614
1.27305
1.27405
1.26364
1.26774
1.27681
1.2645
1.2453
1.24008
1.23732
1.22461
1.23666
1.22796
1.22634
1.22256
1.221
1.20371
1.21832
1.20355
1.1962
1.19034
1.19922
1.17291
1.18239
1.17286
1.17883
1.16483
1.16054
1.15537
1.15746
1.14908
1.14454
1.15219
1.1378
1.14008
1.15358
1.14005
1.1331
1.11608
1.11611
1.11339
1.12452
1.11199
1.11134
1.11021
1.10534
1.10344
1.10887
1.10577
1.09464
1.08724
1.09367
1.08549
1.08509
1.07489
1.07856
1.06489
1.05817
1.05895
1.06369
1.06318
1.06295
1.04255
1.04811
1.04957
1.04146
1.04464
1.03681
1.02627
1.01884
1.02952
1.02007
1.01811
1.01663
1.01982
1.00935
1.01491
1.00453
1.01519
1.00322
0.997759
0.994238
0.992631
0.993489
0.977034
0.96907
0.950405
0.933201
0.912531
0.900688
0.887833
0.872489
0.857694
0.842804
0.824619
0.809073
0.797743
0.776341
0.762899
0.751255
0.741389
0.733409
0.71449
0.701035
0.695788
0.674389
0.658803
0.6552
0.637093
0.621363
0.614864
0.59835
0.586468
0.582042
0.570533
0.562151
0.548872
0.53334
0.529466
0.513641
0.507864
0.49394
0.485662
0.474827
0.465324
0.459296
0.444054
0.438493
0.429449
0.418482
0.416087
0.405247
0.396106
0.387329
0.378381
0.370944
0.358176
0.35592
0.345018
0.339253
0.334572
0.32418
0.318068
0.308983
0.301397
0.296225
0.285518
0.278423
0.272485
0.268122
0.259559
0.253243
0.247301
0.241767
0.235302
0.229542
0.221133
0.21423
0.210103
0.200865
0.198479
0.193609
0.187909
0.181407
0.175478
0.170294
0.167711
0.159684
0.15438
0.149797
0.14414
0.139142
0.134629
0.131674
0.124827
0.118854
0.11642
0.108842
0.105272
0.100119
0.0963161
0.0933024
0.0882249
0.0869172
0.0787028
0.0753466
0.0707889
0.0670563
0.0639557
0.0592727
0.0559143
0.0543151
0.0510921
0.0494536
0.0464344
0.0439552
0.0408163
0.0376711
0.037844
0.0365452
0.0338775
0.032132
0.0308053
0.0298617
0.0274495
0.0267253
0.0244122
0.0237302
0.0226202
0.0218414
0.0204905
0.0189675
0.0190525
0.0178564
0.0166359
0.0157742
0.0150663
0.0141041
0.0131696
0.0125659
0.0117907
0.0109084
0.0105536
0.0100886
0.00908024
0.00870509
0.00789458
0.00767463
0.0071841
0.00665603
0.00638629
0.00554838
0.00516979
0.00509408
0.00497772
0.00444285
0.00418339
0.00363318
0.00326668
0.00313767
0.00303396
0.00297116
0.00255924
0.00219875
0.00214083
0.00175448
0.00173039
0.00138073
0.00136635
0.00119845
0.000978631
0.000928294
0.000651248
0.000618
0.000397542
0.000485241
0.000349207
0.000251426
0.000242883
0.000183139
0.000145825
0.0001016
4.334e-05
2.87589e-05
7.15637e-06
0
7.09033e-06
0
0
0
0
0
0
0
0
0
0
0
0
0
0
0
0
0
0
0
0
0
0
0
0
0
0
0
0
0
0
0
0
0
0
0
0
0
0
0
0
0
0
0
0
0
0
0
0
0
0
0
0
0
0
0
0
0
0
0
0
0
0
0
0
0
0
0
