0
0
0
0
0
0
0
0
0
0
0
0
0
0
0
0
0
0
0
0
0
0
0
0
0
0
0
0
0
0
0
0
0
0
0
0
0
0
0.000894782
0.0425025
0.169804
0.521352
1.02652
1.61559
2.09568
2.46135
2.58112
2.61819
2.6788
2.48722
2.36317
2.25728
2.1288
1.95636
1.84281
1.6883
1.59417
1.49668
1.45564
1.35205
1.34106
1.27571
1.2162
1.19267
1.16044
1.09776
1.11598
1.08781
1.05826
1.07306
1.08019
1.05149
1.05018
1.09668
1.08034
1.05424
1.07853
1.09349
1.11574
1.14976
1.12976
1.16291
1.18614
1.20203
1.23096
1.22646
1.26527
1.28173
1.279
1.27592
1.31961
1.31184
1.32997
1.295
1.28437
1.28685
1.28566
1.27157
1.25681
1.23677
1.24773
1.23357
1.2182
1.2157
1.18307
1.20341
1.1974
1.1727
1.16606
1.18092
1.16007
1.13157
1.14916
1.129
1.12293
1.15337
1.13718
1.14999
1.1437
1.15352
1.1561
1.13895
1.14155
1.15775
1.14316
1.13815
1.14393
1.164
1.15133
1.13512
1.15408
1.15462
1.1529
1.15117
1.16865
1.14944
1.13558
1.14143
1.14464
1.13919
1.13257
1.14583
1.13608
1.12584
1.12066
1.12636
1.13693
1.11956
1.12732
1.12932
1.11741
1.12432
1.11156
1.1121
1.10631
1.10002
1.10799
1.09974
1.11299
1.08933
1.09583
1.09725
1.09875
1.0853
1.08421
1.09434
1.08453
1.08235
1.08762
1.08761
1.09529
1.0807
1.07739
1.07853
1.09116
1.08333
1.07262
1.086
1.07857
1.07181
1.07837
1.07735
1.07218
1.07628
1.06936
1.06484
1.06981
1.06386
1.0666
1.0594
1.06011
1.06748
1.06272
1.05704
1.06902
1.04499
1.05506
1.04515
1.06215
1.04433
1.04691
1.04053
1.03807
1.04509
1.04295
1.03534
1.03793
1.03701
1.0355
1.02939
1.03714
1.03916
1.0282
1.01987
1.03105
1.03061
1.02626
1.03221
1.02329
1.02519
1.0194
1.0249
1.02717
1.02881
1.01942
1.01867
1.01771
1.02218
1.0112
1.01336
1.01018
1.01511
1.0101
1.01149
1.00994
0.997799
1.00422
1.01241
1.00391
1.00202
1.00496
1.00439
1.00494
1.00227
1.00752
0.990566
1.00322
0.989042
0.993297
0.987992
0.994387
0.972236
0.959974
0.952746
0.935096
0.914178
0.907266
0.896832
0.883595
0.867758
0.863337
0.840843
0.838991
0.822186
0.805611
0.801755
0.782771
0.779765
0.764438
0.758648
0.745128
0.728043
0.718209
0.707346
0.70368
0.68427
0.677612
0.665968
0.64736
0.649969
0.630644
0.629385
0.614799
0.605057
0.601008
0.589678
0.576423
0.567542
0.558404
0.54558
0.545241
0.535357
0.524649
0.508701
0.504794
0.491206
0.486903
0.472696
0.473464
0.462973
0.452421
0.444391
0.440878
0.432046
0.416854
0.412694
0.408368
0.392769
0.39268
0.384885
0.375394
0.370623
0.359291
0.3512
0.343245
0.33401
0.33226
0.323408
0.318543
0.308991
0.301746
0.2937
0.286564
0.279383
0.278911
0.268612
0.264556
0.255103
0.250221
0.243648
0.238108
0.228768
0.225115
0.217375
0.210139
0.207804
0.198746
0.193274
0.185675
0.18273
0.172976
0.168063
0.162097
0.156704
0.152789
0.14254
0.138327
0.133149
0.127975
0.122325
0.117439
0.112617
0.107347
0.101009
0.097105
0.0947964
0.0878161
0.0832575
0.0808227
0.0785675
0.0742848
0.0701497
0.0680878
0.065937
0.0629104
0.0596875
0.0574565
0.0549936
0.0521756
0.0493388
0.0482322
0.0454359
0.0442459
0.0417371
0.0390841
0.0379262
0.0356105
0.0344914
0.0332169
0.0306662
0.0294884
0.0277666
0.0267966
0.0255569
0.0237734
0.0230077
0.0212108
0.0204125
0.0192618
0.0182976
0.0168906
0.0163112
0.0159786
0.0144756
0.0144279
0.0132782
0.0121145
0.0114913
0.0112165
0.0100136
0.00910377
0.00862242
0.00808843
0.00746186
0.00704404
0.00665443
0.00571476
0.00547109
0.00471313
0.00407322
0.00404553
0.00365777
0.00351534
0.00328117
0.00272499
0.00241996
0.00237777
0.00192507
0.0016054
0.00128122
0.00114012
0.000865968
0.000765284
0.000613776
0.000603528
0.00047616
0.000255193
0.000210458
0.000158913
7.9087e-05
4.29382e-05
2.13697e-05
7.09033e-06
0
0
0
0
0
0
0
0
0
0
0
0
0
0
0
0
0
0
0
0
0
0
0
0
0
0
0
0
0
0
0
0
0
0
0
0
0
0
0
0
0
0
0
0
0
0
0
0
0
0
0
0
0
0
0
0
0
0
0
0
0
0
0
0
0
0
0
