0
0
0
0
0
0
0
0
0
0
0
0
0
0
0
0
0
0
0
0
0
0
0
0
0
0
0
0
0
0
0
0
0
0
0
0
0
0
0
0
0
0.00115514
0.0198255
0.117227
0.376237
0.842766
1.42842
1.96012
2.34656
2.55921
2.62697
2.5717
2.37541
2.18666
1.98893
1.81683
1.64278
1.47782
1.32862
1.22673
1.10227
1.08486
0.950346
0.860457
0.828005
0.809872
0.730589
0.704081
0.696817
0.672172
0.647835
0.658249
0.652706
0.666736
0.667596
0.641652
0.698245
0.709987
0.713482
0.725392
0.777324
0.814225
0.819597
0.88868
0.904967
0.933044
0.970224
1.01495
1.04841
1.0918
1.1063
1.14831
1.19965
1.18869
1.20365
1.22417
1.21677
1.24614
1.23388
1.22126
1.1894
1.16646
1.14344
1.13259
1.07713
1.07924
1.04925
1.02672
0.996894
0.97122
0.948996
0.93437
0.910052
0.915321
0.882331
0.873158
0.887769
0.88742
0.882636
0.881578
0.893861
0.884194
0.892023
0.907897
0.920068
0.918158
0.937328
0.962456
0.974703
0.992034
1.0082
1.00362
1.0138
1.04187
1.03798
1.04536
1.05621
1.05742
1.08898
1.06714
1.07231
1.08045
1.07676
1.06137
1.05397
1.04531
1.03971
1.05369
1.0275
1.02875
1.01201
1.02106
1.00159
0.994117
0.98554
0.987386
0.970868
0.984042
0.962557
0.955178
0.960728
0.959355
0.956662
0.963192
0.958281
0.961807
0.954917
0.958652
0.970921
0.976117
0.986019
0.98152
0.988258
0.991439
0.996246
1.00136
1.01352
1.00342
1.01482
1.01629
1.01587
1.01555
1.0218
1.03483
1.03334
1.0353
1.02271
1.01743
1.02181
1.01953
1.02031
1.00982
1.01672
1.01201
1.01569
1.01236
0.995974
0.997772
0.989335
0.993213
0.98813
0.99606
0.990273
0.992671
0.984104
0.976057
0.987948
0.986858
0.974005
0.983562
0.98699
0.981482
0.987267
0.987882
0.98853
0.991757
0.995923
1.00056
0.999443
1.00353
0.996023
1.00631
1.00611
1.00794
1.00875
1.00408
1.01009
1.00847
1.01285
1.00686
1.00999
1.01381
1.01278
1.00991
1.0164
1.00922
1.00467
0.996566
1.00433
1.00762
1.00414
0.991303
0.993767
0.998237
0.993516
0.994896
1.00413
0.995072
0.988722
0.991535
0.985679
0.977321
0.964915
0.950599
0.942406
0.926038
0.917547
0.906969
0.896616
0.888803
0.878166
0.862764
0.857358
0.850562
0.835626
0.830684
0.817052
0.806882
0.798551
0.786199
0.772049
0.767628
0.757503
0.7472
0.736525
0.727086
0.714927
0.702589
0.699373
0.683453
0.678475
0.66834
0.65397
0.646654
0.635935
0.626801
0.617453
0.608315
0.59164
0.588082
0.5816
0.570171
0.561582
0.552612
0.545884
0.53454
0.53025
0.522005
0.509571
0.503723
0.496741
0.488669
0.479835
0.47022
0.460582
0.452765
0.445336
0.439583
0.429923
0.427035
0.414178
0.40612
0.400795
0.39304
0.383978
0.3783
0.3692
0.364925
0.356577
0.347342
0.340365
0.333641
0.327013
0.317761
0.312367
0.306583
0.294789
0.289653
0.284665
0.276637
0.269966
0.260483
0.254959
0.249596
0.243785
0.232878
0.22785
0.222083
0.215
0.208566
0.202118
0.193345
0.189945
0.183833
0.17726
0.170669
0.165568
0.1589
0.150986
0.145238
0.139414
0.133896
0.127574
0.122292
0.116909
0.112277
0.10581
0.10216
0.0978525
0.0942533
0.0899347
0.0864236
0.0840172
0.0789182
0.0763744
0.0734254
0.0693966
0.066066
0.0653856
0.0617463
0.0583482
0.056348
0.0537231
0.0513609
0.04825
0.0486494
0.0455002
0.0428373
0.0412295
0.0393411
0.0372383
0.0361617
0.0334097
0.0327758
0.0304726
0.0295918
0.0277209
0.0262995
0.0248462
0.0235123
0.0220548
0.0208779
0.0197128
0.0187968
0.0179411
0.0164451
0.0155207
0.0143095
0.0136803
0.0130323
0.0123161
0.0107184
0.0104994
0.00893835
0.00899148
0.00825755
0.0075247
0.00703854
0.00641399
0.00559376
0.00537174
0.00468774
0.00446043
0.00403165
0.00334062
0.00312289
0.00274666
0.00235117
0.00207869
0.00167878
0.00149078
0.00134934
0.00106991
0.000948395
0.000678969
0.000532933
0.0004156
0.000321129
0.0002167
0.000102454
3.75709e-05
4.27394e-05
0
0
0
0
0
0
0
0
0
0
0
0
0
0
0
0
0
0
0
0
0
0
0
0
0
0
0
0
0
0
0
0
0
0
0
0
0
0
0
0
0
0
0
0
0
0
0
0
0
0
0
0
0
0
0
0
0
0
0
0
0
0
0
0
0
0
0
0
