0
0
0
0
0
0
0
0
0
0
0
0
0
0
0
0
0
0
0
0
0
0
0
0
0
0
0
0
0
0
0
0
0
0
0
0
0
0
0
0
0
0
0.00220284
0.0252327
0.133115
0.42811
0.978502
1.64578
2.21589
2.67897
2.89103
2.78135
2.68145
2.46086
2.29168
2.02835
1.81821
1.58042
1.42395
1.26185
1.12048
1.02989
0.946781
0.876492
0.790228
0.751908
0.714168
0.673079
0.653995
0.634898
0.634226
0.595401
0.607098
0.603211
0.608453
0.606577
0.619208
0.652684
0.668284
0.695646
0.749234
0.746984
0.809805
0.834466
0.887135
0.92488
0.996015
1.02132
1.05781
1.10782
1.13266
1.14724
1.18151
1.20746
1.22638
1.25983
1.25704
1.27146
1.26772
1.26507
1.25302
1.21773
1.20422
1.1792
1.13379
1.07361
1.06915
1.04505
1.00408
0.965661
0.942641
0.919968
0.910209
0.881346
0.879144
0.857052
0.853176
0.850027
0.848917
0.841943
0.867897
0.856702
0.849865
0.870984
0.878675
0.900411
0.909231
0.929597
0.954101
0.982544
1.0013
1.02956
1.03782
1.04829
1.05239
1.0712
1.08023
1.08267
1.09536
1.07526
1.09785
1.08855
1.08954
1.07905
1.07422
1.07834
1.07586
1.05593
1.04239
1.03085
1.02541
1.01863
1.01036
1.01075
0.999375
0.980927
0.972818
0.953646
0.958835
0.950056
0.948758
0.938608
0.945249
0.942168
0.933247
0.954289
0.944906
0.940925
0.95456
0.960226
0.963161
0.963765
0.972547
0.989621
0.99177
1.00456
1.00905
1.01473
1.01922
1.03095
1.03031
1.04342
1.03491
1.02641
1.0372
1.02769
1.0463
1.03894
1.03175
1.02006
1.027
1.02791
1.02676
1.01094
1.01775
1.01007
1.00422
1.00542
0.994258
0.993562
0.993426
0.98408
0.984403
0.986209
0.977777
0.976646
0.9806
0.975745
0.978078
0.97325
0.978729
0.97659
0.982113
0.976469
0.983557
0.981712
0.98754
0.990718
1.00115
0.994486
0.99723
1.0043
1.00866
1.01086
1.01704
1.01218
1.00639
1.02149
1.01161
1.01216
1.02308
1.01745
1.01941
1.01642
1.00853
1.00983
1.00106
1.00813
1.00459
1.00312
1.00591
0.996334
1.00063
1.00517
1.00152
0.995523
0.995713
0.996225
0.994102
0.988371
0.985061
0.968263
0.967208
0.94642
0.939381
0.926587
0.912164
0.907059
0.892507
0.88511
0.876305
0.863913
0.857661
0.846364
0.834958
0.821144
0.81568
0.808133
0.79822
0.786925
0.77693
0.7664
0.751944
0.746176
0.737238
0.728187
0.716449
0.702615
0.694449
0.691742
0.679473
0.669696
0.654468
0.645553
0.638122
0.627497
0.614811
0.60888
0.598942
0.591441
0.58206
0.571447
0.565256
0.550268
0.546881
0.53749
0.529334
0.517824
0.507963
0.502725
0.489548
0.48694
0.475062
0.471581
0.461258
0.455536
0.446437
0.439446
0.430843
0.424086
0.414446
0.408294
0.399359
0.393192
0.384461
0.37859
0.369399
0.360948
0.357194
0.349641
0.340752
0.333737
0.327874
0.320603
0.310317
0.305353
0.298792
0.292528
0.282453
0.275281
0.267908
0.261089
0.256498
0.248585
0.242834
0.233567
0.229115
0.223812
0.216606
0.21005
0.202332
0.196697
0.187977
0.183748
0.175718
0.170278
0.163903
0.158339
0.151011
0.1454
0.138783
0.132648
0.12759
0.120859
0.114717
0.111868
0.106694
0.101763
0.0979609
0.0934913
0.0908915
0.0861572
0.0824048
0.0786321
0.0768611
0.0723606
0.0710332
0.0674506
0.0655541
0.0612946
0.0604497
0.0563408
0.0549347
0.0527014
0.0502571
0.0479651
0.0456546
0.0432771
0.0408963
0.0383051
0.0369704
0.0350408
0.0342867
0.0322076
0.0306139
0.0288221
0.0280072
0.0258093
0.0250637
0.0228894
0.0218917
0.0205599
0.0194416
0.0183986
0.0175576
0.0166104
0.015913
0.0142151
0.0135926
0.0132317
0.0113859
0.0115267
0.010438
0.0096715
0.0089854
0.008191
0.00781967
0.00735603
0.00634842
0.00576579
0.00515333
0.004582
0.00427336
0.00373494
0.00371116
0.0029558
0.00284988
0.00235117
0.00191967
0.00163921
0.00158079
0.00134374
0.00103648
0.000859657
0.000612728
0.000587875
0.000442942
0.000255815
0.000227535
0.000156377
8.05091e-05
1.06849e-05
0
0
0
0
0
0
0
0
0
0
0
0
0
0
0
0
0
0
0
0
0
0
0
0
0
0
0
0
0
0
0
0
0
0
0
0
0
0
0
0
0
0
0
0
0
0
0
0
0
0
0
0
0
0
0
0
0
0
0
0
0
0
0
0
0
0
0
0
