0
0
0
0
0
0
0
0
0
0
0
0
0
0
0
0
0
0
0
0
0
0
0
0
0
0
0
0
0
0
0
0
0
0
0
0
0
0
0
0
0
0
0.00770993
0.0546707
0.263718
0.659222
1.15516
1.82742
2.30216
2.60062
2.75412
2.68196
2.52302
2.3493
2.15839
1.89982
1.69855
1.51453
1.38791
1.23881
1.1145
1.01911
0.969954
0.885619
0.819637
0.767674
0.76163
0.694911
0.665654
0.657551
0.658643
0.634705
0.611829
0.617389
0.62315
0.638162
0.658981
0.67587
0.709124
0.724133
0.759672
0.77409
0.809513
0.839174
0.903435
0.931683
0.992292
1.02223
1.06276
1.07776
1.12027
1.14641
1.17756
1.20496
1.23852
1.23388
1.24176
1.25681
1.24055
1.25351
1.20683
1.17988
1.17222
1.1481
1.12231
1.08818
1.0403
1.03076
0.998838
0.971883
0.956816
0.910447
0.901406
0.897716
0.889311
0.876961
0.884911
0.858385
0.86691
0.870154
0.867144
0.875839
0.879827
0.888527
0.912174
0.932999
0.927817
0.934859
0.969041
0.975723
0.997683
1.0046
1.03561
1.03813
1.04617
1.05538
1.05898
1.08773
1.0686
1.07721
1.08672
1.07191
1.08283
1.08335
1.0684
1.06537
1.05528
1.04518
1.03282
1.03485
1.02457
1.02097
1.00583
0.997832
0.987457
0.980927
0.958318
0.978147
0.959231
0.951151
0.956751
0.947304
0.945512
0.943768
0.957876
0.946917
0.957213
0.957447
0.963564
0.974386
0.973632
0.98081
0.991033
0.997849
0.995723
1.0074
1.00049
1.01078
1.0146
1.01901
1.0275
1.02941
1.02974
1.02402
1.03232
1.02793
1.02151
1.03149
1.02996
1.03526
1.02023
1.02127
1.01702
1.00807
1.01207
1.00455
1.01123
0.99387
0.996555
0.989964
0.989813
1.00194
0.980279
0.976794
0.983272
0.981451
0.975258
0.978679
0.97659
0.971981
0.982164
0.994513
0.988104
0.990348
0.989286
0.991436
0.985291
0.998687
0.99713
1.00435
1.00582
1.00546
1.00675
1.00883
1.00764
1.01042
1.01065
1.01489
1.00906
1.01641
1.00597
1.01114
1.01002
1.00789
1.01045
1.01396
1.00425
1.00526
1.00346
0.998547
1.00299
1.00321
1.00014
1.00045
0.991037
0.996167
0.997137
0.992279
0.994344
0.991375
0.9885
0.97221
0.958659
0.94964
0.940901
0.929238
0.92367
0.911124
0.890244
0.883633
0.878753
0.867913
0.859365
0.845032
0.835612
0.82597
0.816786
0.805339
0.800013
0.785747
0.77088
0.770731
0.75832
0.745764
0.735073
0.728619
0.712208
0.708169
0.698424
0.687553
0.674821
0.662629
0.655939
0.642211
0.634951
0.628107
0.616798
0.610192
0.595345
0.592307
0.58193
0.571248
0.560583
0.547485
0.547168
0.532398
0.528972
0.523264
0.513411
0.503246
0.489206
0.489173
0.479552
0.46684
0.46542
0.456665
0.446893
0.438552
0.429547
0.424626
0.41654
0.408181
0.399716
0.391158
0.387699
0.377041
0.369508
0.364441
0.353439
0.347712
0.341101
0.331447
0.325196
0.322903
0.312528
0.305541
0.296804
0.2893
0.286915
0.273439
0.268609
0.262537
0.253016
0.249864
0.241616
0.23484
0.228843
0.22355
0.214271
0.209472
0.202015
0.195494
0.189928
0.183386
0.177
0.169428
0.164516
0.160992
0.151551
0.145441
0.139276
0.133542
0.128863
0.120819
0.114978
0.111498
0.105849
0.102728
0.0987271
0.0951307
0.0909068
0.0857538
0.0820112
0.0794903
0.0762621
0.0732244
0.0706629
0.0677673
0.0642135
0.061331
0.0594424
0.05673
0.0540386
0.0516318
0.0484769
0.0468434
0.0451002
0.041183
0.0416948
0.0394654
0.0371353
0.0347606
0.0342392
0.0318695
0.0309369
0.0290028
0.0276743
0.0268957
0.0246155
0.0235254
0.0235486
0.02117
0.0200098
0.0190667
0.0180625
0.0170301
0.0150398
0.0148824
0.0136553
0.0123031
0.0121053
0.0114835
0.00962138
0.00891391
0.00921642
0.0081789
0.00748256
0.00696067
0.0064438
0.00539801
0.00517104
0.00450563
0.0041506
0.00372331
0.00346799
0.00290395
0.00293016
0.00253379
0.00202758
0.00200662
0.00135577
0.00136614
0.00110892
0.000892934
0.00077833
0.000560404
0.000442942
0.000244929
0.000184195
0.000129415
3.22036e-05
4.80818e-05
5.31775e-06
0
0
0
0
0
0
0
0
0
0
0
0
0
0
0
0
0
0
0
0
0
0
0
0
0
0
0
0
0
0
0
0
0
0
0
0
0
0
0
0
0
0
0
0
0
0
0
0
0
0
0
0
0
0
0
0
0
0
0
0
0
0
0
0
0
0
0
