0
0
0
0
0
0
0
0
0
0
0
0
0
0
0
0
0
0
0
0
0
0
0
0
0
0
0
0
0
0
0
0
0
0
0
0
0
0
0
0
0
0.000577569
0.00550709
0.0431058
0.170286
0.539101
1.08661
1.73483
2.26875
2.68465
2.80093
2.72734
2.58221
2.41429
2.17179
1.94794
1.76929
1.56658
1.42076
1.21634
1.13053
1.03963
0.96919
0.878712
0.830157
0.775557
0.705171
0.685523
0.660566
0.663935
0.620017
0.620501
0.613532
0.609103
0.632111
0.602389
0.637395
0.676036
0.685233
0.69659
0.739103
0.767501
0.814043
0.857008
0.885324
0.942025
0.969559
1.02678
1.07203
1.10272
1.10654
1.15104
1.19221
1.20269
1.2374
1.22253
1.25544
1.26215
1.25254
1.24708
1.2155
1.21233
1.18774
1.16555
1.1286
1.11052
1.06179
1.0336
1.00382
0.956038
0.945819
0.946532
0.909659
0.892233
0.872847
0.857798
0.851783
0.852693
0.858055
0.856293
0.859951
0.863912
0.870082
0.88331
0.906719
0.901611
0.940063
0.945017
0.966269
0.979282
0.970873
1.02864
1.02524
1.04176
1.04557
1.05972
1.0735
1.0822
1.08618
1.07945
1.08521
1.08542
1.07891
1.07383
1.07255
1.06401
1.07512
1.04934
1.0506
1.03681
1.02198
1.02197
1.00784
0.990613
0.992333
0.982079
0.976879
0.971852
0.957925
0.957329
0.949028
0.94738
0.952594
0.949796
0.93174
0.945682
0.949642
0.953263
0.956627
0.969608
0.965659
0.97895
0.976023
0.985193
1.00101
0.99597
1.0002
1.02474
1.01244
1.02663
1.02741
1.02053
1.03449
1.03994
1.04211
1.03495
1.02517
1.03299
1.02234
1.03266
1.02124
1.0175
1.0226
1.01573
1.01396
0.997054
1.01267
1.00848
1.00458
0.986764
0.974224
0.984423
0.990637
0.984816
0.987719
0.98058
0.982792
0.978194
0.98048
0.964434
0.979156
0.976434
0.984139
0.98869
0.98546
0.987238
0.996432
1.00052
0.996943
1.00165
0.994672
0.999214
1.00808
1.00802
1.00908
1.01457
1.01484
1.01022
1.01289
1.01698
1.01733
1.01491
1.01116
1.01318
1.01036
1.00537
1.01383
1.00597
1.00421
1.00942
1.00142
1.00114
0.996676
0.991376
1.00142
1.00703
0.995451
0.988771
0.985001
0.982219
0.980717
0.974097
0.956474
0.946683
0.941116
0.927197
0.917139
0.908634
0.895365
0.891299
0.879515
0.865426
0.853778
0.851465
0.842308
0.827946
0.813327
0.803504
0.792342
0.788198
0.780968
0.770974
0.757128
0.746854
0.731825
0.726955
0.713938
0.703273
0.69863
0.684586
0.674935
0.668717
0.655067
0.647347
0.632629
0.625056
0.620676
0.610999
0.599719
0.586765
0.579125
0.569118
0.56278
0.556376
0.545012
0.535884
0.527693
0.519487
0.51263
0.505043
0.488303
0.48775
0.47953
0.469529
0.461161
0.454427
0.449169
0.442223
0.432745
0.421272
0.41589
0.404654
0.399033
0.392777
0.38785
0.378859
0.368932
0.365793
0.356488
0.34476
0.345342
0.335239
0.327137
0.317124
0.312273
0.304893
0.298297
0.28675
0.281799
0.275336
0.267206
0.262827
0.252485
0.249041
0.241305
0.237394
0.229168
0.220564
0.216945
0.207401
0.201895
0.196449
0.188969
0.184802
0.177973
0.172702
0.165767
0.157557
0.150601
0.146891
0.139374
0.135555
0.126101
0.121559
0.115255
0.112734
0.10653
0.101366
0.0983633
0.0925677
0.0899271
0.0843684
0.0819885
0.0788052
0.0752514
0.0730531
0.0700038
0.0673475
0.0639425
0.0631962
0.0601236
0.0561678
0.0542608
0.0530508
0.0494699
0.0484871
0.0447423
0.0440309
0.0408129
0.0387126
0.0367849
0.0353484
0.0344431
0.0326067
0.0299545
0.0290028
0.0271882
0.0260742
0.0248989
0.0237418
0.0227463
0.0216567
0.0202164
0.0182829
0.017091
0.0165277
0.0154195
0.0150398
0.0141188
0.0126396
0.0119254
0.0111195
0.0104564
0.00945156
0.00873615
0.00816076
0.00729595
0.00726018
0.00628285
0.00575986
0.00551932
0.00485222
0.0042909
0.00385712
0.00332325
0.00299614
0.00265492
0.00256232
0.00203326
0.0018427
0.00153016
0.00118137
0.000969608
0.000892934
0.000601688
0.000505462
0.000421069
0.000261258
0.00017336
0.000124023
2.68364e-05
5.34243e-06
0
0
0
0
0
0
0
0
0
0
0
0
0
0
0
0
0
0
0
0
0
0
0
0
0
0
0
0
0
0
0
0
0
0
0
0
0
0
0
0
0
0
0
0
0
0
0
0
0
0
0
0
0
0
0
0
0
0
0
0
0
0
0
0
0
0
0
0
