0
0
0
0
0
0
0
0
0
0
0
0
0
0
0
0
0
0
0
0
0
0
0
0
0
0
0
0
0
0
0
0
0
0
0
0
0
0
0
0
0
0.00231028
0.0236805
0.119855
0.379754
0.890334
1.44682
1.94689
2.37405
2.55759
2.58094
2.53082
2.3949
2.18284
2.004
1.74611
1.62626
1.49648
1.33937
1.22477
1.12673
1.03279
0.963842
0.888086
0.833744
0.77718
0.747909
0.712377
0.704025
0.680822
0.670851
0.652801
0.650435
0.642431
0.666521
0.68301
0.697565
0.7027
0.706702
0.742862
0.787302
0.805838
0.823689
0.865996
0.895355
0.925968
0.980992
1.00833
1.07051
1.09776
1.1244
1.14285
1.15582
1.21054
1.20722
1.23475
1.22777
1.22762
1.21697
1.2071
1.18349
1.15217
1.17373
1.11652
1.09863
1.06423
1.04039
1.0163
0.995627
0.960933
0.967488
0.93525
0.925771
0.913622
0.892119
0.889488
0.878388
0.870849
0.890924
0.882762
0.893313
0.892011
0.89136
0.902288
0.920581
0.92441
0.943544
0.971267
0.965306
0.982544
1.00095
1.00074
1.0091
1.04739
1.04194
1.04319
1.07292
1.06989
1.07508
1.05507
1.06797
1.07136
1.07387
1.05944
1.06583
1.0393
1.04685
1.04166
1.03571
1.0243
1.01473
1.01664
1.00651
0.997663
0.993291
0.982984
0.967294
0.980313
0.960855
0.963976
0.963508
0.960499
0.957981
0.960699
0.966846
0.958102
0.962703
0.971664
0.970886
0.963965
0.975411
0.979085
0.986587
0.987506
0.995625
1.00001
0.996211
1.0093
1.02137
1.01249
1.02573
1.01935
1.03034
1.02416
1.03293
1.02584
1.02131
1.02646
1.02741
1.02554
1.02135
1.01579
1.00311
1.01063
1.00762
1.00913
1.01251
0.998792
0.990016
0.995062
0.991619
0.984129
0.990273
0.981309
0.987053
0.992805
0.984542
0.969253
0.985926
0.994917
0.984656
0.985618
0.988897
0.989781
0.991794
0.997476
0.995732
0.996437
0.997297
0.997438
1.0059
1.00005
1.00444
1.00294
1.00225
1.00254
1.00466
1.01482
1.00957
1.01045
1.0078
1.00843
1.00818
1.00847
1.01414
1.0093
1.00793
1.00769
0.999523
1.00195
1.00066
1.00062
1.00143
1.00139
0.99553
0.993939
0.997334
0.991142
0.998693
0.989138
0.991607
0.976944
0.967692
0.95111
0.941731
0.923997
0.926407
0.906774
0.897792
0.89059
0.874868
0.87139
0.856766
0.843212
0.832413
0.82257
0.819489
0.807785
0.793515
0.783528
0.771601
0.767115
0.75753
0.74599
0.732261
0.722551
0.716801
0.70782
0.694154
0.679913
0.673898
0.663231
0.655428
0.645008
0.634828
0.631719
0.615986
0.610192
0.601392
0.596675
0.57863
0.568673
0.561838
0.555303
0.546744
0.536739
0.528711
0.522792
0.511502
0.505919
0.495199
0.490004
0.475258
0.469496
0.461708
0.452754
0.445865
0.442265
0.431721
0.422881
0.413167
0.403475
0.398086
0.39467
0.387437
0.379769
0.369419
0.361244
0.356008
0.345237
0.337702
0.333102
0.325904
0.319881
0.311489
0.303607
0.296916
0.290803
0.283476
0.273943
0.270703
0.262863
0.256687
0.251697
0.241838
0.23423
0.228254
0.224459
0.21599
0.209291
0.203628
0.193899
0.186527
0.185536
0.175886
0.170844
0.166222
0.156766
0.152993
0.14584
0.139179
0.13458
0.127037
0.121233
0.116323
0.11275
0.105896
0.102658
0.0972953
0.0953001
0.0892612
0.0851372
0.0828363
0.0798441
0.0757754
0.0727478
0.0687893
0.0668025
0.0649387
0.0615423
0.0595873
0.0567011
0.0541174
0.0523449
0.0492784
0.0472102
0.0452476
0.0432422
0.0402922
0.0385606
0.0384888
0.0357038
0.0343275
0.0324444
0.0307754
0.0290564
0.0274279
0.02622
0.0246485
0.0237549
0.0224788
0.0207417
0.0200937
0.0185013
0.017679
0.0169093
0.015913
0.0148887
0.013411
0.0125773
0.0118076
0.0111318
0.0106897
0.00916441
0.00862672
0.00813656
0.00764509
0.00687681
0.00604441
0.00591408
0.00514743
0.00500495
0.00442536
0.00370004
0.00332904
0.00324389
0.0027696
0.00241395
0.00214117
0.00180313
0.00137264
0.00115898
0.00101976
0.000831926
0.000634808
0.000527439
0.000442942
0.000299358
0.00026004
0.000107846
5.904e-05
1.60273e-05
1.06355e-05
0
0
0
0
0
0
0
0
0
0
0
0
0
0
0
0
0
0
0
0
0
0
0
0
0
0
0
0
0
0
0
0
0
0
0
0
0
0
0
0
0
0
0
0
0
0
0
0
0
0
0
0
0
0
0
0
0
0
0
0
0
0
0
0
0
0
0
