0
0
0
0
0
0
0
0
0
0
0
0
0
0
0
0
0
0
0
0
0
0
0
0
0
0
0
0
0
0
0
0
0
0
0
0
0
0
0
0
0
0.00173271
0.0176227
0.107239
0.380256
0.792796
1.41232
1.96717
2.3639
2.59575
2.63243
2.55182
2.35196
2.17901
2.01305
1.80488
1.62003
1.49046
1.36233
1.24331
1.12347
1.0483
0.954675
0.892773
0.812703
0.808249
0.731938
0.718271
0.7089
0.675056
0.64043
0.655136
0.642865
0.645193
0.666879
0.650552
0.660171
0.69591
0.723975
0.747426
0.786995
0.795355
0.829243
0.88012
0.903574
0.948692
0.975674
1.02262
1.04739
1.09031
1.11505
1.15829
1.16152
1.18767
1.20878
1.22591
1.23183
1.23651
1.21635
1.21343
1.18891
1.16192
1.16474
1.12247
1.10883
1.06807
1.05144
1.00666
0.998838
0.97487
0.948507
0.926609
0.934259
0.902657
0.89394
0.879869
0.881833
0.888069
0.879944
0.881787
0.886325
0.880219
0.89779
0.91331
0.916089
0.939315
0.939069
0.956888
0.954763
0.981061
0.996456
1.01708
1.01674
1.0398
1.04304
1.0484
1.0514
1.06947
1.0671
1.08053
1.06979
1.07494
1.06485
1.05562
1.06521
1.05264
1.04407
1.04788
1.03598
1.02746
1.0251
1.01321
1.00583
0.994581
0.984748
0.977759
0.983012
0.960383
0.970991
0.968042
0.957484
0.961415
0.95994
0.955303
0.964309
0.957848
0.971171
0.958262
0.969555
0.967704
0.975924
0.984158
0.98993
0.993058
0.989451
0.993257
0.997361
1.01473
1.01188
1.0108
1.02695
1.02282
1.02362
1.02242
1.02171
1.03249
1.02457
1.02946
1.02735
1.02407
1.02089
1.02105
1.01565
1.01395
1.00967
1.00062
1.00388
0.994125
0.999913
0.992288
0.992164
0.991723
0.988793
0.990221
0.985626
0.981852
0.987481
0.983554
0.980274
0.988752
0.985284
0.992556
0.98958
0.974309
0.983601
0.980705
0.996093
0.994965
0.999547
1.00002
1.00165
1.00613
0.989308
0.998278
1.01175
1.01107
1.01975
1.01124
1.01077
1.01318
1.01413
1.01734
1.01422
1.00338
1.0117
1.00881
1.00837
1.00528
1.00127
1.00078
1.0014
0.997307
1.00463
0.995469
1.00691
0.992206
0.992488
0.995088
0.990027
0.994619
0.983396
0.975371
0.961794
0.945909
0.937768
0.932804
0.92367
0.908184
0.898209
0.878256
0.877038
0.875492
0.858239
0.846422
0.835455
0.827579
0.818999
0.803698
0.797406
0.788979
0.772987
0.764699
0.756485
0.744726
0.735152
0.724989
0.708474
0.703519
0.69291
0.683771
0.673443
0.667499
0.659853
0.648907
0.6394
0.626984
0.618071
0.605932
0.599767
0.591014
0.581223
0.570019
0.558804
0.560291
0.545253
0.53511
0.524536
0.520791
0.512027
0.50227
0.493172
0.484949
0.479106
0.473093
0.46336
0.454886
0.448851
0.443465
0.431146
0.42067
0.415519
0.40692
0.401172
0.392686
0.38609
0.376721
0.37061
0.362635
0.355998
0.345744
0.343996
0.334786
0.323924
0.320974
0.313161
0.302367
0.294014
0.290923
0.279697
0.276399
0.266879
0.261008
0.258936
0.248138
0.243198
0.235573
0.22836
0.22245
0.214505
0.21043
0.204734
0.197072
0.189487
0.18288
0.177009
0.170361
0.164408
0.158389
0.151371
0.147835
0.137584
0.133566
0.127702
0.121679
0.115935
0.110593
0.105567
0.101864
0.0977519
0.0946997
0.0903404
0.0865454
0.0834267
0.0782783
0.0757979
0.07382
0.0697002
0.0676642
0.0642941
0.0606024
0.0583917
0.0568597
0.0537016
0.0518743
0.0494699
0.0470409
0.0458581
0.0433608
0.0414517
0.0385675
0.0369704
0.03582
0.0337768
0.0326743
0.0306947
0.0290965
0.0278741
0.0265115
0.0247144
0.0234271
0.0226484
0.0210726
0.0201777
0.0183986
0.0179986
0.0171064
0.0154764
0.0147313
0.0134736
0.0127144
0.0119378
0.0109343
0.0103582
0.00958597
0.0087483
0.00811236
0.00783171
0.00687681
0.0063663
0.00573613
0.00514743
0.00457025
0.00433767
0.00385712
0.00345641
0.00299037
0.00282694
0.00240253
0.00233427
0.0018427
0.00160329
0.00113098
0.000980752
0.000759826
0.000695529
0.000571392
0.000388258
0.000195943
0.000184195
9.70613e-05
4.83055e-05
2.67121e-05
5.31775e-06
0
0
0
0
0
0
0
0
0
0
0
0
0
0
0
0
0
0
0
0
0
0
0
0
0
0
0
0
0
0
0
0
0
0
0
0
0
0
0
0
0
0
0
0
0
0
0
0
0
0
0
0
0
0
0
0
0
0
0
0
0
0
0
0
0
0
0
