0
0
0
0
0
0
0
0
0
0
0
0
0
0
0
0
0
0
0
0
0
0
0
0
0
0
0
0
0
0
0
0
0
0
0
0
0
0
0.00178956
0.0425025
0.13746
0.360403
0.64176
0.928001
1.1252
1.32229
1.39852
1.38258
1.31036
1.35755
1.348
1.28016
1.2973
1.2715
1.25027
1.22973
1.17828
1.14487
1.12234
1.14637
1.0914
1.07583
1.07088
1.00716
1.02781
1.01584
1.01911
1.02523
0.993817
1.02418
0.992667
0.996226
1.01284
0.961406
0.992165
0.93767
0.984478
0.955703
0.976706
0.923331
0.973395
0.973615
0.964575
0.962535
0.995241
0.952865
1.00825
0.973552
0.989268
0.970596
1.00303
1.02114
0.997945
0.969734
0.987339
1.01447
1.03172
0.99532
0.982321
0.973125
0.978542
1.01368
1.01294
1.02639
1.00101
0.996901
1.00259
0.985171
1.0401
0.986678
1.01604
1.00515
1.01587
1.00834
0.988174
1.0117
1.00516
0.997726
0.998337
0.973897
1.00073
1.00589
0.996249
1.00192
0.981782
1.00392
1.00452
1.00531
1.0127
0.991105
1.00713
1.00552
1.01608
0.977849
0.994301
0.999906
0.988299
0.990531
0.987618
1.03185
1.00646
1.00143
0.996045
0.998957
0.979335
0.994237
1.00197
0.996109
0.988392
0.997645
0.998367
0.996788
1.00794
0.999689
0.991902
1.01451
0.99173
0.992864
1.00139
0.998045
0.987604
1.00196
0.996492
0.992278
0.999856
1.01076
0.987844
1.00776
0.99798
1.01218
1.00974
0.999264
0.983879
0.991868
0.986456
1.00229
1.01208
0.995405
1.00326
1.00554
0.987017
1.00693
0.996164
0.997626
1.005
0.989566
1.0191
1.00433
1.00602
0.991221
0.986909
0.998184
0.990059
1.00408
1.0212
1.00363
0.990624
0.999047
1.00752
1.00957
1.00111
1.00185
1.00336
0.994744
0.994237
0.996079
0.991929
0.987874
1.00563
1.00252
1.0008
1.01639
1.00097
0.99883
1.00291
0.991
1.00133
1.00645
0.998589
1.00394
1.00483
0.996106
0.992959
1.00417
0.990819
0.991075
0.997493
1.00063
1.00155
0.99596
0.995275
1.00516
0.994125
1.00635
1.00565
0.989094
0.987197
1.00787
0.992347
1.00789
1.00297
1.00027
1.00345
1.00257
1.00086
1.00254
0.997868
1.00402
1.00812
1.0047
0.988279
0.980225
0.973725
0.955821
0.93567
0.944694
0.926094
0.903993
0.892011
0.880974
0.876803
0.865959
0.8623
0.849425
0.834256
0.815114
0.814984
0.803712
0.789642
0.774918
0.769453
0.764191
0.747054
0.743587
0.734729
0.733354
0.705507
0.705082
0.688708
0.689187
0.681349
0.658373
0.657942
0.641922
0.641711
0.624434
0.616172
0.611187
0.599341
0.592707
0.580524
0.572084
0.560521
0.550549
0.544278
0.541208
0.525464
0.521728
0.513921
0.511826
0.493532
0.487024
0.472852
0.470173
0.463171
0.454431
0.445484
0.439842
0.430306
0.41806
0.419333
0.410084
0.399668
0.392156
0.384088
0.380458
0.365136
0.362339
0.352014
0.347449
0.338131
0.340599
0.326503
0.318404
0.311407
0.304314
0.297949
0.286932
0.281107
0.277987
0.267686
0.262332
0.25543
0.247652
0.243068
0.233514
0.231449
0.221836
0.214369
0.212625
0.201082
0.195107
0.189945
0.186075
0.178738
0.172772
0.161569
0.157148
0.154107
0.147189
0.13726
0.13603
0.12815
0.123181
0.115352
0.111619
0.107717
0.101117
0.0976435
0.0928525
0.089501
0.0853529
0.0837522
0.0787149
0.0769659
0.0734477
0.0693941
0.0688795
0.0630366
0.0594707
0.0584545
0.0557954
0.0528772
0.0524043
0.0487015
0.0465612
0.0447236
0.0434446
0.0405861
0.0390648
0.0378887
0.035157
0.0344839
0.0333484
0.0317398
0.0287195
0.0269907
0.0264099
0.0244463
0.0233069
0.0219874
0.0215983
0.0195772
0.0182272
0.0178622
0.0174498
0.0154891
0.0148404
0.0140311
0.0124651
0.0121218
0.0111565
0.0100205
0.00962874
0.00818697
0.00888871
0.00756082
0.00728414
0.00629477
0.00610588
0.00536781
0.00488747
0.00433377
0.0037078
0.00339659
0.00296541
0.00270653
0.0022066
0.00219607
0.001854
0.00157517
0.00114965
0.00117393
0.00069512
0.000500487
0.000644648
0.000452056
0.000261258
8.66799e-05
0.000115036
7.15637e-05
1.42465e-05
0
0
0
0
0
0
0
0
0
0
0
0
0
0
0
0
0
0
0
0
0
0
0
0
0
0
0
0
0
0
0
0
0
0
0
0
0
0
0
0
0
0
0
0
0
0
0
0
0
0
0
0
0
0
0
0
0
0
0
0
0
0
0
0
0
0
0
0
