0
0.000274106
0.000548211
0.000822317
0.00109642
0.00137053
0.00164463
0.00191874
0.00219284
0.00246695
0.00274106
0.00301516
0.00328927
0.00356337
0.00383748
0.00411158
0.00438569
0.00465979
0.0049339
0.005208
0.00548211
0.00575622
0.00603032
0.00630443
0.00657853
0.00685264
0.00712674
0.00740085
0.00767495
0.00794906
0.00822317
0.00849727
0.00877138
0.00904548
0.00931959
0.00959369
0.0098678
0.0101419
0.010416
0.0106901
0.0109642
0.0112383
0.0115124
0.0117865
0.0120606
0.0123347
0.0126089
0.012883
0.0131571
0.0134312
0.0137053
0.0139794
0.0142535
0.0145276
0.0148017
0.0150758
0.0153499
0.015624
0.0158981
0.0161722
0.0164463
0.0167204
0.0169945
0.0172686
0.0175428
0.0178169
0.018091
0.0183651
0.0186392
0.0189133
0.0191874
0.0194615
0.0197356
0.0200097
0.0202838
0.0205579
0.020832
0.0211061
0.0213802
0.0216543
0.0219284
0.0222025
0.0224767
0.0227508
0.0230249
0.023299
0.0235731
0.0238472
0.0241213
0.0243954
0.0246695
0.0249436
0.0252177
0.0254918
0.0257659
0.02604
0.0263141
0.0265882
0.0268623
0.0271364
0.0274106
0.0276847
0.0279588
0.0282329
0.028507
0.0287811
0.0290552
0.0293293
0.0296034
0.0298775
0.0301516
0.0304257
0.0306998
0.0309739
0.031248
0.0315221
0.0317962
0.0320703
0.0323444
0.0326186
0.0328927
0.0331668
0.0334409
0.033715
0.0339891
0.0342632
0.0345373
0.0348114
0.0350855
0.0353596
0.0356337
0.0359078
0.0361819
0.036456
0.0367301
0.0370042
0.0372783
0.0375525
0.0378266
0.0381007
0.0383748
0.0386489
0.038923
0.0391971
0.0394712
0.0397453
0.0400194
0.0402935
0.0405676
0.0408417
0.0411158
0.0413899
0.041664
0.0419381
0.0422122
0.0424864
0.0427605
0.0430346
0.0433087
0.0435828
0.0438569
0.044131
0.0444051
0.0446792
0.0449533
0.0452274
0.0455015
0.0457756
0.0460497
0.0463238
0.0465979
0.046872
0.0471461
0.0474203
0.0476944
0.0479685
0.0482426
0.0485167
0.0487908
0.0490649
0.049339
0.0496131
0.0498872
0.0501613
0.0504354
0.0507095
0.0509836
0.0512577
0.0515318
0.0518059
0.05208
0.0523542
0.0526283
0.0529024
0.0531765
0.0534506
0.0537247
0.0539988
0.0542729
0.054547
0.0548211
0.0550952
0.0553693
0.0556434
0.0559175
0.0561916
0.0564657
0.0567398
0.0570139
0.0572881
0.0575622
0.0578363
0.0581104
0.0583845
0.0586586
0.0589327
0.0592068
0.0594809
0.059755
0.0600291
0.0603032
0.0605773
0.0608514
0.0611255
0.0613996
0.0616737
0.0619478
0.0622219
0.0624961
0.0627702
0.0630443
0.0633184
0.0635925
0.0638666
0.0641407
0.0644148
0.0646889
0.064963
0.0652371
0.0655112
0.0657853
0.0660594
0.0663335
0.0666076
0.0668817
0.0671558
0.06743
0.0677041
0.0679782
0.0682523
0.0685264
0.0688005
0.0690746
0.0693487
0.0696228
0.0698969
0.070171
0.0704451
0.0707192
0.0709933
0.0712674
0.0715415
0.0718156
0.0720897
0.0723639
0.072638
0.0729121
0.0731862
0.0734603
0.0737344
0.0740085
0.0742826
0.0745567
0.0748308
0.0751049
0.075379
0.0756531
0.0759272
0.0762013
0.0764754
0.0767495
0.0770236
0.0772978
0.0775719
0.077846
0.0781201
0.0783942
0.0786683
0.0789424
0.0792165
0.0794906
0.0797647
0.0800388
0.0803129
0.080587
0.0808611
0.0811352
0.0814093
0.0816834
0.0819575
0.0822317
0.0825058
0.0827799
0.083054
0.0833281
0.0836022
0.0838763
0.0841504
0.0844245
0.0846986
0.0849727
0.0852468
0.0855209
0.085795
0.0860691
0.0863432
0.0866173
0.0868914
0.0871656
0.0874397
0.0877138
0.0879879
0.088262
0.0885361
0.0888102
0.0890843
0.0893584
0.0896325
0.0899066
0.0901807
0.0904548
0.0907289
0.091003
0.0912771
0.0915512
0.0918253
0.0920995
0.0923736
0.0926477
0.0929218
0.0931959
0.09347
0.0937441
0.0940182
0.0942923
0.0945664
0.0948405
0.0951146
0.0953887
0.0956628
0.0959369
0.096211
0.0964851
0.0967592
0.0970333
0.0973075
0.0975816
0.0978557
0.0981298
0.0984039
0.098678
0.0989521
0.0992262
0.0995003
0.0997744
0.100049
0.100323
0.100597
0.100871
0.101145
0.101419
0.101693
0.101967
0.102241
0.102515
0.10279
0.103064
0.103338
0.103612
0.103886
0.10416
0.104434
0.104708
0.104982
0.105257
0.105531
0.105805
0.106079
0.106353
0.106627
0.106901
0.107175
0.107449
0.107723
0.107998
0.108272
0.108546
0.10882
0.109094
0.109368
0.109642
0.109916
0.11019
0.110465
0.110739
0.111013
0.111287
0.111561
0.111835
0.112109
0.112383
0.112657
0.112931
0.113206
0.11348
0.113754
0.114028
0.114302
0.114576
0.11485
0.115124
0.115398
0.115673
0.115947
0.116221
0.116495
0.116769
0.117043
0.117317
0.117591
0.117865
0.118139
0.118414
0.118688
0.118962
0.119236
0.11951
0.119784
0.120058
0.120332
0.120606
0.120881
0.121155
0.121429
0.121703
0.121977
0.122251
0.122525
0.122799
0.123073
0.123347
0.123622
0.123896
0.12417
0.124444
0.124718
0.124992
0.125266
0.12554
0.125814
0.126089
0.126363
0.126637
0.126911
0.127185
0.127459
0.127733
0.128007
0.128281
0.128555
0.12883
0.129104
0.129378
0.129652
0.129926
0.1302
0.130474
0.130748
0.131022
0.131297
0.131571
0.131845
0.132119
0.132393
0.132667
0.132941
0.133215
0.133489
0.133763
0.134038
0.134312
0.134586
0.13486
0.135134
0.135408
0.135682
0.135956
0.13623
0.136505
0.136779
0.137053
0.137327
0.137601
0.137875
0.138149
0.138423
0.138697
0.138971
0.139246
0.13952
0.139794
0.140068
0.140342
0.140616
0.14089
0.141164
0.141438
0.141713
0.141987
0.142261
0.142535
0.142809
0.143083
0.143357
0.143631
0.143905
0.144179
0.144454
0.144728
0.145002
0.145276
0.14555
0.145824
0.146098
0.146372
0.146646
0.146921
0.147195
0.147469
0.147743
0.148017
0.148291
0.148565
0.148839
0.149113
0.149388
0.149662
0.149936
0.15021
0.150484
0.150758
0.151032
0.151306
0.15158
0.151854
0.152129
0.152403
0.152677
0.152951
0.153225
0.153499
0.153773
0.154047
0.154321
0.154596
0.15487
0.155144
0.155418
0.155692
0.155966
0.15624
0.156514
0.156788
0.157062
0.157337
0.157611
0.157885
0.158159
0.158433
0.158707
0.158981
0.159255
0.159529
0.159804
0.160078
0.160352
0.160626
0.1609
0.161174
0.161448
0.161722
0.161996
0.16227
0.162545
0.162819
0.163093
0.163367
0.163641
0.163915
0.164189
0.164463
0.164737
0.165012
0.165286
0.16556
0.165834
0.166108
0.166382
0.166656
0.16693
0.167204
0.167478
0.167753
0.168027
0.168301
0.168575
0.168849
0.169123
0.169397
0.169671
0.169945
0.17022
0.170494
0.170768
0.171042
0.171316
0.17159
0.171864
0.172138
0.172412
0.172686
0.172961
0.173235
0.173509
0.173783
0.174057
0.174331
0.174605
0.174879
0.175153
0.175428
0.175702
0.175976
0.17625
0.176524
0.176798
0.177072
0.177346
0.17762
0.177894
0.178169
0.178443
0.178717
0.178991
0.179265
0.179539
0.179813
0.180087
0.180361
0.180636
0.18091
0.181184
0.181458
0.181732
0.182006
0.18228
0.182554
0.182828
0.183102
0.183377
0.183651
0.183925
0.184199
0.184473
0.184747
0.185021
0.185295
0.185569
0.185844
0.186118
0.186392
0.186666
0.18694
0.187214
0.187488
0.187762
0.188036
0.18831
0.188585
0.188859
0.189133
0.189407
0.189681
0.189955
0.190229
0.190503
0.190777
0.191052
0.191326
0.1916
0.191874
0.192148
0.192422
0.192696
0.19297
0.193244
0.193518
0.193793
0.194067
0.194341
0.194615
0.194889
0.195163
0.195437
0.195711
0.195985
0.19626
0.196534
0.196808
0.197082
0.197356
0.19763
0.197904
0.198178
0.198452
0.198726
0.199001
0.199275
0.199549
0.199823
0.200097
0.200371
0.200645
0.200919
0.201193
0.201468
0.201742
0.202016
0.20229
0.202564
0.202838
0.203112
0.203386
0.20366
0.203934
0.204209
0.204483
0.204757
0.205031
0.205305
0.205579
0.205853
0.206127
0.206401
0.206676
0.20695
0.207224
0.207498
0.207772
0.208046
0.20832
0.208594
0.208868
0.209143
0.209417
0.209691
0.209965
0.210239
0.210513
0.210787
0.211061
0.211335
0.211609
0.211884
0.212158
0.212432
0.212706
0.21298
0.213254
0.213528
0.213802
0.214076
0.214351
0.214625
0.214899
0.215173
0.215447
0.215721
0.215995
0.216269
0.216543
0.216817
0.217092
0.217366
0.21764
0.217914
0.218188
0.218462
0.218736
0.21901
0.219284
0.219559
0.219833
0.220107
0.220381
0.220655
0.220929
0.221203
0.221477
0.221751
0.222025
0.2223
0.222574
0.222848
0.223122
0.223396
0.22367
0.223944
0.224218
0.224492
0.224767
0.225041
0.225315
0.225589
0.225863
0.226137
0.226411
0.226685
0.226959
0.227233
0.227508
0.227782
0.228056
0.22833
0.228604
0.228878
0.229152
0.229426
0.2297
0.229975
0.230249
0.230523
0.230797
0.231071
0.231345
0.231619
0.231893
0.232167
0.232441
0.232716
0.23299
0.233264
0.233538
0.233812
0.234086
0.23436
0.234634
0.234908
0.235183
0.235457
0.235731
0.236005
0.236279
0.236553
0.236827
0.237101
0.237375
0.237649
0.237924
0.238198
0.238472
0.238746
0.23902
0.239294
0.239568
0.239842
0.240116
0.240391
0.240665
0.240939
0.241213
0.241487
0.241761
0.242035
0.242309
0.242583
0.242857
0.243132
0.243406
0.24368
0.243954
0.244228
0.244502
0.244776
0.24505
0.245324
0.245599
0.245873
0.246147
0.246421
0.246695
0.246969
0.247243
0.247517
0.247791
0.248065
0.24834
0.248614
0.248888
0.249162
0.249436
0.24971
0.249984
0.250258
0.250532
0.250807
0.251081
0.251355
0.251629
0.251903
0.252177
0.252451
0.252725
0.252999
0.253273
0.253548
0.253822
0.254096
0.25437
0.254644
0.254918
0.255192
0.255466
0.25574
0.256015
0.256289
0.256563
0.256837
0.257111
0.257385
0.257659
0.257933
0.258207
0.258481
0.258756
0.25903
0.259304
0.259578
0.259852
0.260126
0.2604
0.260674
0.260948
0.261223
0.261497
0.261771
0.262045
0.262319
0.262593
0.262867
0.263141
0.263415
0.263689
0.263964
0.264238
0.264512
0.264786
0.26506
0.265334
0.265608
0.265882
0.266156
0.266431
0.266705
0.266979
0.267253
0.267527
0.267801
0.268075
0.268349
0.268623
0.268898
0.269172
0.269446
0.26972
0.269994
0.270268
0.270542
0.270816
0.27109
0.271364
0.271639
0.271913
0.272187
0.272461
0.272735
0.273009
0.273283
0.273557
0.273831
0.274106
0.27438
0.274654
0.274928
0.275202
0.275476
0.27575
0.276024
0.276298
0.276572
0.276847
0.277121
0.277395
0.277669
0.277943
0.278217
0.278491
0.278765
0.279039
0.279314
0.279588
0.279862
0.280136
0.28041
0.280684
0.280958
0.281232
0.281506
0.28178
0.282055
0.282329
0.282603
0.282877
0.283151
0.283425
0.283699
0.283973
0.284247
0.284522
0.284796
0.28507
0.285344
0.285618
0.285892
0.286166
0.28644
0.286714
0.286988
0.287263
0.287537
0.287811
0.288085
0.288359
0.288633
0.288907
0.289181
0.289455
0.28973
0.290004
0.290278
0.290552
0.290826
0.2911
0.291374
0.291648
0.291922
0.292196
0.292471
0.292745
0.293019
0.293293
0.293567
0.293841
0.294115
0.294389
0.294663
0.294938
0.295212
0.295486
0.29576
0.296034
0.296308
0.296582
0.296856
0.29713
0.297404
0.297679
0.297953
0.298227
0.298501
0.298775
0.299049
0.299323
0.299597
0.299871
0.300146
0.30042
0.300694
0.300968
0.301242
0.301516
0.30179
0.302064
0.302338
0.302612
0.302887
0.303161
0.303435
0.303709
0.303983
0.304257
0.304531
0.304805
0.305079
0.305354
0.305628
0.305902
0.306176
0.30645
0.306724
0.306998
0.307272
0.307546
0.30782
0.308095
0.308369
0.308643
0.308917
0.309191
0.309465
0.309739
0.310013
0.310287
0.310562
0.310836
0.31111
0.311384
0.311658
0.311932
0.312206
0.31248
0.312754
0.313028
0.313303
0.313577
0.313851
0.314125
0.314399
0.314673
0.314947
0.315221
0.315495
0.31577
0.316044
0.316318
0.316592
0.316866
0.31714
0.317414
0.317688
0.317962
0.318236
0.318511
0.318785
0.319059
0.319333
0.319607
0.319881
0.320155
0.320429
0.320703
0.320978
0.321252
0.321526
0.3218
0.322074
0.322348
0.322622
0.322896
0.32317
0.323444
0.323719
0.323993
0.324267
0.324541
0.324815
0.325089
0.325363
0.325637
0.325911
0.326186
0.32646
0.326734
0.327008
0.327282
0.327556
0.32783
0.328104
0.328378
0.328653
0.328927
0.329201
0.329475
0.329749
0.330023
0.330297
0.330571
0.330845
0.331119
0.331394
0.331668
0.331942
0.332216
0.33249
0.332764
0.333038
0.333312
0.333586
0.333861
0.334135
0.334409
0.334683
0.334957
0.335231
0.335505
0.335779
0.336053
0.336327
0.336602
0.336876
0.33715
0.337424
0.337698
0.337972
0.338246
0.33852
0.338794
0.339069
0.339343
0.339617
0.339891
0.340165
0.340439
0.340713
0.340987
0.341261
0.341535
0.34181
0.342084
0.342358
0.342632
0.342906
0.34318
0.343454
0.343728
0.344002
0.344277
0.344551
0.344825
0.345099
0.345373
0.345647
0.345921
0.346195
0.346469
0.346743
0.347018
0.347292
0.347566
0.34784
0.348114
0.348388
0.348662
0.348936
0.34921
0.349485
0.349759
0.350033
0.350307
0.350581
0.350855
0.351129
0.351403
0.351677
0.351951
0.352226
0.3525
0.352774
0.353048
0.353322
0.353596
0.35387
0.354144
0.354418
0.354693
0.354967
0.355241
0.355515
0.355789
0.356063
0.356337
0.356611
0.356885
0.357159
0.357434
0.357708
0.357982
0.358256
0.35853
0.358804
0.359078
0.359352
0.359626
0.359901
0.360175
0.360449
0.360723
0.360997
0.361271
0.361545
0.361819
0.362093
0.362367
0.362642
0.362916
0.36319
0.363464
0.363738
0.364012
0.364286
0.36456
0.364834
0.365109
0.365383
0.365657
0.365931
0.366205
0.366479
0.366753
0.367027
0.367301
0.367575
0.36785
0.368124
0.368398
0.368672
0.368946
0.36922
0.369494
0.369768
0.370042
0.370317
0.370591
0.370865
0.371139
0.371413
0.371687
0.371961
0.372235
0.372509
0.372783
0.373058
0.373332
0.373606
0.37388
0.374154
0.374428
0.374702
0.374976
0.37525
0.375525
0.375799
0.376073
0.376347
0.376621
0.376895
0.377169
0.377443
0.377717
0.377991
0.378266
0.37854
0.378814
0.379088
0.379362
0.379636
0.37991
0.380184
0.380458
0.380733
0.381007
0.381281
0.381555
0.381829
0.382103
0.382377
0.382651
0.382925
0.383199
0.383474
0.383748
0.384022
0.384296
0.38457
0.384844
0.385118
0.385392
0.385666
0.385941
0.386215
0.386489
0.386763
0.387037
0.387311
0.387585
0.387859
0.388133
0.388408
0.388682
0.388956
0.38923
0.389504
0.389778
0.390052
0.390326
0.3906
0.390874
0.391149
0.391423
0.391697
0.391971
0.392245
0.392519
0.392793
0.393067
0.393341
0.393616
0.39389
0.394164
0.394438
0.394712
0.394986
0.39526
0.395534
0.395808
0.396082
0.396357
0.396631
0.396905
0.397179
0.397453
0.397727
0.398001
0.398275
0.398549
0.398824
0.399098
0.399372
0.399646
0.39992
0.400194
0.400468
0.400742
0.401016
0.40129
0.401565
0.401839
0.402113
0.402387
0.402661
0.402935
0.403209
0.403483
0.403757
0.404032
0.404306
0.40458
0.404854
0.405128
0.405402
0.405676
0.40595
0.406224
0.406498
0.406773
0.407047
0.407321
0.407595
0.407869
0.408143
0.408417
0.408691
0.408965
0.40924
0.409514
0.409788
0.410062
0.410336
0.41061
0.410884
0.411158
0.411432
0.411706
0.411981
0.412255
0.412529
0.412803
0.413077
0.413351
0.413625
0.413899
0.414173
0.414448
0.414722
0.414996
0.41527
0.415544
0.415818
0.416092
0.416366
0.41664
0.416914
0.417189
0.417463
0.417737
0.418011
0.418285
0.418559
0.418833
0.419107
0.419381
0.419656
0.41993
0.420204
0.420478
0.420752
0.421026
0.4213
0.421574
0.421848
0.422122
0.422397
0.422671
0.422945
0.423219
0.423493
0.423767
0.424041
0.424315
0.424589
0.424864
0.425138
0.425412
0.425686
0.42596
0.426234
0.426508
0.426782
0.427056
0.42733
0.427605
0.427879
0.428153
0.428427
0.428701
0.428975
0.429249
0.429523
0.429797
0.430072
0.430346
0.43062
0.430894
0.431168
0.431442
0.431716
0.43199
0.432264
0.432538
0.432813
0.433087
0.433361
0.433635
0.433909
0.434183
0.434457
0.434731
0.435005
0.43528
0.435554
0.435828
0.436102
0.436376
0.43665
0.436924
0.437198
0.437472
0.437746
0.438021
0.438295
0.438569
0.438843
0.439117
0.439391
0.439665
0.439939
0.440213
0.440488
0.440762
0.441036
0.44131
0.441584
0.441858
0.442132
0.442406
0.44268
0.442954
0.443229
0.443503
0.443777
0.444051
0.444325
0.444599
0.444873
0.445147
0.445421
0.445696
0.44597
0.446244
0.446518
0.446792
0.447066
0.44734
0.447614
0.447888
0.448163
0.448437
0.448711
0.448985
0.449259
0.449533
0.449807
0.450081
0.450355
0.450629
0.450904
0.451178
0.451452
0.451726
0.452
0.452274
0.452548
0.452822
0.453096
0.453371
0.453645
0.453919
0.454193
0.454467
0.454741
0.455015
0.455289
0.455563
0.455837
0.456112
0.456386
0.45666
0.456934
0.457208
0.457482
0.457756
0.45803
0.458304
0.458579
0.458853
0.459127
0.459401
0.459675
0.459949
0.460223
0.460497
0.460771
0.461045
0.46132
0.461594
0.461868
0.462142
0.462416
0.46269
0.462964
0.463238
0.463512
0.463787
0.464061
0.464335
0.464609
0.464883
0.465157
0.465431
0.465705
0.465979
0.466253
0.466528
0.466802
0.467076
0.46735
0.467624
0.467898
0.468172
0.468446
0.46872
0.468995
0.469269
0.469543
0.469817
0.470091
0.470365
0.470639
0.470913
0.471187
0.471461
0.471736
0.47201
0.472284
0.472558
0.472832
0.473106
0.47338
0.473654
0.473928
0.474203
0.474477
0.474751
0.475025
0.475299
0.475573
0.475847
0.476121
0.476395
0.476669
0.476944
0.477218
0.477492
0.477766
0.47804
0.478314
0.478588
0.478862
0.479136
0.479411
0.479685
0.479959
0.480233
0.480507
0.480781
0.481055
0.481329
0.481603
0.481877
0.482152
0.482426
0.4827
0.482974
0.483248
0.483522
0.483796
0.48407
0.484344
0.484619
0.484893
0.485167
0.485441
0.485715
0.485989
0.486263
0.486537
0.486811
0.487085
0.48736
0.487634
0.487908
0.488182
0.488456
0.48873
0.489004
0.489278
0.489552
0.489827
0.490101
0.490375
0.490649
0.490923
0.491197
0.491471
0.491745
0.492019
0.492293
0.492568
0.492842
0.493116
0.49339
0.493664
0.493938
0.494212
0.494486
0.49476
0.495035
0.495309
0.495583
0.495857
0.496131
0.496405
0.496679
0.496953
0.497227
0.497501
0.497776
0.49805
0.498324
0.498598
0.498872
0.499146
0.49942
0.499694
0.499968
0.500243
0.500517
0.500791
0.501065
0.501339
0.501613
0.501887
0.502161
0.502435
0.502709
0.502984
0.503258
0.503532
0.503806
0.50408
0.504354
0.504628
0.504902
0.505176
0.505451
0.505725
0.505999
0.506273
0.506547
0.506821
0.507095
0.507369
0.507643
0.507918
0.508192
0.508466
0.50874
0.509014
0.509288
0.509562
0.509836
0.51011
0.510384
0.510659
0.510933
0.511207
0.511481
0.511755
0.512029
0.512303
0.512577
0.512851
0.513126
0.5134
0.513674
0.513948
0.514222
0.514496
0.51477
0.515044
0.515318
0.515592
0.515867
0.516141
0.516415
0.516689
0.516963
0.517237
0.517511
0.517785
0.518059
0.518334
0.518608
0.518882
0.519156
0.51943
0.519704
0.519978
0.520252
0.520526
0.5208
0.521075
0.521349
0.521623
0.521897
0.522171
0.522445
0.522719
0.522993
0.523267
0.523542
0.523816
0.52409
0.524364
0.524638
0.524912
0.525186
0.52546
0.525734
0.526008
0.526283
0.526557
0.526831
0.527105
0.527379
0.527653
0.527927
0.528201
0.528475
0.52875
0.529024
0.529298
0.529572
0.529846
0.53012
0.530394
0.530668
0.530942
0.531216
0.531491
0.531765
0.532039
0.532313
0.532587
0.532861
0.533135
0.533409
0.533683
0.533958
0.534232
0.534506
0.53478
0.535054
0.535328
0.535602
0.535876
0.53615
0.536424
0.536699
0.536973
0.537247
0.537521
0.537795
0.538069
0.538343
0.538617
0.538891
0.539166
0.53944
0.539714
0.539988
0.540262
0.540536
0.54081
0.541084
0.541358
0.541632
0.541907
0.542181
0.542455
0.542729
0.543003
0.543277
0.543551
0.543825
0.544099
0.544374
0.544648
0.544922
0.545196
0.54547
0.545744
0.546018
0.546292
0.546566
0.54684
0.547115
0.547389
0.547663
0.547937
0.548211
0.548485
0.548759
0.549033
0.549307
0.549582
0.549856
0.55013
0.550404
0.550678
0.550952
0.551226
0.5515
0.551774
0.552048
0.552323
0.552597
0.552871
0.553145
0.553419
0.553693
0.553967
0.554241
0.554515
0.55479
0.555064
0.555338
0.555612
0.555886
0.55616
0.556434
0.556708
0.556982
0.557256
0.557531
0.557805
0.558079
0.558353
0.558627
0.558901
0.559175
0.559449
0.559723
0.559998
0.560272
0.560546
0.56082
0.561094
0.561368
0.561642
0.561916
0.56219
0.562464
0.562739
0.563013
0.563287
0.563561
0.563835
0.564109
0.564383
0.564657
0.564931
0.565206
0.56548
0.565754
0.566028
0.566302
0.566576
0.56685
0.567124
0.567398
0.567673
0.567947
0.568221
0.568495
0.568769
0.569043
0.569317
0.569591
0.569865
0.570139
0.570414
0.570688
0.570962
0.571236
0.57151
0.571784
0.572058
0.572332
0.572606
0.572881
0.573155
0.573429
0.573703
0.573977
0.574251
0.574525
0.574799
0.575073
0.575347
0.575622
0.575896
0.57617
0.576444
0.576718
0.576992
0.577266
0.57754
0.577814
0.578089
0.578363
0.578637
0.578911
0.579185
0.579459
0.579733
0.580007
0.580281
0.580555
0.58083
0.581104
0.581378
0.581652
0.581926
0.5822
0.582474
0.582748
0.583022
0.583297
0.583571
0.583845
0.584119
0.584393
0.584667
0.584941
0.585215
0.585489
0.585763
0.586038
0.586312
0.586586
0.58686
0.587134
0.587408
0.587682
0.587956
0.58823
0.588505
0.588779
0.589053
0.589327
0.589601
0.589875
0.590149
0.590423
0.590697
0.590971
0.591246
0.59152
0.591794
0.592068
0.592342
0.592616
0.59289
0.593164
0.593438
0.593713
0.593987
0.594261
0.594535
0.594809
0.595083
0.595357
0.595631
0.595905
0.596179
0.596454
0.596728
0.597002
0.597276
0.59755
0.597824
0.598098
0.598372
0.598646
0.598921
0.599195
0.599469
0.599743
0.600017
0.600291
0.600565
0.600839
0.601113
0.601387
0.601662
0.601936
0.60221
0.602484
0.602758
0.603032
0.603306
0.60358
0.603854
0.604129
0.604403
0.604677
0.604951
0.605225
0.605499
0.605773
0.606047
0.606321
0.606595
0.60687
0.607144
0.607418
0.607692
0.607966
0.60824
0.608514
0.608788
0.609062
0.609337
0.609611
0.609885
0.610159
0.610433
0.610707
0.610981
0.611255
0.611529
0.611803
0.612078
0.612352
0.612626
0.6129
0.613174
0.613448
0.613722
0.613996
0.61427
0.614545
0.614819
0.615093
0.615367
0.615641
0.615915
0.616189
0.616463
0.616737
0.617011
0.617286
0.61756
0.617834
0.618108
0.618382
0.618656
0.61893
0.619204
0.619478
0.619753
0.620027
0.620301
0.620575
0.620849
0.621123
0.621397
0.621671
0.621945
0.622219
0.622494
0.622768
0.623042
0.623316
0.62359
0.623864
0.624138
0.624412
0.624686
0.624961
0.625235
0.625509
0.625783
0.626057
0.626331
0.626605
0.626879
0.627153
0.627428
0.627702
0.627976
0.62825
0.628524
0.628798
0.629072
0.629346
0.62962
0.629894
0.630169
0.630443
0.630717
0.630991
0.631265
0.631539
0.631813
0.632087
0.632361
0.632636
0.63291
0.633184
0.633458
0.633732
0.634006
0.63428
0.634554
0.634828
0.635102
0.635377
0.635651
0.635925
0.636199
0.636473
0.636747
0.637021
0.637295
0.637569
0.637844
0.638118
0.638392
0.638666
0.63894
0.639214
0.639488
0.639762
0.640036
0.64031
0.640585
0.640859
0.641133
0.641407
0.641681
0.641955
0.642229
0.642503
0.642777
0.643052
0.643326
0.6436
0.643874
0.644148
0.644422
0.644696
0.64497
0.645244
0.645518
0.645793
0.646067
0.646341
0.646615
0.646889
0.647163
0.647437
0.647711
0.647985
0.64826
0.648534
0.648808
0.649082
0.649356
0.64963
0.649904
0.650178
0.650452
0.650726
0.651001
0.651275
0.651549
0.651823
0.652097
0.652371
0.652645
0.652919
0.653193
0.653468
0.653742
0.654016
0.65429
0.654564
0.654838
0.655112
0.655386
0.65566
0.655934
0.656209
0.656483
0.656757
0.657031
0.657305
0.657579
0.657853
0.658127
0.658401
0.658676
0.65895
0.659224
0.659498
0.659772
0.660046
0.66032
0.660594
0.660868
0.661142
0.661417
0.661691
0.661965
0.662239
0.662513
0.662787
0.663061
0.663335
0.663609
0.663884
0.664158
0.664432
0.664706
0.66498
0.665254
0.665528
0.665802
0.666076
0.66635
0.666625
0.666899
0.667173
0.667447
0.667721
0.667995
0.668269
0.668543
0.668817
0.669092
0.669366
0.66964
0.669914
0.670188
0.670462
0.670736
0.67101
0.671284
0.671558
0.671833
0.672107
0.672381
0.672655
0.672929
0.673203
0.673477
0.673751
0.674025
0.6743
0.674574
0.674848
0.675122
0.675396
0.67567
0.675944
0.676218
0.676492
0.676766
0.677041
0.677315
0.677589
0.677863
0.678137
0.678411
0.678685
0.678959
0.679233
0.679508
0.679782
0.680056
0.68033
0.680604
0.680878
0.681152
0.681426
0.6817
0.681974
0.682249
0.682523
0.682797
0.683071
0.683345
0.683619
0.683893
0.684167
0.684441
0.684716
0.68499
0.685264
0.685538
0.685812
0.686086
0.68636
0.686634
0.686908
0.687183
0.687457
0.687731
0.688005
0.688279
0.688553
0.688827
0.689101
0.689375
0.689649
0.689924
0.690198
0.690472
0.690746
0.69102
0.691294
0.691568
0.691842
0.692116
0.692391
0.692665
0.692939
0.693213
0.693487
0.693761
0.694035
0.694309
0.694583
0.694857
0.695132
0.695406
0.69568
0.695954
0.696228
0.696502
0.696776
0.69705
0.697324
0.697599
0.697873
0.698147
0.698421
0.698695
0.698969
0.699243
0.699517
0.699791
0.700065
0.70034
0.700614
0.700888
0.701162
0.701436
0.70171
0.701984
0.702258
0.702532
0.702807
0.703081
0.703355
0.703629
0.703903
0.704177
0.704451
0.704725
0.704999
0.705273
0.705548
0.705822
0.706096
0.70637
0.706644
0.706918
0.707192
0.707466
0.70774
0.708015
0.708289
0.708563
0.708837
0.709111
0.709385
0.709659
0.709933
0.710207
0.710481
0.710756
0.71103
0.711304
0.711578
0.711852
0.712126
0.7124
0.712674
0.712948
0.713223
0.713497
0.713771
0.714045
0.714319
0.714593
0.714867
0.715141
0.715415
0.715689
0.715964
0.716238
0.716512
0.716786
0.71706
0.717334
0.717608
0.717882
0.718156
0.718431
0.718705
0.718979
0.719253
0.719527
0.719801
0.720075
0.720349
0.720623
0.720897
0.721172
0.721446
0.72172
0.721994
0.722268
0.722542
0.722816
0.72309
0.723364
0.723639
0.723913
0.724187
0.724461
0.724735
0.725009
0.725283
0.725557
0.725831
0.726105
0.72638
0.726654
0.726928
0.727202
0.727476
0.72775
0.728024
0.728298
0.728572
0.728847
0.729121
0.729395
0.729669
0.729943
0.730217
0.730491
0.730765
0.731039
0.731313
0.731588
0.731862
0.732136
0.73241
0.732684
0.732958
0.733232
0.733506
0.73378
0.734055
0.734329
0.734603
0.734877
0.735151
0.735425
0.735699
0.735973
0.736247
0.736521
0.736796
0.73707
0.737344
0.737618
0.737892
0.738166
0.73844
0.738714
0.738988
0.739263
0.739537
0.739811
0.740085
0.740359
0.740633
0.740907
0.741181
0.741455
0.74173
0.742004
0.742278
0.742552
0.742826
0.7431
0.743374
0.743648
0.743922
0.744196
0.744471
0.744745
0.745019
0.745293
0.745567
0.745841
0.746115
0.746389
0.746663
0.746938
0.747212
0.747486
0.74776
0.748034
0.748308
0.748582
0.748856
0.74913
0.749404
0.749679
0.749953
0.750227
0.750501
0.750775
0.751049
0.751323
0.751597
0.751871
0.752146
0.75242
0.752694
0.752968
0.753242
0.753516
0.75379
0.754064
0.754338
0.754612
0.754887
0.755161
0.755435
0.755709
0.755983
0.756257
0.756531
0.756805
0.757079
0.757354
0.757628
0.757902
0.758176
0.75845
0.758724
0.758998
0.759272
0.759546
0.75982
0.760095
0.760369
0.760643
0.760917
0.761191
0.761465
0.761739
0.762013
0.762287
0.762562
0.762836
0.76311
0.763384
0.763658
0.763932
0.764206
0.76448
0.764754
0.765028
0.765303
0.765577
0.765851
0.766125
0.766399
0.766673
0.766947
0.767221
0.767495
0.76777
0.768044
0.768318
0.768592
0.768866
0.76914
0.769414
0.769688
0.769962
0.770236
0.770511
0.770785
0.771059
0.771333
0.771607
0.771881
0.772155
0.772429
0.772703
0.772978
0.773252
0.773526
0.7738
0.774074
0.774348
0.774622
0.774896
0.77517
0.775444
0.775719
0.775993
0.776267
0.776541
0.776815
0.777089
0.777363
0.777637
0.777911
0.778186
0.77846
0.778734
0.779008
0.779282
0.779556
0.77983
0.780104
0.780378
0.780652
0.780927
0.781201
0.781475
0.781749
0.782023
0.782297
0.782571
0.782845
0.783119
0.783394
0.783668
0.783942
0.784216
0.78449
0.784764
0.785038
0.785312
0.785586
0.78586
0.786135
0.786409
0.786683
0.786957
0.787231
0.787505
0.787779
0.788053
0.788327
0.788602
0.788876
0.78915
0.789424
0.789698
0.789972
0.790246
0.79052
0.790794
0.791068
0.791343
0.791617
0.791891
0.792165
0.792439
0.792713
0.792987
0.793261
0.793535
0.79381
0.794084
0.794358
0.794632
0.794906
0.79518
0.795454
0.795728
0.796002
0.796276
0.796551
0.796825
0.797099
0.797373
0.797647
0.797921
0.798195
0.798469
0.798743
0.799018
0.799292
0.799566
0.79984
0.800114
0.800388
0.800662
0.800936
0.80121
0.801485
0.801759
0.802033
0.802307
0.802581
0.802855
0.803129
0.803403
0.803677
0.803951
0.804226
0.8045
0.804774
0.805048
0.805322
0.805596
0.80587
0.806144
0.806418
0.806693
0.806967
0.807241
0.807515
0.807789
0.808063
0.808337
0.808611
0.808885
0.809159
0.809434
0.809708
0.809982
0.810256
0.81053
0.810804
0.811078
0.811352
0.811626
0.811901
0.812175
0.812449
0.812723
0.812997
0.813271
0.813545
0.813819
0.814093
0.814367
0.814642
0.814916
0.81519
0.815464
0.815738
0.816012
0.816286
0.81656
0.816834
0.817109
0.817383
0.817657
0.817931
0.818205
0.818479
0.818753
0.819027
0.819301
0.819575
0.81985
0.820124
0.820398
0.820672
0.820946
0.82122
0.821494
0.821768
0.822042
0.822317
0.822591
0.822865
0.823139
0.823413
0.823687
0.823961
0.824235
0.824509
0.824783
0.825058
0.825332
0.825606
0.82588
0.826154
0.826428
0.826702
0.826976
0.82725
0.827525
0.827799
0.828073
0.828347
0.828621
0.828895
0.829169
0.829443
0.829717
0.829991
0.830266
0.83054
0.830814
0.831088
0.831362
0.831636
0.83191
0.832184
0.832458
0.832733
0.833007
0.833281
0.833555
0.833829
0.834103
0.834377
0.834651
0.834925
0.835199
0.835474
0.835748
0.836022
0.836296
0.83657
0.836844
0.837118
0.837392
0.837666
0.837941
0.838215
0.838489
0.838763
0.839037
0.839311
0.839585
0.839859
0.840133
0.840407
0.840682
0.840956
0.84123
0.841504
0.841778
0.842052
0.842326
0.8426
0.842874
0.843149
0.843423
0.843697
0.843971
0.844245
0.844519
0.844793
0.845067
0.845341
0.845615
0.84589
0.846164
0.846438
0.846712
0.846986
0.84726
0.847534
0.847808
0.848082
0.848357
0.848631
0.848905
0.849179
0.849453
0.849727
0.850001
0.850275
0.850549
0.850823
0.851098
0.851372
0.851646
0.85192
0.852194
0.852468
0.852742
0.853016
0.85329
0.853565
0.853839
0.854113
0.854387
0.854661
0.854935
0.855209
0.855483
0.855757
0.856031
0.856306
0.85658
0.856854
0.857128
0.857402
0.857676
0.85795
0.858224
0.858498
0.858773
0.859047
0.859321
0.859595
0.859869
0.860143
0.860417
0.860691
0.860965
0.86124
0.861514
0.861788
0.862062
0.862336
0.86261
0.862884
0.863158
0.863432
0.863706
0.863981
0.864255
0.864529
0.864803
0.865077
0.865351
0.865625
0.865899
0.866173
0.866448
0.866722
0.866996
0.86727
0.867544
0.867818
0.868092
0.868366
0.86864
0.868914
0.869189
0.869463
0.869737
0.870011
0.870285
0.870559
0.870833
0.871107
0.871381
0.871656
0.87193
0.872204
0.872478
0.872752
0.873026
0.8733
0.873574
0.873848
0.874122
0.874397
0.874671
0.874945
0.875219
0.875493
0.875767
0.876041
0.876315
0.876589
0.876864
0.877138
0.877412
0.877686
0.87796
0.878234
0.878508
0.878782
0.879056
0.87933
0.879605
0.879879
0.880153
0.880427
0.880701
0.880975
0.881249
0.881523
0.881797
0.882072
0.882346
0.88262
0.882894
0.883168
0.883442
0.883716
0.88399
0.884264
0.884538
0.884813
0.885087
0.885361
0.885635
0.885909
0.886183
0.886457
0.886731
0.887005
0.88728
0.887554
0.887828
0.888102
0.888376
0.88865
0.888924
0.889198
0.889472
0.889746
0.890021
0.890295
0.890569
0.890843
0.891117
0.891391
0.891665
0.891939
0.892213
0.892488
0.892762
0.893036
0.89331
0.893584
0.893858
0.894132
0.894406
0.89468
0.894954
0.895229
0.895503
0.895777
0.896051
0.896325
0.896599
0.896873
0.897147
0.897421
0.897696
0.89797
0.898244
0.898518
0.898792
0.899066
0.89934
0.899614
0.899888
0.900162
0.900437
0.900711
0.900985
0.901259
0.901533
0.901807
0.902081
0.902355
0.902629
0.902904
0.903178
0.903452
0.903726
0.904
0.904274
0.904548
0.904822
0.905096
0.90537
0.905645
0.905919
0.906193
0.906467
0.906741
0.907015
0.907289
0.907563
0.907837
0.908112
0.908386
0.90866
0.908934
0.909208
0.909482
0.909756
0.91003
0.910304
0.910578
0.910853
0.911127
0.911401
0.911675
0.911949
0.912223
0.912497
0.912771
0.913045
0.91332
0.913594
0.913868
0.914142
0.914416
0.91469
0.914964
0.915238
0.915512
0.915786
0.916061
0.916335
0.916609
0.916883
0.917157
0.917431
0.917705
0.917979
0.918253
0.918528
0.918802
0.919076
0.91935
0.919624
0.919898
0.920172
0.920446
0.92072
0.920995
0.921269
0.921543
0.921817
0.922091
0.922365
0.922639
0.922913
0.923187
0.923461
0.923736
0.92401
0.924284
0.924558
0.924832
0.925106
0.92538
0.925654
0.925928
0.926203
0.926477
0.926751
0.927025
0.927299
0.927573
0.927847
0.928121
0.928395
0.928669
0.928944
0.929218
0.929492
0.929766
0.93004
0.930314
0.930588
0.930862
0.931136
0.931411
0.931685
0.931959
0.932233
0.932507
0.932781
0.933055
0.933329
0.933603
0.933877
0.934152
0.934426
0.9347
0.934974
0.935248
0.935522
0.935796
0.93607
0.936344
0.936619
0.936893
0.937167
0.937441
0.937715
0.937989
0.938263
0.938537
0.938811
0.939085
0.93936
0.939634
0.939908
0.940182
0.940456
0.94073
0.941004
0.941278
0.941552
0.941827
0.942101
0.942375
0.942649
0.942923
0.943197
0.943471
0.943745
0.944019
0.944293
0.944568
0.944842
0.945116
0.94539
0.945664
0.945938
0.946212
0.946486
0.94676
0.947035
0.947309
0.947583
0.947857
0.948131
0.948405
0.948679
0.948953
0.949227
0.949501
0.949776
0.95005
0.950324
0.950598
0.950872
0.951146
0.95142
0.951694
0.951968
0.952243
0.952517
0.952791
0.953065
0.953339
0.953613
0.953887
0.954161
0.954435
0.954709
0.954984
0.955258
0.955532
0.955806
0.95608
0.956354
0.956628
0.956902
0.957176
0.957451
0.957725
0.957999
0.958273
0.958547
0.958821
0.959095
0.959369
0.959643
0.959917
0.960192
0.960466
0.96074
0.961014
0.961288
0.961562
0.961836
0.96211
0.962384
0.962659
0.962933
0.963207
0.963481
0.963755
0.964029
0.964303
0.964577
0.964851
0.965125
0.9654
0.965674
0.965948
0.966222
0.966496
0.96677
0.967044
0.967318
0.967592
0.967867
0.968141
0.968415
0.968689
0.968963
0.969237
0.969511
0.969785
0.970059
0.970333
0.970608
0.970882
0.971156
0.97143
0.971704
0.971978
0.972252
0.972526
0.9728
0.973075
0.973349
0.973623
0.973897
0.974171
0.974445
0.974719
0.974993
0.975267
0.975541
0.975816
0.97609
0.976364
0.976638
0.976912
0.977186
0.97746
0.977734
0.978008
0.978283
0.978557
0.978831
0.979105
0.979379
0.979653
0.979927
0.980201
0.980475
0.98075
0.981024
0.981298
0.981572
0.981846
0.98212
0.982394
0.982668
0.982942
0.983216
0.983491
0.983765
0.984039
0.984313
0.984587
0.984861
0.985135
0.985409
0.985683
0.985958
0.986232
0.986506
0.98678
0.987054
0.987328
0.987602
0.987876
0.98815
0.988424
0.988699
0.988973
0.989247
0.989521
0.989795
0.990069
0.990343
0.990617
0.990891
0.991166
0.99144
0.991714
0.991988
0.992262
0.992536
0.99281
0.993084
0.993358
0.993632
0.993907
0.994181
0.994455
0.994729
0.995003
0.995277
0.995551
0.995825
0.996099
0.996374
0.996648
0.996922
0.997196
0.99747
0.997744
0.998018
0.998292
0.998566
0.99884
0.999115
0.999389
0.999663
0.999937
1.00021
1.00049
1.00076
1.00103
1.00131
1.00158
1.00186
1.00213
1.0024
1.00268
1.00295
1.00323
1.0035
1.00377
1.00405
1.00432
1.0046
1.00487
1.00514
1.00542
1.00569
1.00597
1.00624
1.00652
1.00679
1.00706
1.00734
1.00761
1.00789
1.00816
1.00843
1.00871
1.00898
1.00926
1.00953
1.0098
1.01008
1.01035
1.01063
1.0109
1.01118
1.01145
1.01172
1.012
1.01227
1.01255
1.01282
1.01309
1.01337
1.01364
1.01392
1.01419
1.01446
1.01474
1.01501
1.01529
1.01556
1.01584
1.01611
1.01638
1.01666
1.01693
1.01721
1.01748
1.01775
1.01803
1.0183
1.01858
1.01885
1.01912
1.0194
1.01967
1.01995
1.02022
1.02049
1.02077
1.02104
1.02132
1.02159
1.02187
1.02214
1.02241
1.02269
1.02296
1.02324
1.02351
1.02378
1.02406
1.02433
1.02461
1.02488
1.02515
1.02543
1.0257
1.02598
1.02625
1.02653
1.0268
1.02707
1.02735
1.02762
1.0279
1.02817
1.02844
1.02872
1.02899
1.02927
1.02954
1.02981
1.03009
1.03036
1.03064
1.03091
1.03118
1.03146
1.03173
1.03201
1.03228
1.03256
1.03283
1.0331
1.03338
1.03365
1.03393
1.0342
1.03447
1.03475
1.03502
1.0353
1.03557
1.03584
1.03612
1.03639
1.03667
1.03694
1.03722
1.03749
1.03776
1.03804
1.03831
1.03859
1.03886
1.03913
1.03941
1.03968
1.03996
1.04023
1.0405
1.04078
1.04105
1.04133
1.0416
1.04188
1.04215
1.04242
1.0427
1.04297
1.04325
1.04352
1.04379
1.04407
1.04434
1.04462
1.04489
1.04516
1.04544
1.04571
1.04599
1.04626
1.04653
1.04681
1.04708
1.04736
1.04763
1.04791
1.04818
1.04845
1.04873
1.049
1.04928
1.04955
1.04982
1.0501
1.05037
1.05065
1.05092
1.05119
1.05147
1.05174
1.05202
1.05229
1.05257
1.05284
1.05311
1.05339
1.05366
1.05394
1.05421
1.05448
1.05476
1.05503
1.05531
1.05558
1.05585
1.05613
1.0564
1.05668
1.05695
1.05722
1.0575
1.05777
1.05805
1.05832
1.0586
1.05887
1.05914
1.05942
1.05969
1.05997
1.06024
1.06051
1.06079
1.06106
1.06134
1.06161
1.06188
1.06216
1.06243
1.06271
1.06298
1.06326
1.06353
1.0638
1.06408
1.06435
1.06463
1.0649
1.06517
1.06545
1.06572
1.066
1.06627
1.06654
1.06682
1.06709
1.06737
1.06764
1.06792
1.06819
1.06846
1.06874
1.06901
1.06929
1.06956
1.06983
1.07011
1.07038
1.07066
1.07093
1.0712
1.07148
1.07175
1.07203
1.0723
1.07257
1.07285
1.07312
1.0734
1.07367
1.07395
1.07422
1.07449
1.07477
1.07504
1.07532
1.07559
1.07586
1.07614
1.07641
1.07669
1.07696
1.07723
1.07751
1.07778
1.07806
1.07833
1.07861
1.07888
1.07915
1.07943
1.0797
1.07998
1.08025
1.08052
1.0808
1.08107
1.08135
1.08162
1.08189
1.08217
1.08244
1.08272
1.08299
1.08326
1.08354
1.08381
1.08409
1.08436
1.08464
1.08491
1.08518
1.08546
1.08573
1.08601
1.08628
1.08655
1.08683
1.0871
1.08738
1.08765
1.08792
1.0882
1.08847
1.08875
1.08902
1.0893
1.08957
1.08984
1.09012
1.09039
1.09067
1.09094
1.09121
1.09149
1.09176
1.09204
1.09231
1.09258
1.09286
1.09313
1.09341
1.09368
1.09396
1.09423
1.0945
1.09478
1.09505
1.09533
1.0956
1.09587
1.09615
1.09642
1.0967
1.09697
1.09724
1.09752
1.09779
1.09807
1.09834
1.09861
1.09889
1.09916
1.09944
1.09971
1.09999
1.10026
1.10053
1.10081
1.10108
1.10136
1.10163
1.1019
1.10218
1.10245
1.10273
1.103
1.10327
1.10355
1.10382
1.1041
1.10437
1.10465
1.10492
1.10519
1.10547
1.10574
1.10602
1.10629
1.10656
1.10684
1.10711
1.10739
1.10766
1.10793
1.10821
1.10848
1.10876
1.10903
1.1093
1.10958
1.10985
1.11013
1.1104
1.11068
1.11095
1.11122
1.1115
1.11177
1.11205
1.11232
1.11259
1.11287
1.11314
1.11342
1.11369
1.11396
1.11424
1.11451
1.11479
1.11506
1.11534
1.11561
1.11588
1.11616
1.11643
1.11671
1.11698
1.11725
1.11753
1.1178
1.11808
1.11835
1.11862
1.1189
1.11917
1.11945
1.11972
1.12
1.12027
1.12054
1.12082
1.12109
1.12137
1.12164
1.12191
1.12219
1.12246
