0
0
0
0
0
0
0
0
0
0
0
0
0
0
0
0
0
0
0
0
0
0
0
0
0
0
0
0
0
0
0
0
0
0
0
0.0015786
0.0313591
0.141471
0.467076
0.967782
1.44455
1.92562
2.16539
2.39184
2.55379
2.51581
2.45753
2.24933
2.11947
1.96975
1.88081
1.75747
1.69765
1.58682
1.54721
1.50164
1.40284
1.44954
1.36146
1.29248
1.30011
1.24503
1.18666
1.2147
1.17159
1.17458
1.17596
1.09989
1.11296
1.12152
1.11995
1.13943
1.10973
1.07164
1.10937
1.08751
1.08102
1.05927
1.09315
1.0803
1.04626
1.07285
1.08149
1.06002
1.08663
1.05619
1.07073
1.05419
1.03888
1.05603
1.05201
1.05861
1.03398
1.06865
1.0466
1.03526
1.02311
1.01353
1.02012
1.017
1.02365
1.02559
1.03105
1.00528
1.02785
1.03062
1.01294
1.02413
0.997908
1.04082
0.985411
1.00254
1.00963
0.990375
1.01382
1.03273
0.995873
1.00306
0.993001
1.0273
0.984562
1.00521
0.99616
0.994441
0.998039
0.999881
0.992838
0.98528
0.990727
1.00669
1.00241
0.982854
0.997764
1.00241
1.00757
1.00576
0.981252
1.01091
0.996883
0.986527
0.989566
0.986658
1.00617
0.987654
1.00261
0.989538
0.987106
0.975321
0.985776
0.995686
0.970729
0.988207
0.988121
0.986349
0.95712
0.987057
0.984636
0.970408
0.989957
0.996351
0.976097
0.992115
0.983333
0.986746
0.98721
0.985412
0.981003
0.98542
0.988964
0.997964
0.991972
0.983752
0.987556
0.977791
0.983277
0.990254
0.980661
0.983092
0.963304
0.981003
0.991291
0.993563
0.984318
0.988744
0.975249
0.987831
0.996313
0.985374
0.980154
0.993493
0.991313
0.982668
0.998362
0.976434
0.989611
0.96879
0.981625
0.968394
0.985068
0.990963
0.975362
0.989273
0.989958
0.983903
0.981773
0.985856
0.982536
0.984178
0.994667
0.975177
0.97846
0.994668
0.988501
0.989694
0.984119
0.987516
0.983932
0.985419
0.977712
0.981872
0.985179
0.983157
0.977032
0.981571
0.984964
0.974917
0.965397
0.990024
0.991513
0.984893
0.980522
0.985508
0.983489
0.997341
0.972247
0.98345
0.991691
0.976374
0.989853
0.98698
0.984843
0.979842
0.982095
0.985319
0.975512
0.981082
0.98833
0.980911
0.977285
0.989154
0.97547
0.968137
0.94379
0.941188
0.932915
0.917886
0.914221
0.900923
0.882266
0.878167
0.86021
0.854458
0.849404
0.834087
0.820995
0.803872
0.808887
0.790812
0.778061
0.776297
0.76445
0.749032
0.740303
0.733117
0.718149
0.71111
0.70189
0.693921
0.689768
0.676182
0.67233
0.655085
0.646068
0.63679
0.619245
0.61987
0.60537
0.600805
0.591843
0.579548
0.568564
0.560923
0.554583
0.551965
0.548131
0.529209
0.523156
0.511687
0.504692
0.496471
0.489206
0.479904
0.471323
0.461786
0.453587
0.446679
0.438813
0.434386
0.42175
0.415
0.405501
0.406469
0.397556
0.387858
0.378778
0.371405
0.368466
0.354978
0.343162
0.341368
0.339416
0.324624
0.320318
0.312904
0.307446
0.298443
0.29128
0.283736
0.275614
0.267585
0.265604
0.256744
0.256822
0.2416
0.236833
0.230899
0.222149
0.219036
0.211476
0.204104
0.199063
0.19418
0.18891
0.179617
0.173128
0.167778
0.163911
0.15343
0.147948
0.144692
0.138005
0.130297
0.124211
0.119243
0.116228
0.107169
0.103016
0.10023
0.0960801
0.0929141
0.0892918
0.084886
0.0824048
0.079272
0.0729678
0.0715564
0.0681895
0.0649759
0.0642575
0.0613602
0.0582178
0.0558002
0.0532643
0.0505694
0.047023
0.0474924
0.0448125
0.0437238
0.0399381
0.0385952
0.0368536
0.0333937
0.0337088
0.0309767
0.0297392
0.0289693
0.0268619
0.0262597
0.0248857
0.0230665
0.0225571
0.0221564
0.0204166
0.0183986
0.0163624
0.01586
0.0154384
0.0142403
0.0133295
0.0122906
0.0118696
0.0110824
0.0103275
0.00937213
0.00846257
0.00765865
0.00763305
0.00678096
0.00563907
0.00575392
0.00523007
0.00511069
0.00409214
0.00387457
0.00314956
0.00298461
0.00259184
0.00205442
0.00191967
0.00153746
0.00136139
0.0010638
0.00100304
0.000787556
0.000662409
0.000637322
0.000360916
0.000119743
0.000162525
0.000129415
2.14691e-05
3.20546e-05
0
0
0
0
0
0
0
0
0
0
0
0
0
0
0
0
0
0
0
0
0
0
0
0
0
0
0
0
0
0
0
0
0
0
0
0
0
0
0
0
0
0
0
0
0
0
0
0
0
0
0
0
0
0
0
0
0
0
0
0
0
0
0
0
0
0
0
0
