0
0
0
0
0
0
0
0
0
0
0
0
0
0
0
0
0
0
0
0
0
0
0
0
0
0
0
0
0
0
0
0
0
0
0
0
0
0
0.00178956
0.0272016
0.11482
0.301876
0.625606
0.848097
1.09305
1.32869
1.40342
1.50367
1.45245
1.35755
1.30016
1.34217
1.27324
1.19272
1.19847
1.17634
1.18825
1.19221
1.15567
1.15387
1.10227
1.1137
1.09057
1.07228
1.07181
1.06159
1.0353
1.04561
0.960464
0.995079
0.969718
0.946415
0.964392
0.976137
0.966835
0.968848
0.945497
0.960119
0.92376
0.958166
0.965208
0.959239
0.936905
0.973187
1.02719
0.947059
0.980239
1.0127
0.971995
0.949403
0.981976
1.00467
1.00073
1.00887
0.987933
0.978695
0.994407
1.0009
1.0124
1.02403
1.00323
1.01214
1.02354
0.988505
1.01
1.01716
1.0068
1.02993
0.983769
1.01677
1.00105
1.00579
0.986944
0.989397
1.00436
1.01488
0.996557
1.0081
0.995692
1.01773
0.989404
0.981989
1.01817
0.994267
0.992905
1.00123
1.00137
1.00694
0.979924
1.01072
1.0322
1.00721
1.00792
0.987374
1.02084
0.985459
1.00581
0.983656
0.987065
0.992184
0.995982
0.994143
0.987815
1.00797
0.986195
1.00238
1.00802
1.0122
1.00451
0.978774
1.00024
1.01043
1.01284
0.983253
0.986901
0.995311
1.01296
0.973937
0.99843
1.01431
0.993782
0.989853
0.990465
0.992278
1.01515
1.00108
1.00172
1.00331
1.01433
0.99381
0.998337
0.984654
0.995022
1.00403
1.00449
1.00737
1.01021
0.997762
0.9847
0.996151
0.98319
0.991631
1.0105
1.01354
1.01224
1.00861
1.00438
1.00033
1.00916
0.998386
0.983912
1.00252
0.997647
0.989062
0.997429
1.00391
0.995571
1.00197
1.00025
0.992313
1.01009
0.995643
0.992561
0.994744
1.01225
1.00318
1.00704
0.999025
0.994408
0.997568
1.00068
0.999546
0.995506
0.991032
1.00597
0.996084
0.985772
1.00589
0.990254
0.98918
1.01809
0.992537
0.992048
0.993704
0.992766
0.998952
1.00664
1.00366
1.00063
0.996665
0.996673
1.00234
1.00674
1.00261
1.00131
1.00349
1.00669
1.01582
0.997104
0.98098
0.999438
1.00491
0.995695
0.998092
1.00166
1.00003
0.988133
1.01784
1.00077
1.0084
1.00151
0.97427
0.96582
0.95516
0.942673
0.92901
0.925368
0.913114
0.894353
0.888379
0.872464
0.861576
0.85999
0.852482
0.836266
0.812555
0.823425
0.808531
0.798473
0.775502
0.77025
0.761384
0.752377
0.745183
0.732441
0.718746
0.712967
0.69709
0.690554
0.681615
0.671673
0.662357
0.659238
0.652351
0.632502
0.626159
0.618887
0.610545
0.591405
0.585111
0.583101
0.576641
0.565388
0.550087
0.547856
0.543091
0.532404
0.524215
0.509217
0.502097
0.494325
0.492802
0.472272
0.470144
0.465889
0.459461
0.439865
0.436083
0.434933
0.419167
0.417242
0.40571
0.392497
0.390186
0.385698
0.382031
0.371147
0.362287
0.354236
0.346721
0.339758
0.332181
0.328824
0.327022
0.308409
0.306918
0.294192
0.28802
0.283148
0.275372
0.268487
0.258663
0.252839
0.251969
0.244395
0.234787
0.229153
0.224654
0.213235
0.211106
0.201654
0.19488
0.190804
0.184749
0.176637
0.172172
0.165236
0.156928
0.152949
0.150468
0.13821
0.133561
0.127211
0.120655
0.114593
0.112333
0.106444
0.103815
0.0972514
0.0945971
0.0892357
0.0853326
0.0819153
0.0809834
0.0775648
0.0736264
0.0675181
0.0653442
0.0651463
0.0615496
0.0589569
0.0562374
0.0532022
0.0521761
0.0491743
0.0463731
0.0456405
0.0434818
0.0413638
0.0398936
0.0380353
0.0360865
0.033378
0.0322482
0.0304838
0.0295227
0.0269729
0.0277348
0.0245694
0.0223277
0.0227354
0.0212522
0.0198182
0.0183643
0.0179475
0.0163645
0.015624
0.014639
0.0133295
0.0125648
0.012651
0.0113539
0.0102661
0.00913997
0.00860848
0.00824343
0.00768924
0.00698064
0.0061994
0.00590024
0.00527336
0.00512244
0.00447407
0.00383191
0.0030878
0.00325734
0.00227837
0.00267836
0.00202947
0.00158268
0.00139515
0.00138853
0.00130767
0.0007247
0.000559367
0.000571392
0.000539551
0.000333829
0.000158913
0.000158174
4.29382e-05
4.27394e-05
0
0
0
0
0
0
0
0
0
0
0
0
0
0
0
0
0
0
0
0
0
0
0
0
0
0
0
0
0
0
0
0
0
0
0
0
0
0
0
0
0
0
0
0
0
0
0
0
0
0
0
0
0
0
0
0
0
0
0
0
0
0
0
0
0
0
0
0
