0
0
0
0
0
0
0
0
0
0
0
0
0
0
0
0
0
0
0
0
0
0
0
0
0
0
0
0
0
0
0
0
0
0
0
0
0
0.0565884
0.241591
0.255015
0.703474
0.924111
0.81505
1.13547
1.22566
1.17238
1.04889
0.987554
0.930335
1.12047
1.04533
1.12514
1.1693
1.126
0.937703
0.891299
1.1467
1.03496
1.0115
1.01151
1.18488
0.883668
0.814873
0.828881
0.946838
1.01089
0.854753
0.94314
1.043
1.05439
1.06472
0.933962
0.999213
1.09005
1.0108
0.970244
1.01983
1.02681
0.910416
1.06393
1.08678
0.988391
0.982113
0.94161
1.10892
0.941616
1.05291
0.966623
0.949982
1.05305
1.04934
1.03128
1.02771
0.964879
0.935655
0.9118
1.02118
1.0129
0.906317
0.992684
1.01636
1.05823
0.958149
0.973152
0.892676
0.929455
0.975227
1.01914
0.970024
0.982254
0.912418
0.992138
0.94314
0.96057
0.91048
1.02602
1.02021
0.985622
1.05973
1.0365
1.0084
0.997262
1.0712
0.970441
0.988285
0.954915
0.999551
1.10876
1.09639
1.01784
1.11211
0.98481
0.95187
0.955524
0.936969
1.00121
1.02076
0.987024
0.983193
1.04275
1.11867
1.01547
0.905258
0.973838
1.06331
1.02243
0.999249
1.01501
1.10784
0.945306
0.948595
1.04186
0.994023
0.994623
0.963454
0.946166
0.986098
1.03617
1.0073
0.971249
0.948371
0.993107
1.01558
0.945145
0.935159
1.05318
0.986026
1.04236
0.927723
1.0276
0.98684
1.01865
0.933335
0.959617
0.998304
1.00763
1.01923
0.973683
1.01026
0.994093
0.981888
0.973513
1.01305
1.03867
0.98536
1.00136
0.978067
0.98577
0.977579
0.951776
0.982377
1.00469
0.964217
0.995721
1.00339
0.945263
0.972763
0.967017
0.95225
0.972719
0.988774
1.0074
0.949933
0.975208
0.992334
1.04112
0.937748
1.0156
0.960116
1.03528
0.965305
0.994446
0.938408
0.961936
1.06541
1.00842
0.962626
0.983232
0.984254
1.04302
1.00903
0.959395
1.00223
0.959825
0.993924
1.05164
0.966366
0.997097
1.0684
1.00699
1.02074
0.990408
0.943631
1.02679
0.990553
1.00583
1.01584
0.986849
1.01566
0.981534
0.969949
0.996727
0.991906
0.975052
0.979739
0.994219
1.01695
1.03797
0.980668
0.995194
1.0177
0.9788
0.978551
0.941745
0.955245
0.952659
0.924078
0.899513
0.874108
0.87152
0.872464
0.870459
0.864417
0.872195
0.840588
0.815641
0.78152
0.784028
0.803035
0.753261
0.799361
0.762176
0.739446
0.718623
0.745607
0.723429
0.691663
0.691854
0.68433
0.652957
0.668032
0.636682
0.675059
0.621295
0.592356
0.608716
0.609806
0.603646
0.585605
0.560677
0.582755
0.5502
0.562722
0.56767
0.542718
0.536317
0.528632
0.523736
0.514427
0.481278
0.500112
0.505116
0.469605
0.44103
0.454016
0.466396
0.444298
0.427527
0.413472
0.401666
0.428385
0.398575
0.415178
0.388243
0.388996
0.382537
0.367016
0.382074
0.329866
0.330922
0.340868
0.320659
0.329002
0.320508
0.310223
0.298931
0.274708
0.284533
0.27506
0.294283
0.246972
0.25888
0.250128
0.249703
0.257814
0.237544
0.221376
0.227052
0.215643
0.212303
0.205224
0.194129
0.191641
0.172991
0.171318
0.166994
0.161724
0.158817
0.140871
0.144301
0.13441
0.136223
0.121682
0.12386
0.109548
0.112396
0.108948
0.0993113
0.101854
0.0914363
0.0878682
0.0794665
0.075698
0.079799
0.0658852
0.0679079
0.0666492
0.0642247
0.0656347
0.0579942
0.0562322
0.0611193
0.0562035
0.0590404
0.045108
0.0474078
0.0449107
0.0429979
0.0391604
0.0381255
0.0373757
0.0347196
0.0378018
0.031653
0.0293355
0.0337351
0.0303645
0.0275582
0.0271528
0.0207192
0.0234834
0.0241424
0.0167878
0.0179874
0.0120161
0.013736
0.0159446
0.015109
0.0120267
0.0134623
0.0131471
0.0103666
0.0105608
0.0102641
0.00997027
0.00919522
0.00890924
0.00622986
0.00572252
0.00593188
0.00519465
0.00422954
0.00280604
0.00511955
0.00416854
0.00276566
0.00298177
0.00342404
0.00159026
0.00180878
0.00135014
0.00134374
0.00156029
0.000665541
0.000220803
0
0.000218737
0.00108857
0
0.000215692
0
0
0
0
0
0
0
0
0
0
0
0
0
0
0
0
0
0
0
0
0
0
0
0
0
0
0
0
0
0
0
0
0
0
0
0
0
0
0
0
0
0
0
0
0
0
0
0
0
0
0
0
0
0
0
0
0
0
0
0
0
0
0
0
0
0
0
0
0
0
