-0.0441604
-0.000735595
-0.136821
-0.190679
-0.0710507
-0.0631187
0.0522183
-0.0389145
-0.00575192
-0.0515987
-0.105968
-0.037611
0.0343178
-0.0704255
-0.0725862
0.0306572
-0.0539848
-0.170061
-0.0745786
-0.0947148
-0.155452
0.00533679
-0.0276419
-0.0129687
-0.0905593
-0.0235153
0.0615753
-0.0521438
-0.0476528
-0.0268224
-0.0288707
0.0981675
-0.106226
-0.0497525
0.115819
-0.101596
0.111901
0.0830001
-0.114491
-0.0171965
-0.150458
-0.123555
-0.137313
-0.00481373
0.0302664
0.0505283
-0.139328
0.00167644
-0.063644
-0.0110001
0.0479433
0.0362011
0.0726659
-0.032382
-0.124168
-0.0595902
-0.0859346
-0.105705
-0.101706
-0.148161
