0
0
0
0
0
0
0
0
0
0
0
0
0
0
0
0
0
0
0
0
0
0
0
0
0
0
0
0
0
0
0
0
0
0
0
0
0
0
0
0
0
0
0.0143184
0.0672871
0.294359
0.745708
1.37644
2.00773
2.44594
2.78087
2.73111
2.52107
2.34799
2.14148
1.99195
1.74385
1.59728
1.42608
1.28415
1.24415
1.04629
1.01464
0.901454
0.879699
0.852633
0.796656
0.743635
0.739667
0.718228
0.716243
0.706074
0.665059
0.675983
0.665079
0.664191
0.690339
0.690086
0.702534
0.724136
0.748527
0.812936
0.81078
0.838304
0.8737
0.88017
0.923655
0.951611
1.02899
1.04777
1.0831
1.10885
1.14035
1.1614
1.16969
1.21011
1.21413
1.23952
1.22678
1.21245
1.22619
1.18595
1.16579
1.16455
1.12042
1.07904
1.06709
1.02662
1.0083
0.980164
0.978106
0.937183
0.938211
0.924749
0.8937
0.899554
0.902835
0.892093
0.895274
0.883486
0.881578
0.89482
0.90077
0.916748
0.939789
0.928218
0.934578
0.955914
0.955174
0.96386
0.983315
0.997391
1.0222
1.01238
1.04549
1.01846
1.04336
1.04457
1.05163
1.05963
1.06555
1.06031
1.06764
1.05055
1.04852
1.06293
1.03493
1.04625
1.05478
1.03837
1.01438
1.03353
1.011
1.00429
0.999183
1.00838
0.988949
0.992109
0.975862
0.956856
0.968824
0.965285
0.9568
0.957115
0.954447
0.957068
0.9597
0.974257
0.972941
0.979505
0.962511
0.974111
0.994575
0.993306
0.987837
1.00399
0.996067
1.0002
0.987449
1.02474
1.0015
1.01126
1.02515
1.02308
1.03176
1.02598
1.03085
1.02703
1.02278
1.01302
1.01338
1.02196
1.00616
1.00513
1.02043
1.00991
1.01428
1.01038
1.00272
0.992743
0.990163
0.988774
0.997456
0.988988
0.986786
0.988481
0.974456
0.994246
0.993419
0.989038
0.980389
0.980031
0.999338
0.983875
0.983453
0.992032
0.994113
0.998066
0.997363
0.996047
0.998347
0.995818
1.01641
0.994432
0.9977
1.00821
1.01118
0.998824
1.01893
1.01365
1.02021
1.00857
1.00611
0.999866
1.01026
1.00785
1.00128
0.997168
1.00223
1.0121
0.998911
0.991034
1.00004
1.00148
1.01079
0.989689
1.00056
0.988493
1.00491
0.991364
0.995577
0.986123
0.970968
0.96972
0.950383
0.940041
0.934648
0.924381
0.912564
0.901975
0.890871
0.877712
0.875754
0.849115
0.843427
0.829498
0.826478
0.812865
0.807021
0.803256
0.781529
0.774265
0.766035
0.759754
0.75107
0.732406
0.726417
0.706418
0.701904
0.692204
0.688915
0.672912
0.661989
0.659703
0.650082
0.636549
0.622091
0.625802
0.610361
0.593755
0.593696
0.578677
0.570968
0.56528
0.551942
0.548453
0.530712
0.519603
0.523826
0.511815
0.497779
0.48795
0.487258
0.477215
0.471851
0.46601
0.455077
0.447009
0.444148
0.430759
0.421708
0.416437
0.409811
0.403036
0.388749
0.38962
0.375941
0.368744
0.368793
0.35187
0.3478
0.340365
0.336519
0.324144
0.323246
0.311791
0.301109
0.299996
0.29173
0.281992
0.274731
0.270011
0.262139
0.252899
0.249202
0.240549
0.233673
0.225909
0.222406
0.215261
0.206762
0.202186
0.196722
0.192489
0.18304
0.175257
0.170078
0.167043
0.157928
0.150945
0.146174
0.141309
0.132632
0.129559
0.12144
0.116624
0.109263
0.107743
0.103919
0.0979996
0.093145
0.0914043
0.0862105
0.0843578
0.0798592
0.076307
0.0717649
0.069715
0.0669056
0.0634517
0.0603402
0.0591163
0.0563768
0.0537375
0.0522807
0.0496755
0.046787
0.0443353
0.0438634
0.0404936
0.0391892
0.0364551
0.0355124
0.0333417
0.0343314
0.0302775
0.0290497
0.0283002
0.0264982
0.024978
0.0234074
0.0234442
0.0210532
0.0198484
0.0196577
0.0176279
0.0161144
0.0151347
0.014895
0.0135425
0.0128017
0.0125146
0.010848
0.0101678
0.00982424
0.00875438
0.0082273
0.0074043
0.006757
0.00630669
0.00582511
0.00482867
0.00465249
0.00426752
0.00380476
0.00324219
0.00341098
0.00251156
0.00241965
0.00205597
0.00198966
0.0014739
0.00123176
0.00111449
0.000798649
0.000640328
0.000615346
0.000349979
0.000261258
0.00019503
9.70613e-05
9.66109e-05
2.13697e-05
0
0
0
0
0
0
0
0
0
0
0
0
0
0
0
0
0
0
0
0
0
0
0
0
0
0
0
0
0
0
0
0
0
0
0
0
0
0
0
0
0
0
0
0
0
0
0
0
0
0
0
0
0
0
0
0
0
0
0
0
0
0
0
0
0
0
0
0
