0
0
0
0
0
0
0
0
0
0
0
0
0
0
0
0
0
0
0
0
0
0
0
0
0
0
0
0
0
0
0
0
0
0
0
0
0
0
0.00715826
0.0374022
0.168187
0.340381
0.587423
0.870526
1.156
1.34663
1.35926
1.47075
1.44117
1.35106
1.29392
1.23415
1.30115
1.26594
1.24313
1.19873
1.18991
1.19301
1.1549
1.11565
1.0972
1.08074
1.1028
1.02689
1.08775
1.03439
0.978317
1.03513
1.0136
0.974211
0.960112
0.987924
0.951271
0.960915
0.986429
0.973502
0.962268
0.970718
0.982302
0.968238
0.969301
0.959239
0.987959
0.982318
0.969979
0.919482
0.933442
0.983253
0.951675
1.01298
0.987158
1.01512
1.00228
1.01585
0.99625
0.991783
0.981304
1.02127
1.01458
1.02939
1.00034
1.04535
0.990213
1.00831
0.995424
1.00858
1.01498
1.01203
1.00901
0.988227
1.00257
1.04399
1.00329
0.981778
1.04665
1.00494
1.01415
0.991386
0.998526
0.998045
0.999634
0.994207
1.00986
1.00262
0.981953
0.984219
0.989937
0.988503
0.983137
0.995059
0.998559
0.987878
0.990851
1.00494
0.983451
1.00727
1.01051
0.993899
0.990937
0.990139
0.982814
0.993613
1.00205
0.992645
1.00728
1.00451
0.99208
0.989769
0.984182
0.995627
1.01289
1.00569
0.985469
1.00881
1.00902
1.0076
1.00451
1.0212
1.00107
1.01911
0.994709
0.981717
1.00764
0.999422
0.9778
1.01638
0.982581
1.01882
0.998914
0.985038
1.00491
1.00116
1.00625
0.991428
0.994035
1.02537
0.98875
1.00399
0.999935
1.00397
0.985226
0.984545
0.994651
0.994632
0.994867
1.00876
0.99515
1.00222
0.993554
0.992403
0.998311
0.994929
1.01504
1.00217
1.00108
0.986557
0.999486
0.994219
0.994258
0.992446
0.998605
1.00525
0.998254
1.00775
1.00223
1.00179
0.998212
0.994466
1.0035
1.00766
1.00446
0.996166
0.99997
1.00523
0.999801
1.00934
1.01175
1.00729
0.983143
0.993364
0.996814
0.994321
1.00078
0.988235
1.0064
1.0013
1.00639
0.998686
1.00866
0.993039
1.00586
0.996892
1.00919
0.989569
0.99475
0.993781
0.999101
0.989341
1.00345
1.00202
1.00228
0.994498
0.993169
0.998316
0.996778
0.995672
1.00145
1.00333
1.01069
0.995492
0.991829
0.972677
0.978884
0.952725
0.949184
0.923565
0.930126
0.912154
0.901975
0.890703
0.885207
0.85952
0.850828
0.846675
0.856892
0.823731
0.815059
0.804491
0.794094
0.782588
0.773368
0.771064
0.753734
0.748268
0.734729
0.717663
0.718449
0.697435
0.688229
0.669901
0.67056
0.666742
0.65751
0.64651
0.640105
0.626061
0.620761
0.602041
0.601093
0.585681
0.57452
0.570304
0.560273
0.556338
0.551465
0.540691
0.529236
0.51948
0.511688
0.497306
0.497615
0.485128
0.479954
0.467553
0.463972
0.455909
0.452995
0.441273
0.427826
0.424595
0.420599
0.412134
0.402384
0.393317
0.378939
0.375715
0.369293
0.358471
0.356381
0.346384
0.342754
0.335441
0.323443
0.313031
0.315412
0.300158
0.30407
0.292497
0.28214
0.276716
0.266909
0.259532
0.252767
0.250204
0.239512
0.232525
0.229341
0.223093
0.214045
0.208828
0.202798
0.193879
0.186892
0.179736
0.177107
0.16915
0.163535
0.160772
0.154216
0.145561
0.140672
0.132852
0.128577
0.121589
0.116788
0.111955
0.107759
0.102072
0.0995217
0.0950076
0.0896439
0.0881946
0.0832274
0.0799596
0.0759476
0.0727925
0.0659975
0.068742
0.0651658
0.0605782
0.058184
0.0573714
0.0547507
0.0517578
0.0487583
0.0478216
0.0441061
0.0436121
0.040475
0.0390464
0.0375956
0.0350112
0.0349372
0.0319055
0.0302865
0.0298083
0.0275411
0.0252616
0.0245518
0.0241287
0.0221092
0.0211657
0.0190951
0.0189467
0.0174702
0.0171785
0.0154722
0.0143368
0.0138975
0.0128474
0.0120226
0.0114691
0.010921
0.00884671
0.00938664
0.00809824
0.00757687
0.00693272
0.00666038
0.00544151
0.00535207
0.00468382
0.00381933
0.00408013
0.00370537
0.0032727
0.00256891
0.00214573
0.00198403
0.00180878
0.00150016
0.00114965
0.00115907
0.00100571
0.000868491
0.000556741
0.000437474
0.000333829
0.000202253
0.000158174
2.86255e-05
2.84929e-05
0
0
0
0
0
0
0
0
0
0
0
0
0
0
0
0
0
0
0
0
0
0
0
0
0
0
0
0
0
0
0
0
0
0
0
0
0
0
0
0
0
0
0
0
0
0
0
0
0
0
0
0
0
0
0
0
0
0
0
0
0
0
0
0
0
0
0
0
