0
0
0
0
0
0
0
0
0
0
0
0
0
0
0
0
0
0
0
0
0
0
0
0
0
0
0
0
0
0
0
0
0
0
0
0
0
0
0
0
0
0.00346541
0.0253326
0.111444
0.419939
0.92637
1.44452
2.11971
2.53305
2.66882
2.6687
2.51432
2.26787
2.07267
1.80977
1.66182
1.51876
1.39479
1.29577
1.17279
1.05063
0.990971
0.942707
0.892527
0.85598
0.82587
0.754882
0.766738
0.716956
0.7113
0.702072
0.66895
0.678632
0.673549
0.686773
0.702205
0.72442
0.73367
0.759003
0.76521
0.766579
0.809283
0.851165
0.90309
0.92252
0.950597
0.977137
1.00846
1.0493
1.05107
1.12537
1.11398
1.15094
1.18266
1.20365
1.22155
1.22969
1.20397
1.2063
1.19866
1.17591
1.13837
1.13065
1.11801
1.08269
1.04331
1.0175
1.00089
0.972052
0.970473
0.933762
0.93629
0.933866
0.92644
0.912301
0.903283
0.91965
0.905216
0.909554
0.907908
0.891669
0.905487
0.913832
0.908093
0.941823
0.913105
0.963871
0.963741
0.979523
0.998618
0.992718
1.00713
1.02439
1.03701
1.04177
1.04661
1.0592
1.04585
1.05683
1.0448
1.03975
1.0582
1.05045
1.05712
1.06178
1.06124
1.04615
1.02415
1.03206
1.01607
1.01183
1.00632
1.00959
0.990824
0.991624
0.991746
0.98488
0.976182
0.971427
0.959127
0.967138
0.967402
0.951238
0.977741
0.960744
0.961153
0.971889
0.979251
0.974389
0.977883
0.994573
0.981926
0.98087
0.995635
1.00098
1.00886
0.985961
1.01252
1.02137
1.00027
1.02854
1.02768
1.0183
1.0301
1.02779
1.01859
1.01885
1.00739
1.01588
1.00612
1.0122
1.01072
1.00276
1.0123
0.999129
1.00044
1.00491
0.984154
1.00733
0.997761
1.00085
1.00147
1.00116
0.997979
0.98477
0.982888
0.998258
0.986165
0.985285
0.975131
0.989325
1.00023
0.999647
1.00205
0.988962
0.982333
0.995859
1.003
0.987338
0.993185
0.997087
1.00104
1.0009
0.994952
1.01488
1.01956
1.00212
1.00502
0.991704
1.01043
1.01767
1.00782
1.00296
1.00026
1.014
1.00472
0.997915
0.996231
1.01276
1.00127
1.00011
1.00304
0.999992
0.997801
1.01072
0.996299
1.00339
1.00313
0.997678
0.991263
0.998709
0.98075
0.967442
0.939485
0.94514
0.930503
0.917789
0.906024
0.892448
0.891432
0.8795
0.86947
0.854601
0.848442
0.837147
0.81962
0.813705
0.795872
0.795446
0.786267
0.768963
0.764308
0.748581
0.751362
0.729502
0.726679
0.71308
0.70658
0.696077
0.685299
0.672609
0.665604
0.660003
0.6533
0.643234
0.626386
0.620567
0.60586
0.595261
0.595405
0.582425
0.570335
0.563396
0.558871
0.542856
0.54215
0.523608
0.517374
0.508198
0.500463
0.492489
0.486426
0.473715
0.468697
0.460732
0.454949
0.44991
0.441771
0.434396
0.42393
0.418233
0.40735
0.397271
0.392453
0.380689
0.376021
0.369101
0.363168
0.354086
0.353257
0.338738
0.32984
0.328008
0.323949
0.310752
0.302217
0.299641
0.290116
0.283228
0.272752
0.27094
0.265995
0.257398
0.250651
0.242131
0.232366
0.230776
0.226144
0.214531
0.209973
0.199424
0.194419
0.189283
0.182602
0.178006
0.169678
0.163364
0.158224
0.15106
0.145979
0.1399
0.134999
0.126661
0.12179
0.116244
0.111215
0.106068
0.101288
0.0985413
0.0949614
0.089598
0.08618
0.0821777
0.0802506
0.0767562
0.0722564
0.0708407
0.0670382
0.064111
0.062351
0.0581888
0.0567227
0.0528055
0.051967
0.0493918
0.0469704
0.0439143
0.0434865
0.0417989
0.0396174
0.0374444
0.0351844
0.0340352
0.0319641
0.0313944
0.0299466
0.0278741
0.026432
0.0245562
0.0232107
0.0224266
0.0210921
0.0196934
0.0193622
0.0173594
0.0171827
0.0157295
0.0142906
0.0137054
0.0128017
0.0120557
0.010959
0.00911176
0.00926216
0.00909483
0.00735617
0.00770529
0.00662522
0.00596096
0.0057302
0.0050884
0.00509894
0.00458319
0.00406073
0.00333483
0.00304223
0.00286708
0.00247672
0.0024081
0.00177487
0.00172143
0.00131015
0.00117022
0.00103159
0.000673449
0.000604357
0.000426537
0.000304801
0.000162525
0.000150984
6.44073e-05
1.06849e-05
0
0
0
0
0
0
0
0
0
0
0
0
0
0
0
0
0
0
0
0
0
0
0
0
0
0
0
0
0
0
0
0
0
0
0
0
0
0
0
0
0
0
0
0
0
0
0
0
0
0
0
0
0
0
0
0
0
0
0
0
0
0
0
0
0
0
0
0
