0
0
0
0
0
0
0
0
0
0
0
0
0
0
0
0
0
0
0
0
0
0
0
0
0
0
0
0
0
0
0
0
0
0
0
0
0
0
0.00984261
0.0348521
0.135843
0.358863
0.651305
0.917487
1.17878
1.33126
1.39054
1.41197
1.30924
1.34618
1.32668
1.30816
1.31799
1.29837
1.25206
1.2082
1.19241
1.12361
1.15606
1.12539
1.10336
1.10809
1.04745
1.06932
1.04662
1.03439
1.0458
0.994664
1.01784
0.989587
0.998538
0.964575
0.982812
0.947903
0.96325
0.946977
0.947084
0.964314
0.949157
0.984606
0.955589
0.954846
0.957755
0.957779
0.993941
0.943068
0.989102
0.992607
0.980462
1.00189
0.979061
0.985342
0.996704
1.01176
0.981101
0.990765
1.01663
1.01681
1.00023
1.01291
1.02122
1.00828
1.019
1.03159
1.03648
1.01156
0.994287
1.00411
0.997964
1.00781
1.01659
0.990965
1.00434
1.0068
0.990096
0.990325
0.999586
0.997246
1.00051
0.995444
1.00018
0.999418
1.00358
0.983398
1.01028
0.989861
0.991678
0.999517
1.00033
0.997116
0.985086
0.987571
0.999539
1.00003
0.982058
1.00959
0.993851
0.99439
0.991836
1.00963
1.00169
1.00819
1.00904
1.00218
0.990895
1.00489
1.0011
0.988306
0.996572
1.0234
1.002
0.989276
1.00241
1.00329
0.995958
0.996354
0.995358
1.0027
0.997111
0.994604
1.00217
0.989141
0.994383
0.999621
0.997748
0.999237
1.00961
0.993339
1.00018
1.01098
0.99674
0.993943
1.01009
0.998433
1.00593
1.00431
0.992752
0.996752
0.999477
1.00764
1.0022
1.00427
0.998793
1.0081
1.00652
0.99527
0.997399
0.995805
0.998145
0.982763
1.005
0.992976
1.00516
0.995934
0.996062
1.00235
0.991724
1.0032
0.993719
1.00334
0.99656
1.00593
0.999289
0.998043
1.00289
0.99589
0.993826
0.999456
1.00197
0.99645
0.994937
1.0066
1.00167
1.00462
1.00216
1.01116
1.00077
0.998372
1.00303
0.994383
0.998123
1.00249
1.00338
0.990917
0.996634
0.999604
1.00114
0.992561
0.999134
0.998302
1.00092
0.993353
1.0034
0.993948
0.993592
1.00351
1.00093
1.00801
1.00303
0.995755
0.995723
0.999046
0.997026
0.996906
0.993782
1.00571
0.998872
0.995472
0.995101
0.994001
0.990308
0.987229
0.968066
0.967667
0.949184
0.940204
0.922083
0.916255
0.906123
0.885189
0.875787
0.870808
0.860163
0.846235
0.830104
0.834889
0.81138
0.80399
0.786735
0.782734
0.771356
0.76259
0.743964
0.737612
0.729308
0.721979
0.708474
0.707596
0.691974
0.680766
0.675702
0.65998
0.653721
0.648374
0.635779
0.62362
0.614152
0.609181
0.600631
0.591298
0.583934
0.573629
0.562722
0.555768
0.544064
0.539279
0.533234
0.520379
0.513326
0.507405
0.495955
0.488469
0.478374
0.47563
0.463557
0.450835
0.446501
0.434793
0.42986
0.421563
0.415688
0.407583
0.399003
0.392345
0.384383
0.379193
0.367175
0.361418
0.354132
0.351477
0.342405
0.331797
0.322524
0.319127
0.312944
0.302561
0.294913
0.289108
0.281439
0.277571
0.268937
0.261439
0.256474
0.24739
0.244123
0.238322
0.229845
0.22144
0.216626
0.208655
0.204297
0.194925
0.191358
0.181354
0.176704
0.171005
0.163712
0.159872
0.154817
0.144866
0.140229
0.134537
0.125855
0.122438
0.114603
0.109394
0.106527
0.100131
0.0964568
0.0939403
0.0901848
0.085363
0.0816125
0.0803209
0.0773851
0.0721372
0.0702828
0.0655406
0.0636129
0.0621907
0.0602516
0.0580057
0.0535559
0.0515962
0.0489285
0.0461567
0.0453505
0.0443846
0.0407805
0.038853
0.0378796
0.0365786
0.0338947
0.0335288
0.0308068
0.0292996
0.0278341
0.0262421
0.0252811
0.0237352
0.0222222
0.0209839
0.0198441
0.0198547
0.0174617
0.0159914
0.0149913
0.0148572
0.0134548
0.0125482
0.011882
0.011321
0.00988949
0.00949025
0.00872196
0.00835636
0.00747253
0.00673304
0.0063822
0.00613752
0.00521826
0.004582
0.00416229
0.00366125
0.00350466
0.00305759
0.00263772
0.00240443
0.0021885
0.00165051
0.00149266
0.00130642
0.00114421
0.000783859
0.000713929
0.000527439
0.000437474
0.000290286
0.000223923
9.34665e-05
2.14691e-05
2.13697e-05
0
0
0
0
0
0
0
0
0
0
0
0
0
0
0
0
0
0
0
0
0
0
0
0
0
0
0
0
0
0
0
0
0
0
0
0
0
0
0
0
0
0
0
0
0
0
0
0
0
0
0
0
0
0
0
0
0
0
0
0
0
0
0
0
0
0
0
0
