0.880588
0.77074
0.855241
0.882344
0.830315
0.865647
0.808919
0.833592
0.879519
0.83094
0.897421
0.782982
0.849907
0.857943
0.883175
0.818217
0.850782
0.836107
0.805657
0.82352
0.886459
0.798282
0.828103
0.862032
0.845441
0.86082
0.923334
0.852898
0.763523
0.87968
0.955693
0.852957
0.87114
0.841037
0.926281
0.940083
0.92996
0.881917
0.823505
0.861932
0.85385
0.796607
0.947703
0.898645
0.869892
0.885268
0.847619
0.908888
0.894341
0.895171
0.929371
0.843157
0.973822
0.8673
0.909124
0.896731
0.850552
0.826927
0.806235
0.850356
