0
0
0
0
0
0
0
0
0
0
0
0
0
0
0
0
0
0
0
0
0
0
0
0
0
0
0
0
0
0
0
0
0
0
0
0
0
0.00188628
0.00984261
0.0637538
0.202956
0.511341
0.869386
1.24832
1.64225
1.91616
1.99902
2.03742
1.99261
1.93565
1.8145
1.75222
1.65435
1.55184
1.50032
1.45148
1.3453
1.31335
1.25372
1.17147
1.13126
1.17928
1.10755
1.07261
1.02686
0.97874
1.0353
0.99088
0.975445
0.965424
0.963314
0.963538
0.955813
0.961406
0.978783
0.946977
0.946857
0.971381
0.962286
0.996148
0.985265
1.02274
1.00939
1.00419
1.04874
1.05392
1.0538
1.06536
1.06665
1.06729
1.07266
1.0617
1.08025
1.08412
1.06501
1.10594
1.06149
1.06982
1.04561
1.06623
1.09974
1.0711
1.05472
1.03171
1.03805
1.02872
1.04211
1.06264
1.03942
1.04552
1.03396
1.01603
1.02195
1.04149
1.01073
1.02075
1.02519
1.02001
1.00986
1.01764
1.03115
1.01155
1.00898
1.01522
1.02525
1.01874
1.01994
1.02513
1.01527
1.01198
1.02535
1.00874
1.01707
1.03031
1.01864
1.03104
1.01713
1.01389
1.02143
1.03533
1.0322
1.02627
1.02152
1.01319
1.0332
1.02143
1.01532
1.03086
1.00006
1.0085
1.01125
1.01262
1.01341
1.01382
1.01779
1.0138
1.00743
1.01377
1.01506
1.0128
1.01113
1.01452
1.00779
1.01242
0.998679
1.01323
1.00492
1.00355
1.01078
0.993948
1.0024
1.01464
1.01138
1.01192
1.01093
1.00866
1.01259
1.00723
1.00697
1.0041
1.01531
1.00395
1.00337
1.00479
1.00956
1.00911
1.00323
1.01014
0.996503
1.01438
1.01534
1.00762
0.993101
0.998768
1.00241
1.00384
0.998113
0.992179
0.996412
1.00821
0.997253
0.999334
1.00149
1.00301
1.00844
0.998371
1.00841
0.989476
1.00716
0.999895
0.995925
1.00343
1.00229
1.0045
0.990576
0.995027
0.997599
0.995961
0.999866
1.00754
1.00104
1.00086
0.997727
1.00066
0.999582
1.00198
0.99514
0.997276
0.998499
0.998906
1.00306
1.00338
0.996112
0.992026
1.00396
0.991772
0.992319
0.988683
0.984746
0.998067
1.00221
0.99941
0.994432
0.999613
0.990588
0.996024
0.999265
0.990341
0.992738
0.993085
0.987327
0.973788
0.966132
0.961682
0.941608
0.937299
0.922849
0.911794
0.900288
0.881841
0.873344
0.862856
0.8541
0.841708
0.835735
0.819724
0.808896
0.796187
0.785355
0.780999
0.764885
0.757318
0.745679
0.735343
0.720472
0.71436
0.707572
0.700345
0.687049
0.672125
0.66134
0.657737
0.646741
0.637978
0.628208
0.62323
0.610064
0.600709
0.59225
0.583734
0.575133
0.566402
0.557916
0.550687
0.542672
0.528829
0.527259
0.514445
0.505764
0.498474
0.48964
0.482516
0.474157
0.461995
0.46021
0.449827
0.442505
0.434793
0.424412
0.415664
0.409071
0.401241
0.39266
0.388877
0.37898
0.371544
0.362819
0.356077
0.349647
0.341693
0.332941
0.328101
0.32371
0.31184
0.307402
0.300196
0.29021
0.285906
0.278932
0.274481
0.26187
0.257855
0.248508
0.245446
0.235671
0.230887
0.224667
0.219135
0.209867
0.20579
0.196804
0.194368
0.18497
0.181433
0.174704
0.166917
0.160807
0.153666
0.148254
0.143487
0.137725
0.130168
0.124297
0.118712
0.113569
0.108198
0.104774
0.0993943
0.0957344
0.092011
0.0890724
0.0851804
0.0817336
0.0783937
0.0747198
0.0716309
0.069562
0.0659531
0.0616302
0.061365
0.058155
0.0545941
0.0528007
0.04882
0.0472452
0.0452161
0.0436102
0.0427373
0.0393363
0.0383373
0.0360932
0.0347196
0.0331513
0.0314637
0.0302147
0.0286034
0.0271682
0.0255443
0.0236731
0.0229484
0.0213612
0.0203869
0.0194911
0.0183472
0.0172231
0.0169835
0.0145948
0.0140934
0.0130873
0.0121078
0.0114355
0.0108356
0.010086
0.00923772
0.00817886
0.00849348
0.00752871
0.00634168
0.00653321
0.0059477
0.00524188
0.0048483
0.00408434
0.00353714
0.00328851
0.00282712
0.00269888
0.00216856
0.00241568
0.00175603
0.00144015
0.00124669
0.00109963
0.000835623
0.000691849
0.000571392
0.000386435
0.000166915
0.000180583
0.000129415
5.00946e-05
7.12324e-06
1.41807e-05
0
0
0
0
0
0
0
0
0
0
0
0
0
0
0
0
0
0
0
0
0
0
0
0
0
0
0
0
0
0
0
0
0
0
0
0
0
0
0
0
0
0
0
0
0
0
0
0
0
0
0
0
0
0
0
0
0
0
0
0
0
0
0
0
0
0
0
