0.0857174
0.0731463
0.121872
0.0897926
0.236503
0.200761
0.163066
0.206458
0.119528
0.15089
0.225705
0.112671
0.115363
0.148089
0.0768781
0.116117
0.272156
0.17712
0.0871999
0.120221
0.242547
0.0592973
0.107971
0.146712
0.217671
0.168334
0.164403
0.214684
0.195763
0.0950878
0.196986
0.157156
0.152306
0.149882
0.153071
0.157224
0.146245
0.1676
0.144372
0.0556746
0.103962
0.158344
0.0815229
0.228641
0.109339
0.140942
0.188231
0.159895
0.0936142
0.182203
0.185847
0.239538
0.150722
0.17696
0.246832
0.120528
0.117651
0.133277
0.187669
0.174678
