0
0
0
0
0
0
0
0
0
0
0
0
0
0
0
0
0
0
0
0
0
0
0
0
0
0
0
0
0
0
0
0
0
0
0
0
0
0
0
0
0
0
0.00220284
0.026284
0.145673
0.554477
1.10961
1.82874
2.48653
2.76869
2.89259
2.80385
2.63454
2.25061
2.0596
1.74772
1.60975
1.41284
1.29926
1.22842
1.06585
1.00307
0.939141
0.848616
0.840678
0.802684
0.79627
0.721328
0.715684
0.66723
0.670451
0.630424
0.660465
0.641879
0.642685
0.656485
0.673089
0.702534
0.713805
0.718624
0.745089
0.825157
0.833627
0.818915
0.901624
0.930459
0.973414
0.997284
1.0333
1.09925
1.09234
1.16031
1.14745
1.22408
1.24687
1.22591
1.24144
1.25838
1.24813
1.24146
1.19639
1.17699
1.15887
1.1247
1.10382
1.06262
1.05486
1.02551
0.987769
0.959356
0.929362
0.93149
0.914532
0.914549
0.890146
0.886133
0.880367
0.880288
0.877535
0.878931
0.871391
0.887833
0.903889
0.906919
0.921159
0.927126
0.920607
0.976346
0.964944
0.963386
1.01783
0.98458
1.02734
1.02049
1.0355
1.07348
1.07414
1.0489
1.07529
1.07077
1.07765
1.06118
1.07759
1.0634
1.06112
1.05391
1.05431
1.04893
1.02899
1.03681
1.02062
1.01256
1.00959
1.01303
0.983873
0.978911
0.974808
0.971771
0.949095
0.974064
0.968142
0.965038
0.968039
0.945666
0.948981
0.948733
0.975405
0.950675
0.973829
0.965834
0.968636
0.976718
0.985684
0.983145
0.993534
0.999426
1.01994
1.00923
1.00863
1.01546
1.0217
1.02726
1.02726
1.02916
1.03626
1.03171
1.01862
1.02148
1.02461
1.02285
1.01878
1.00404
1.02107
1.02075
0.994028
1.01803
1.00352
1.00501
0.996732
0.999561
0.99689
0.983345
0.984427
0.986882
0.98948
0.982935
0.977264
0.979372
0.984096
0.982928
0.979133
0.991155
0.983567
0.995629
0.987492
1.00349
0.990978
1.00001
0.991213
0.999833
0.995777
0.990699
1.00339
1.02128
0.9957
1.01819
1.00984
1.0044
1.01133
1.01114
1.00741
1.0181
1.01157
1.01022
1.003
1.00433
0.995603
1.01739
0.992091
1.01434
1.00063
1.00137
1.00202
0.999781
0.996212
1.00165
0.995304
0.991369
0.997163
0.999253
0.981843
0.983171
0.959485
0.949918
0.935065
0.934526
0.917305
0.905063
0.892805
0.887532
0.879764
0.870081
0.85385
0.848384
0.84164
0.816798
0.815358
0.809801
0.803421
0.779365
0.776359
0.76528
0.7582
0.745564
0.733119
0.72875
0.715343
0.700354
0.693795
0.68535
0.669777
0.672006
0.649109
0.645478
0.63296
0.627411
0.622991
0.607545
0.604201
0.583679
0.584759
0.572911
0.563884
0.552404
0.544943
0.542674
0.527116
0.511665
0.511927
0.494763
0.493304
0.488527
0.482302
0.468352
0.466611
0.455013
0.447094
0.442991
0.436424
0.423723
0.416066
0.407802
0.403199
0.39134
0.386583
0.373783
0.371564
0.364609
0.352497
0.348306
0.338389
0.333362
0.324966
0.317847
0.309467
0.30479
0.295274
0.290728
0.284112
0.276509
0.270084
0.260093
0.258423
0.24897
0.240353
0.237473
0.227613
0.225812
0.21349
0.208661
0.200333
0.198002
0.18986
0.184642
0.175928
0.170978
0.166993
0.156494
0.149455
0.146565
0.138945
0.133035
0.127189
0.121679
0.118397
0.111058
0.105614
0.102845
0.0996558
0.0933605
0.090593
0.0855711
0.0832829
0.0793774
0.075753
0.0731201
0.0692263
0.0668909
0.0644919
0.0606753
0.0610004
0.0567372
0.0539382
0.0519099
0.0490798
0.0474924
0.0437459
0.0425791
0.0411601
0.0387333
0.0363452
0.0362916
0.0345519
0.0326405
0.0317577
0.0288087
0.0280206
0.0262995
0.0257161
0.0235517
0.0220744
0.0209753
0.0193964
0.0184499
0.0178836
0.0164324
0.0160838
0.0147313
0.0133671
0.0128141
0.0116588
0.00998407
0.00987312
0.00927438
0.00913131
0.00867496
0.00751266
0.00688879
0.00616363
0.00622847
0.00533632
0.00461725
0.00432597
0.00432835
0.00335799
0.00289242
0.00277534
0.002374
0.00222636
0.00182009
0.0014064
0.00116458
0.00106991
0.00085411
0.00073969
0.000450521
0.000404663
0.000228601
0.000227535
0.000150984
6.44073e-05
2.13697e-05
0
0
0
0
0
0
0
0
0
0
0
0
0
0
0
0
0
0
0
0
0
0
0
0
0
0
0
0
0
0
0
0
0
0
0
0
0
0
0
0
0
0
0
0
0
0
0
0
0
0
0
0
0
0
0
0
0
0
0
0
0
0
0
0
0
0
0
0
